1

60
166.0 16.0
382.2 32.7
300.0 67.0
300.0 67.0
379.1 68.4
451.0 49.0
451.0 49.0
364.4 102.7
313.0 200.0
313.0 200.0
513.9 227.4
379.0 395.0
379.0 395.0
423.1 396.6
435.0 385.0
435.0 385.0
377.7 420.9
337.0 475.0
337.0 475.0
317.0 491.2
347.0 427.0
347.0 427.0
312.1 462.3
257.0 443.0
257.0 443.0
325.3 428.6
257.0 406.0
257.0 406.0
355.6 422.3
364.0 362.0
364.0 362.0
235.9 393.7
121.0 340.0
121.0 340.0
109.0 437.4
212.0 397.0
212.0 397.0
131.4 436.5
221.0 436.0
221.0 436.0
125.6 442.3
174.0 485.0
174.0 485.0
94.4 448.7
59.0 382.0
59.0 382.0
87.5 404.1
102.0 409.0
102.0 409.0
-8.5 192.7
194.0 191.0
194.0 191.0
147.6 109.3
45.0 75.0
45.0 75.0
240.6 45.3
141.0 60.0
141.0 60.0
142.3 28.7
166.0 16.0


2

9
171.0 26.0
207.0 32.1
200.0 55.0
200.0 55.0
165.0 -9.6
153.0 63.0
153.0 63.0
152.6 46.4
171.0 26.0


3

3
304.0 31.0
348.5 54.9
304.0 31.0


4

3
205.0 37.0
291.6 72.8
205.0 37.0


5

6
275.0 42.0
346.8 47.7
246.0 46.0
246.0 46.0
275.6 55.7
275.0 42.0


6

3
169.0 43.0
232.3 74.0
169.0 43.0


7

3
288.0 48.0
349.7 58.2
288.0 48.0


8

3
224.0 54.0
205.5 57.7
224.0 54.0


9

3
437.0 54.0
297.0 115.5
437.0 54.0


10

3
259.0 55.0
297.4 54.6
259.0 55.0


11

6
441.0 58.0
406.0 79.7
348.0 106.0
348.0 106.0
416.2 103.6
441.0 58.0


12

12
277.0 59.0
313.2 105.2
255.0 86.0
255.0 86.0
302.0 160.0
229.0 201.0
229.0 201.0
332.3 117.2
296.0 201.0
296.0 201.0
407.0 59.4
277.0 59.0


13

12
237.0 62.0
69.5 66.4
239.0 220.0
239.0 220.0
174.5 117.7
248.0 181.0
248.0 181.0
225.7 137.5
250.0 79.0
250.0 79.0
195.1 113.4
237.0 62.0


14

3
274.0 68.0
219.5 75.8
274.0 68.0


15

3
198.0 74.0
224.6 85.3
198.0 74.0


16

3
61.0 77.0
193.5 99.7
61.0 77.0


17

3
258.0 78.0
298.1 108.7
258.0 78.0


18

3
241.0 81.0
205.5 97.3
241.0 81.0


19

3
59.0 82.0
179.7 124.5
59.0 82.0


20

3
337.0 82.0
364.4 104.7
337.0 82.0


21

3
156.0 86.0
166.7 111.0
156.0 86.0


22

18
254.0 86.0
254.5 86.0
255.0 86.0
255.0 86.0
255.0 85.5
255.0 85.0
255.0 85.0
255.0 84.5
255.0 84.0
255.0 84.0
254.5 84.0
254.0 84.0
254.0 84.0
254.0 84.5
254.0 85.0
254.0 85.0
254.0 85.5
254.0 86.0


23

3
351.0 87.0
322.7 89.2
351.0 87.0


24

3
143.0 93.0
190.0 95.2
143.0 93.0


25

6
274.0 141.0
233.0 58.6
251.0 173.0
251.0 173.0
281.9 175.2
274.0 141.0


26

9
153.0 182.0
134.3 313.3
277.0 220.0
277.0 220.0
234.5 231.9
167.0 236.0
167.0 236.0
229.2 199.5
153.0 182.0


27

6
108.0 189.0
129.2 259.0
142.0 179.0
142.0 179.0
121.1 228.6
108.0 189.0


28

9
362.0 198.0
321.8 203.4
255.0 201.0
255.0 201.0
366.2 255.0
243.0 238.0
243.0 238.0
348.6 313.5
362.0 198.0


29

6
371.0 217.0
419.2 223.1
354.0 211.0
354.0 211.0
419.4 277.0
371.0 217.0


30

3
95.0 219.0
62.4 238.5
95.0 219.0


31

3
112.0 236.0
51.1 270.9
112.0 236.0


32

3
403.0 243.0
453.5 285.1
403.0 243.0


33

3
134.0 244.0
75.2 267.7
134.0 244.0


34

12
76.0 245.0
76.5 245.0
77.0 245.0
77.0 245.0
77.0 244.5
77.0 244.0
77.0 244.0
76.5 244.0
76.0 244.0
76.0 244.0
76.0 244.5
76.0 245.0


35

3
75.0 247.0
54.9 351.3
75.0 247.0


36

12
233.0 250.0
313.4 261.5
296.0 369.0
296.0 369.0
332.7 365.7
331.0 319.0
331.0 319.0
226.7 175.4
180.0 337.0
180.0 337.0
218.2 280.1
233.0 250.0


37

24
122.0 256.0
122.5 256.0
123.0 256.0
123.0 256.0
123.5 256.0
124.0 256.0
124.0 256.0
124.0 255.5
124.0 255.0
124.0 255.0
124.0 254.5
124.0 254.0
124.0 254.0
123.5 254.0
123.0 254.0
123.0 254.0
123.0 254.5
123.0 255.0
123.0 255.0
122.5 255.0
122.0 255.0
122.0 255.0
122.0 255.5
122.0 256.0


38

3
231.0 256.0
269.0 283.3
231.0 256.0


39

3
121.0 258.0
46.6 339.9
121.0 258.0


40

3
380.0 260.0
443.3 279.5
380.0 260.0


41

3
151.0 266.0
88.5 279.3
151.0 266.0


42

3
215.0 266.0
262.9 314.1
215.0 266.0


43

3
270.0 266.0
229.6 292.7
270.0 266.0


44

6
346.0 266.0
383.1 283.1
398.0 331.0
398.0 331.0
407.5 242.2
346.0 266.0


45

3
348.0 277.0
329.7 313.5
348.0 277.0


46

3
141.0 279.0
80.9 359.6
141.0 279.0


47

6
181.0 279.0
108.0 304.1
172.0 297.0
172.0 297.0
114.1 382.4
181.0 279.0


48

3
293.0 280.0
259.1 305.4
293.0 280.0


49

3
199.0 281.0
234.6 306.7
199.0 281.0


50

6
352.0 282.0
379.5 333.2
334.0 301.0
334.0 301.0
403.8 375.8
352.0 282.0


51

3
398.0 284.0
423.7 422.5
398.0 284.0


52

3
250.0 288.0
284.6 320.8
250.0 288.0


53

3
410.0 291.0
455.3 343.2
410.0 291.0


54

6
226.0 294.0
175.2 426.7
205.0 311.0
205.0 311.0
240.3 375.1
226.0 294.0


55

3
297.0 301.0
250.0 332.2
297.0 301.0


56

3
101.0 303.0
63.4 376.4
101.0 303.0


57

3
254.0 306.0
232.5 317.8
254.0 306.0


58

12
334.0 306.0
334.5 306.0
335.0 306.0
335.0 306.0
335.0 305.5
335.0 305.0
335.0 305.0
334.5 305.0
334.0 305.0
334.0 305.0
334.0 305.5
334.0 306.0


59

3
219.0 307.0
253.6 340.3
219.0 307.0


60

3
335.0 314.0
369.2 335.6
335.0 314.0


61

12
376.0 315.0
376.5 315.0
377.0 315.0
377.0 315.0
377.0 314.5
377.0 314.0
377.0 314.0
376.5 314.0
376.0 314.0
376.0 314.0
376.0 314.5
376.0 315.0


62

3
244.0 319.0
296.3 378.3
244.0 319.0


63

30
341.0 321.0
341.5 321.0
342.0 321.0
342.0 321.0
342.0 321.5
342.0 322.0
342.0 322.0
342.5 322.0
343.0 322.0
343.0 322.0
343.0 321.5
343.0 321.0
343.0 321.0
343.0 320.5
343.0 320.0
343.0 320.0
342.5 320.0
342.0 320.0
342.0 320.0
342.0 319.5
342.0 319.0
342.0 319.0
341.5 319.0
341.0 319.0
341.0 319.0
341.0 319.5
341.0 320.0
341.0 320.0
341.0 320.5
341.0 321.0


64

18
378.0 323.0
378.5 323.0
379.0 323.0
379.0 323.0
379.0 322.5
379.0 322.0
379.0 322.0
379.0 321.5
379.0 321.0
379.0 321.0
378.5 321.0
378.0 321.0
378.0 321.0
378.0 321.5
378.0 322.0
378.0 322.0
378.0 322.5
378.0 323.0


65

36
402.0 323.0
402.5 323.0
403.0 323.0
403.0 323.0
403.0 322.5
403.0 322.0
403.0 322.0
403.0 321.5
403.0 321.0
403.0 321.0
403.0 320.5
403.0 320.0
403.0 320.0
403.0 319.5
403.0 319.0
403.0 319.0
403.0 318.5
403.0 318.0
403.0 318.0
402.5 318.0
402.0 318.0
402.0 318.0
402.0 318.5
402.0 319.0
402.0 319.0
402.0 319.5
402.0 320.0
402.0 320.0
402.0 320.5
402.0 321.0
402.0 321.0
402.0 321.5
402.0 322.0
402.0 322.0
402.0 322.5
402.0 323.0


66

6
379.0 328.0
390.2 376.6
347.0 327.0
347.0 327.0
389.6 391.4
379.0 328.0


67

3
386.0 329.0
411.8 376.8
386.0 329.0


68

3
332.0 331.0
373.2 354.7
332.0 331.0


69

3
117.0 332.0
89.3 360.5
117.0 332.0


70

12
120.0 337.0
120.5 337.0
121.0 337.0
121.0 337.0
121.0 336.5
121.0 336.0
121.0 336.0
120.5 336.0
120.0 336.0
120.0 336.0
120.0 336.5
120.0 337.0


71

3
165.0 342.0
190.3 351.8
165.0 342.0


72

3
112.0 347.0
88.4 396.1
112.0 347.0


73

3
181.0 348.0
178.3 387.0
181.0 348.0


74

3
323.0 349.0
359.9 356.7
323.0 349.0


75

12
88.0 358.0
88.5 358.0
89.0 358.0
89.0 358.0
89.0 357.5
89.0 357.0
89.0 357.0
88.5 357.0
88.0 357.0
88.0 357.0
88.0 357.5
88.0 358.0


76

3
267.0 361.0
304.8 371.9
267.0 361.0


77

3
326.0 361.0
280.2 400.0
326.0 361.0


78

3
387.0 365.0
389.2 393.7
387.0 365.0


79

3
288.0 371.0
292.2 393.2
288.0 371.0


80

3
292.0 375.0
297.4 410.8
292.0 375.0


81

3
378.0 383.0
390.8 412.0
378.0 383.0


82

3
101.0 386.0
127.9 417.8
101.0 386.0


83

3
415.0 390.0
305.3 433.6
415.0 390.0


84

3
368.0 395.0
410.8 435.2
368.0 395.0


85

3
73.0 396.0
89.3 428.2
73.0 396.0


86

3
76.0 405.0
97.5 426.6
76.0 405.0


87

3
187.0 407.0
217.9 438.3
187.0 407.0


88

3
332.0 407.0
378.6 452.4
332.0 407.0


89

3
173.0 409.0
173.1 428.5
173.0 409.0


90

3
107.0 410.0
94.1 432.0
107.0 410.0


91

3
273.0 410.0
319.3 429.1
273.0 410.0


92

3
331.0 411.0
332.5 429.1
331.0 411.0


93

3
134.0 413.0
97.5 451.6
134.0 413.0


94

3
316.0 415.0
307.1 427.7
316.0 415.0


95

3
148.0 416.0
111.1 473.7
148.0 416.0


96

3
332.0 429.0
255.4 447.6
332.0 429.0


97

3
161.0 434.0
142.0 452.6
161.0 434.0


98

66
179.0 434.0
179.5 434.0
180.0 434.0
180.0 434.0
180.0 434.5
180.0 435.0
180.0 435.0
180.0 435.5
180.0 436.0
180.0 436.0
180.0 436.5
180.0 437.0
180.0 437.0
180.0 437.5
180.0 438.0
180.0 438.0
179.5 438.0
179.0 438.0
179.0 438.0
179.0 438.5
179.0 439.0
179.0 439.0
179.0 439.5
179.0 440.0
179.0 440.0
178.5 440.0
178.0 440.0
178.0 440.0
178.0 440.5
178.0 441.0
178.0 441.0
177.5 441.0
177.0 441.0
177.0 441.0
176.5 441.0
176.0 441.0
176.0 441.0
176.0 440.5
176.0 440.0
176.0 440.0
176.5 440.0
177.0 440.0
177.0 440.0
177.0 439.5
177.0 439.0
177.0 439.0
177.0 438.5
177.0 438.0
177.0 438.0
177.5 438.0
178.0 438.0
178.0 438.0
178.0 437.5
178.0 437.0
178.0 437.0
178.0 436.5
178.0 436.0
178.0 436.0
178.0 435.5
178.0 435.0
178.0 435.0
178.5 435.0
179.0 435.0
179.0 435.0
179.0 434.5
179.0 434.0


99

3
358.0 438.0
355.0 472.4
358.0 438.0


100

3
161.0 441.0
229.8 444.4
161.0 441.0


101

3
348.0 453.0
349.9 484.7
348.0 453.0


102

3
136.0 460.0
166.3 483.9
136.0 460.0


103

12
340.0 464.0
340.5 464.0
341.0 464.0
341.0 464.0
341.0 463.5
341.0 463.0
341.0 463.0
340.5 463.0
340.0 463.0
340.0 463.0
340.0 463.5
340.0 464.0


104

3
339.0 465.0
352.4 506.2
339.0 465.0


105

3
145.0 470.0
175.9 497.4
145.0 470.0


106

18
445.0 497.0
445.5 497.0
446.0 497.0
446.0 497.0
446.5 497.0
447.0 497.0
447.0 497.0
447.0 497.5
447.0 498.0
447.0 498.0
446.5 498.0
446.0 498.0
446.0 498.0
445.5 498.0
445.0 498.0
445.0 498.0
445.0 497.5
445.0 497.0


