1

80
362.0 36.0
395.0 40.0
395.0 40.0
461.0 55.0
461.0 55.0
516.0 73.0
516.0 73.0
540.0 88.0
540.0 88.0
546.0 104.0
546.0 104.0
552.0 141.0
552.0 141.0
556.0 209.0
556.0 209.0
554.0 272.0
554.0 272.0
546.0 300.0
546.0 300.0
513.0 323.0
513.0 323.0
433.0 362.0
433.0 362.0
429.0 417.0
429.0 417.0
423.0 435.0
423.0 435.0
416.0 442.0
416.0 442.0
340.0 487.0
340.0 487.0
319.0 494.0
319.0 494.0
316.0 498.0
316.0 498.0
297.0 506.0
297.0 506.0
291.0 506.0
291.0 506.0
290.0 509.0
290.0 509.0
283.0 510.0
283.0 510.0
284.0 512.0
284.0 512.0
258.0 513.0
258.0 513.0
209.0 500.0
209.0 500.0
127.0 471.0
127.0 471.0
84.0 451.0
84.0 451.0
77.0 446.0
77.0 446.0
71.0 432.0
71.0 432.0
65.0 368.0
65.0 368.0
70.0 265.0
70.0 265.0
74.0 238.0
74.0 238.0
83.0 216.0
83.0 216.0
118.0 198.0
118.0 198.0
194.0 174.0
194.0 174.0
201.0 106.0
201.0 106.0
204.0 94.0
204.0 94.0
213.0 82.0
213.0 82.0
266.0 60.0
266.0 60.0
333.0 41.0
333.0 41.0
362.0 36.0


2

50
371.0 48.0
378.0 47.0
378.0 47.0
356.0 45.0
356.0 45.0
308.0 56.0
308.0 56.0
248.0 75.0
248.0 75.0
236.0 80.0
236.0 80.0
234.0 84.0
234.0 84.0
289.0 93.0
289.0 93.0
333.0 104.0
333.0 104.0
376.0 119.0
376.0 119.0
394.0 129.0
394.0 129.0
438.0 111.0
438.0 111.0
523.0 88.0
523.0 88.0
506.0 78.0
506.0 78.0
482.0 70.0
482.0 70.0
391.0 48.0
391.0 48.0
389.0 51.0
389.0 51.0
399.0 58.0
399.0 58.0
398.0 65.0
398.0 65.0
392.0 70.0
392.0 70.0
369.0 73.0
369.0 73.0
353.0 68.0
353.0 68.0
349.0 62.0
349.0 62.0
350.0 56.0
350.0 56.0
357.0 51.0
357.0 51.0
371.0 48.0


3

22
391.0 90.0
416.0 94.0
416.0 94.0
421.0 99.0
421.0 99.0
421.0 108.0
421.0 108.0
414.0 114.0
414.0 114.0
399.0 117.0
399.0 117.0
383.0 116.0
383.0 116.0
373.0 112.0
373.0 112.0
368.0 106.0
368.0 106.0
369.0 99.0
369.0 99.0
376.0 93.0
376.0 93.0
391.0 90.0


4

20
510.0 115.0
520.0 117.0
520.0 117.0
530.0 134.0
530.0 134.0
530.0 152.0
530.0 152.0
526.0 161.0
526.0 161.0
519.0 167.0
519.0 167.0
505.0 164.0
505.0 164.0
497.0 149.0
497.0 149.0
498.0 127.0
498.0 127.0
501.0 121.0
501.0 121.0
510.0 115.0


5

70
232.0 119.0
243.0 120.0
243.0 120.0
252.0 131.0
252.0 131.0
254.0 150.0
254.0 150.0
250.0 166.0
250.0 166.0
284.0 171.0
284.0 171.0
283.0 158.0
283.0 158.0
286.0 147.0
286.0 147.0
293.0 139.0
293.0 139.0
301.0 137.0
301.0 137.0
307.0 139.0
307.0 139.0
316.0 152.0
316.0 152.0
316.0 179.0
316.0 179.0
347.0 187.0
347.0 187.0
350.0 161.0
350.0 161.0
357.0 154.0
357.0 154.0
368.0 153.0
368.0 153.0
376.0 160.0
376.0 160.0
380.0 169.0
380.0 169.0
381.0 186.0
381.0 186.0
378.0 197.0
378.0 197.0
402.0 206.0
402.0 206.0
401.0 174.0
401.0 174.0
394.0 139.0
394.0 139.0
378.0 129.0
378.0 129.0
346.0 117.0
346.0 117.0
261.0 96.0
261.0 96.0
229.0 92.0
229.0 92.0
213.0 94.0
213.0 94.0
206.0 127.0
206.0 127.0
204.0 171.0
204.0 171.0
226.0 167.0
226.0 167.0
221.0 155.0
221.0 155.0
220.0 139.0
220.0 139.0
225.0 125.0
225.0 125.0
232.0 119.0


6

48
404.0 142.0
410.0 171.0
410.0 171.0
412.0 211.0
412.0 211.0
423.0 226.0
423.0 226.0
430.0 275.0
430.0 275.0
448.0 275.0
448.0 275.0
454.0 282.0
454.0 282.0
458.0 295.0
458.0 295.0
457.0 311.0
457.0 311.0
452.0 322.0
452.0 322.0
444.0 327.0
444.0 327.0
433.0 326.0
433.0 326.0
433.0 350.0
433.0 350.0
436.0 350.0
436.0 350.0
515.0 310.0
515.0 310.0
540.0 292.0
540.0 292.0
545.0 266.0
545.0 266.0
547.0 215.0
547.0 215.0
543.0 143.0
543.0 143.0
536.0 101.0
536.0 101.0
533.0 96.0
533.0 96.0
528.0 96.0
528.0 96.0
451.0 116.0
451.0 116.0
405.0 134.0
405.0 134.0
404.0 142.0


7

20
433.0 143.0
446.0 145.0
446.0 145.0
455.0 160.0
455.0 160.0
454.0 183.0
454.0 183.0
450.0 190.0
450.0 190.0
442.0 195.0
442.0 195.0
430.0 192.0
430.0 192.0
422.0 178.0
422.0 178.0
422.0 157.0
422.0 157.0
427.0 147.0
427.0 147.0
433.0 143.0


8

18
258.0 197.0
285.0 200.0
285.0 200.0
292.0 206.0
292.0 206.0
293.0 213.0
293.0 213.0
288.0 219.0
288.0 219.0
272.0 224.0
272.0 224.0
245.0 220.0
245.0 220.0
239.0 214.0
239.0 214.0
240.0 205.0
240.0 205.0
258.0 197.0


9

28
108.0 215.0
189.0 230.0
189.0 230.0
240.0 246.0
240.0 246.0
270.0 262.0
270.0 262.0
328.0 238.0
328.0 238.0
402.0 219.0
402.0 219.0
402.0 216.0
402.0 216.0
392.0 211.0
392.0 211.0
361.0 200.0
361.0 200.0
251.0 174.0
251.0 174.0
232.0 174.0
232.0 174.0
172.0 189.0
172.0 189.0
116.0 208.0
116.0 208.0
108.0 212.0
108.0 212.0
108.0 215.0


10

20
514.0 234.0
521.0 235.0
521.0 235.0
527.0 240.0
527.0 240.0
534.0 258.0
534.0 258.0
532.0 276.0
532.0 276.0
521.0 288.0
521.0 288.0
508.0 285.0
508.0 285.0
499.0 266.0
499.0 266.0
500.0 248.0
500.0 248.0
504.0 240.0
504.0 240.0
514.0 234.0


11

18
387.0 242.0
400.0 245.0
400.0 245.0
408.0 262.0
408.0 262.0
407.0 282.0
407.0 282.0
403.0 290.0
403.0 290.0
393.0 296.0
393.0 296.0
383.0 293.0
383.0 293.0
374.0 277.0
374.0 277.0
376.0 252.0
376.0 252.0
387.0 242.0


12

16
106.0 251.0
120.0 254.0
120.0 254.0
127.0 268.0
127.0 268.0
126.0 290.0
126.0 290.0
114.0 304.0
114.0 304.0
101.0 301.0
101.0 301.0
93.0 284.0
93.0 284.0
95.0 264.0
95.0 264.0
106.0 251.0


13

36
280.0 275.0
285.0 300.0
285.0 300.0
288.0 368.0
288.0 368.0
286.0 443.0
286.0 443.0
279.0 494.0
279.0 494.0
279.0 499.0
279.0 499.0
283.0 499.0
283.0 499.0
354.0 467.0
354.0 467.0
392.0 446.0
392.0 446.0
415.0 429.0
415.0 429.0
419.0 416.0
419.0 416.0
423.0 376.0
423.0 376.0
423.0 302.0
423.0 302.0
418.0 248.0
418.0 248.0
412.0 227.0
412.0 227.0
371.0 235.0
371.0 235.0
302.0 257.0
302.0 257.0
280.0 267.0
280.0 267.0
280.0 275.0


14

20
232.0 286.0
245.0 287.0
245.0 287.0
255.0 302.0
255.0 302.0
254.0 326.0
254.0 326.0
250.0 334.0
250.0 334.0
240.0 340.0
240.0 340.0
232.0 339.0
232.0 339.0
226.0 334.0
226.0 334.0
221.0 320.0
221.0 320.0
221.0 304.0
221.0 304.0
232.0 286.0


15

34
75.0 310.0
75.0 386.0
75.0 386.0
79.0 424.0
79.0 424.0
84.0 439.0
84.0 439.0
107.0 452.0
107.0 452.0
158.0 472.0
158.0 472.0
230.0 495.0
230.0 495.0
266.0 503.0
266.0 503.0
273.0 473.0
273.0 473.0
278.0 395.0
278.0 395.0
277.0 327.0
277.0 327.0
270.0 273.0
270.0 273.0
250.0 260.0
250.0 260.0
195.0 241.0
195.0 241.0
139.0 228.0
139.0 228.0
88.0 223.0
88.0 223.0
80.0 256.0
80.0 256.0
75.0 310.0


16

18
352.0 327.0
365.0 329.0
365.0 329.0
374.0 344.0
374.0 344.0
373.0 368.0
373.0 368.0
361.0 381.0
361.0 381.0
353.0 381.0
353.0 381.0
347.0 377.0
347.0 377.0
340.0 362.0
340.0 362.0
341.0 341.0
341.0 341.0
352.0 327.0


17

18
168.0 331.0
181.0 334.0
181.0 334.0
190.0 352.0
190.0 352.0
188.0 372.0
188.0 372.0
178.0 385.0
178.0 385.0
165.0 384.0
165.0 384.0
158.0 376.0
158.0 376.0
155.0 366.0
155.0 366.0
158.0 341.0
158.0 341.0
168.0 331.0


18

20
105.0 373.0
117.0 376.0
117.0 376.0
125.0 392.0
125.0 392.0
123.0 416.0
123.0 416.0
112.0 428.0
112.0 428.0
100.0 426.0
100.0 426.0
93.0 417.0
93.0 417.0
91.0 408.0
91.0 408.0
92.0 387.0
92.0 387.0
99.0 376.0
99.0 376.0
105.0 373.0


19

20
311.0 412.0
323.0 417.0
323.0 417.0
330.0 435.0
330.0 435.0
328.0 456.0
328.0 456.0
317.0 468.0
317.0 468.0
309.0 468.0
309.0 468.0
302.0 464.0
302.0 464.0
295.0 449.0
295.0 449.0
297.0 424.0
297.0 424.0
304.0 415.0
304.0 415.0
311.0 412.0


20

22
231.0 420.0
240.0 420.0
240.0 420.0
246.0 424.0
246.0 424.0
253.0 440.0
253.0 440.0
252.0 460.0
252.0 460.0
247.0 470.0
247.0 470.0
240.0 475.0
240.0 475.0
226.0 472.0
226.0 472.0
218.0 456.0
218.0 456.0
220.0 432.0
220.0 432.0
224.0 424.0
224.0 424.0
231.0 420.0


