1

1764
362.0 36.0
368.0 36.0
368.0 36.0
368.0 37.0
368.0 37.0
378.0 37.0
378.0 37.0
378.0 38.0
378.0 38.0
384.0 38.0
384.0 38.0
384.0 39.0
384.0 39.0
388.0 39.0
388.0 39.0
388.0 40.0
388.0 40.0
395.0 40.0
395.0 40.0
395.0 41.0
395.0 41.0
400.0 41.0
400.0 41.0
400.0 42.0
400.0 42.0
404.0 42.0
404.0 42.0
404.0 43.0
404.0 43.0
410.0 43.0
410.0 43.0
410.0 44.0
410.0 44.0
414.0 44.0
414.0 44.0
414.0 45.0
414.0 45.0
420.0 45.0
420.0 45.0
420.0 46.0
420.0 46.0
424.0 46.0
424.0 46.0
424.0 47.0
424.0 47.0
427.0 47.0
427.0 47.0
427.0 48.0
427.0 48.0
432.0 48.0
432.0 48.0
432.0 49.0
432.0 49.0
436.0 49.0
436.0 49.0
436.0 50.0
436.0 50.0
440.0 50.0
440.0 50.0
440.0 51.0
440.0 51.0
445.0 51.0
445.0 51.0
445.0 52.0
445.0 52.0
448.0 52.0
448.0 52.0
448.0 53.0
448.0 53.0
452.0 53.0
452.0 53.0
452.0 54.0
452.0 54.0
456.0 54.0
456.0 54.0
456.0 55.0
456.0 55.0
461.0 55.0
461.0 55.0
461.0 56.0
461.0 56.0
464.0 56.0
464.0 56.0
464.0 57.0
464.0 57.0
467.0 57.0
467.0 57.0
467.0 58.0
467.0 58.0
471.0 58.0
471.0 58.0
471.0 59.0
471.0 59.0
474.0 59.0
474.0 59.0
474.0 60.0
474.0 60.0
478.0 60.0
478.0 60.0
478.0 61.0
478.0 61.0
481.0 61.0
481.0 61.0
481.0 62.0
481.0 62.0
484.0 62.0
484.0 62.0
484.0 63.0
484.0 63.0
487.0 63.0
487.0 63.0
487.0 64.0
487.0 64.0
490.0 64.0
490.0 64.0
490.0 65.0
490.0 65.0
493.0 65.0
493.0 65.0
493.0 66.0
493.0 66.0
497.0 66.0
497.0 66.0
497.0 67.0
497.0 67.0
500.0 67.0
500.0 67.0
500.0 68.0
500.0 68.0
503.0 68.0
503.0 68.0
503.0 69.0
503.0 69.0
505.0 69.0
505.0 69.0
505.0 70.0
505.0 70.0
508.0 70.0
508.0 70.0
508.0 71.0
508.0 71.0
510.0 71.0
510.0 71.0
510.0 72.0
510.0 72.0
513.0 72.0
513.0 72.0
513.0 73.0
513.0 73.0
516.0 73.0
516.0 73.0
516.0 74.0
516.0 74.0
518.0 74.0
518.0 74.0
518.0 75.0
518.0 75.0
520.0 75.0
520.0 75.0
520.0 76.0
520.0 76.0
523.0 76.0
523.0 76.0
523.0 77.0
523.0 77.0
524.0 77.0
524.0 77.0
524.0 78.0
524.0 78.0
526.0 78.0
526.0 78.0
526.0 79.0
526.0 79.0
529.0 79.0
529.0 79.0
529.0 80.0
529.0 80.0
530.0 80.0
530.0 80.0
530.0 81.0
530.0 81.0
532.0 81.0
532.0 81.0
532.0 82.0
532.0 82.0
534.0 82.0
534.0 82.0
534.0 83.0
534.0 83.0
535.0 83.0
535.0 83.0
535.0 84.0
535.0 84.0
536.0 84.0
536.0 84.0
536.0 85.0
536.0 85.0
537.0 85.0
537.0 85.0
537.0 86.0
537.0 86.0
538.0 86.0
538.0 86.0
538.0 87.0
538.0 87.0
539.0 87.0
539.0 87.0
539.0 88.0
539.0 88.0
540.0 88.0
540.0 88.0
540.0 90.0
540.0 90.0
541.0 90.0
541.0 90.0
541.0 92.0
541.0 92.0
542.0 92.0
542.0 92.0
542.0 95.0
542.0 95.0
543.0 95.0
543.0 95.0
543.0 98.0
543.0 98.0
544.0 98.0
544.0 98.0
544.0 101.0
544.0 101.0
545.0 101.0
545.0 101.0
545.0 104.0
545.0 104.0
546.0 104.0
546.0 104.0
546.0 109.0
546.0 109.0
547.0 109.0
547.0 109.0
547.0 114.0
547.0 114.0
548.0 114.0
548.0 114.0
548.0 120.0
548.0 120.0
549.0 120.0
549.0 120.0
549.0 127.0
549.0 127.0
550.0 127.0
550.0 127.0
550.0 134.0
550.0 134.0
551.0 134.0
551.0 134.0
551.0 141.0
551.0 141.0
552.0 141.0
552.0 141.0
552.0 152.0
552.0 152.0
553.0 152.0
553.0 152.0
553.0 164.0
553.0 164.0
554.0 164.0
554.0 164.0
554.0 177.0
554.0 177.0
555.0 177.0
555.0 177.0
555.0 209.0
555.0 209.0
556.0 209.0
556.0 209.0
556.0 238.0
556.0 238.0
555.0 238.0
555.0 238.0
555.0 260.0
555.0 260.0
554.0 260.0
554.0 260.0
554.0 272.0
554.0 272.0
553.0 272.0
553.0 272.0
553.0 279.0
553.0 279.0
552.0 279.0
552.0 279.0
552.0 286.0
552.0 286.0
551.0 286.0
551.0 286.0
551.0 289.0
551.0 289.0
550.0 289.0
550.0 289.0
550.0 292.0
550.0 292.0
549.0 292.0
549.0 292.0
549.0 295.0
549.0 295.0
548.0 295.0
548.0 295.0
548.0 296.0
548.0 296.0
547.0 296.0
547.0 296.0
547.0 298.0
547.0 298.0
546.0 298.0
546.0 298.0
546.0 300.0
546.0 300.0
545.0 300.0
545.0 300.0
545.0 301.0
545.0 301.0
544.0 301.0
544.0 301.0
544.0 302.0
544.0 302.0
542.0 302.0
542.0 302.0
542.0 304.0
542.0 304.0
540.0 304.0
540.0 304.0
540.0 305.0
540.0 305.0
539.0 305.0
539.0 305.0
539.0 306.0
539.0 306.0
537.0 306.0
537.0 306.0
537.0 307.0
537.0 307.0
536.0 307.0
536.0 307.0
536.0 308.0
536.0 308.0
534.0 308.0
534.0 308.0
534.0 309.0
534.0 309.0
533.0 309.0
533.0 309.0
533.0 310.0
533.0 310.0
531.0 310.0
531.0 310.0
531.0 311.0
531.0 311.0
530.0 311.0
530.0 311.0
530.0 312.0
530.0 312.0
529.0 312.0
529.0 312.0
529.0 313.0
529.0 313.0
527.0 313.0
527.0 313.0
527.0 314.0
527.0 314.0
525.0 314.0
525.0 314.0
525.0 315.0
525.0 315.0
524.0 315.0
524.0 315.0
524.0 316.0
524.0 316.0
522.0 316.0
522.0 316.0
522.0 317.0
522.0 317.0
521.0 317.0
521.0 317.0
521.0 318.0
521.0 318.0
518.0 318.0
518.0 318.0
518.0 319.0
518.0 319.0
517.0 319.0
517.0 319.0
517.0 320.0
517.0 320.0
515.0 320.0
515.0 320.0
515.0 321.0
515.0 321.0
513.0 321.0
513.0 321.0
513.0 323.0
513.0 323.0
510.0 323.0
510.0 323.0
510.0 324.0
510.0 324.0
509.0 324.0
509.0 324.0
509.0 325.0
509.0 325.0
506.0 325.0
506.0 325.0
506.0 326.0
506.0 326.0
504.0 326.0
504.0 326.0
504.0 327.0
504.0 327.0
502.0 327.0
502.0 327.0
502.0 329.0
502.0 329.0
500.0 329.0
500.0 329.0
500.0 330.0
500.0 330.0
497.0 330.0
497.0 330.0
497.0 331.0
497.0 331.0
495.0 331.0
495.0 331.0
495.0 332.0
495.0 332.0
493.0 332.0
493.0 332.0
493.0 333.0
493.0 333.0
492.0 333.0
492.0 333.0
492.0 334.0
492.0 334.0
489.0 334.0
489.0 334.0
489.0 335.0
489.0 335.0
488.0 335.0
488.0 335.0
488.0 336.0
488.0 336.0
486.0 336.0
486.0 336.0
486.0 337.0
486.0 337.0
483.0 337.0
483.0 337.0
483.0 338.0
483.0 338.0
482.0 338.0
482.0 338.0
482.0 339.0
482.0 339.0
480.0 339.0
480.0 339.0
480.0 340.0
480.0 340.0
478.0 340.0
478.0 340.0
478.0 341.0
478.0 341.0
476.0 341.0
476.0 341.0
476.0 342.0
476.0 342.0
474.0 342.0
474.0 342.0
474.0 343.0
474.0 343.0
472.0 343.0
472.0 343.0
472.0 344.0
472.0 344.0
470.0 344.0
470.0 344.0
470.0 345.0
470.0 345.0
468.0 345.0
468.0 345.0
468.0 346.0
468.0 346.0
466.0 346.0
466.0 346.0
466.0 347.0
466.0 347.0
464.0 347.0
464.0 347.0
464.0 348.0
464.0 348.0
462.0 348.0
462.0 348.0
462.0 349.0
462.0 349.0
460.0 349.0
460.0 349.0
460.0 350.0
460.0 350.0
458.0 350.0
458.0 350.0
458.0 351.0
458.0 351.0
457.0 351.0
457.0 351.0
457.0 352.0
457.0 352.0
454.0 352.0
454.0 352.0
454.0 353.0
454.0 353.0
452.0 353.0
452.0 353.0
452.0 354.0
452.0 354.0
449.0 354.0
449.0 354.0
449.0 355.0
449.0 355.0
448.0 355.0
448.0 355.0
448.0 356.0
448.0 356.0
445.0 356.0
445.0 356.0
445.0 357.0
445.0 357.0
444.0 357.0
444.0 357.0
444.0 358.0
444.0 358.0
440.0 358.0
440.0 358.0
440.0 359.0
440.0 359.0
438.0 359.0
438.0 359.0
438.0 360.0
438.0 360.0
437.0 360.0
437.0 360.0
437.0 361.0
437.0 361.0
435.0 361.0
435.0 361.0
435.0 362.0
435.0 362.0
433.0 362.0
433.0 362.0
433.0 371.0
433.0 371.0
432.0 371.0
432.0 371.0
432.0 391.0
432.0 391.0
431.0 391.0
431.0 391.0
431.0 402.0
431.0 402.0
430.0 402.0
430.0 402.0
430.0 409.0
430.0 409.0
429.0 409.0
429.0 409.0
429.0 417.0
429.0 417.0
428.0 417.0
428.0 417.0
428.0 420.0
428.0 420.0
427.0 420.0
427.0 420.0
427.0 425.0
427.0 425.0
426.0 425.0
426.0 425.0
426.0 428.0
426.0 428.0
425.0 428.0
425.0 428.0
425.0 431.0
425.0 431.0
424.0 431.0
424.0 431.0
424.0 433.0
424.0 433.0
423.0 433.0
423.0 433.0
423.0 435.0
423.0 435.0
422.0 435.0
422.0 435.0
422.0 436.0
422.0 436.0
421.0 436.0
421.0 436.0
421.0 437.0
421.0 437.0
420.0 437.0
420.0 437.0
420.0 438.0
420.0 438.0
419.0 438.0
419.0 438.0
419.0 439.0
419.0 439.0
418.0 439.0
418.0 439.0
418.0 440.0
418.0 440.0
417.0 440.0
417.0 440.0
417.0 441.0
417.0 441.0
416.0 441.0
416.0 441.0
416.0 442.0
416.0 442.0
414.0 442.0
414.0 442.0
414.0 443.0
414.0 443.0
413.0 443.0
413.0 443.0
413.0 444.0
413.0 444.0
412.0 444.0
412.0 444.0
412.0 445.0
412.0 445.0
410.0 445.0
410.0 445.0
410.0 446.0
410.0 446.0
409.0 446.0
409.0 446.0
409.0 447.0
409.0 447.0
408.0 447.0
408.0 447.0
408.0 448.0
408.0 448.0
406.0 448.0
406.0 448.0
406.0 449.0
406.0 449.0
405.0 449.0
405.0 449.0
405.0 450.0
405.0 450.0
404.0 450.0
404.0 450.0
404.0 451.0
404.0 451.0
402.0 451.0
402.0 451.0
402.0 452.0
402.0 452.0
400.0 452.0
400.0 452.0
400.0 453.0
400.0 453.0
398.0 453.0
398.0 453.0
398.0 454.0
398.0 454.0
396.0 454.0
396.0 454.0
396.0 455.0
396.0 455.0
395.0 455.0
395.0 455.0
395.0 456.0
395.0 456.0
394.0 456.0
394.0 456.0
394.0 457.0
394.0 457.0
391.0 457.0
391.0 457.0
391.0 458.0
391.0 458.0
390.0 458.0
390.0 458.0
390.0 459.0
390.0 459.0
388.0 459.0
388.0 459.0
388.0 460.0
388.0 460.0
387.0 460.0
387.0 460.0
387.0 461.0
387.0 461.0
384.0 461.0
384.0 461.0
384.0 462.0
384.0 462.0
382.0 462.0
382.0 462.0
382.0 463.0
382.0 463.0
380.0 463.0
380.0 463.0
380.0 464.0
380.0 464.0
378.0 464.0
378.0 464.0
378.0 465.0
378.0 465.0
376.0 465.0
376.0 465.0
376.0 466.0
376.0 466.0
375.0 466.0
375.0 466.0
375.0 467.0
375.0 467.0
373.0 467.0
373.0 467.0
373.0 468.0
373.0 468.0
371.0 468.0
371.0 468.0
371.0 469.0
371.0 469.0
370.0 469.0
370.0 469.0
370.0 470.0
370.0 470.0
369.0 470.0
369.0 470.0
369.0 471.0
369.0 471.0
368.0 471.0
368.0 471.0
368.0 470.0
368.0 470.0
367.0 470.0
367.0 470.0
367.0 472.0
367.0 472.0
364.0 472.0
364.0 472.0
364.0 473.0
364.0 473.0
362.0 473.0
362.0 473.0
362.0 474.0
362.0 474.0
361.0 474.0
361.0 474.0
361.0 475.0
361.0 475.0
360.0 475.0
360.0 475.0
360.0 476.0
360.0 476.0
356.0 476.0
356.0 476.0
356.0 477.0
356.0 477.0
354.0 477.0
354.0 477.0
354.0 478.0
354.0 478.0
352.0 478.0
352.0 478.0
352.0 480.0
352.0 480.0
349.0 480.0
349.0 480.0
349.0 481.0
349.0 481.0
347.0 481.0
347.0 481.0
347.0 482.0
347.0 482.0
345.0 482.0
345.0 482.0
345.0 484.0
345.0 484.0
342.0 484.0
342.0 484.0
342.0 485.0
342.0 485.0
340.0 485.0
340.0 485.0
340.0 487.0
340.0 487.0
337.0 487.0
337.0 487.0
337.0 488.0
337.0 488.0
333.0 488.0
333.0 488.0
333.0 489.0
333.0 489.0
332.0 489.0
332.0 489.0
332.0 490.0
332.0 490.0
329.0 490.0
329.0 490.0
329.0 491.0
329.0 491.0
326.0 491.0
326.0 491.0
326.0 492.0
326.0 492.0
324.0 492.0
324.0 492.0
324.0 494.0
324.0 494.0
319.0 494.0
319.0 494.0
319.0 495.0
319.0 495.0
318.0 495.0
318.0 495.0
318.0 496.0
318.0 496.0
316.0 496.0
316.0 496.0
316.0 498.0
316.0 498.0
311.0 498.0
311.0 498.0
311.0 500.0
311.0 500.0
308.0 500.0
308.0 500.0
308.0 501.0
308.0 501.0
305.0 501.0
305.0 501.0
305.0 502.0
305.0 502.0
303.0 502.0
303.0 502.0
303.0 503.0
303.0 503.0
299.0 503.0
299.0 503.0
299.0 504.0
299.0 504.0
298.0 504.0
298.0 504.0
298.0 505.0
298.0 505.0
297.0 505.0
297.0 505.0
297.0 506.0
297.0 506.0
291.0 506.0
291.0 506.0
291.0 508.0
291.0 508.0
290.0 508.0
290.0 508.0
290.0 509.0
290.0 509.0
288.0 509.0
288.0 509.0
288.0 508.0
288.0 508.0
287.0 508.0
287.0 508.0
287.0 509.0
287.0 509.0
286.0 509.0
286.0 509.0
286.0 510.0
286.0 510.0
283.0 510.0
283.0 510.0
283.0 511.0
283.0 511.0
284.0 511.0
284.0 511.0
284.0 512.0
284.0 512.0
282.0 512.0
282.0 512.0
282.0 511.0
282.0 511.0
280.0 511.0
280.0 511.0
280.0 512.0
280.0 512.0
275.0 512.0
275.0 512.0
275.0 513.0
275.0 513.0
271.0 513.0
271.0 513.0
271.0 514.0
271.0 514.0
269.0 514.0
269.0 514.0
269.0 513.0
269.0 513.0
261.0 513.0
261.0 513.0
261.0 512.0
261.0 512.0
260.0 512.0
260.0 512.0
260.0 513.0
260.0 513.0
258.0 513.0
258.0 513.0
258.0 512.0
258.0 512.0
256.0 512.0
256.0 512.0
256.0 511.0
256.0 511.0
252.0 511.0
252.0 511.0
252.0 510.0
252.0 510.0
247.0 510.0
247.0 510.0
247.0 509.0
247.0 509.0
242.0 509.0
242.0 509.0
242.0 508.0
242.0 508.0
237.0 508.0
237.0 508.0
237.0 507.0
237.0 507.0
236.0 507.0
236.0 507.0
236.0 506.0
236.0 506.0
231.0 506.0
231.0 506.0
231.0 505.0
231.0 505.0
230.0 505.0
230.0 505.0
230.0 504.0
230.0 504.0
224.0 504.0
224.0 504.0
224.0 503.0
224.0 503.0
220.0 503.0
220.0 503.0
220.0 502.0
220.0 502.0
216.0 502.0
216.0 502.0
216.0 501.0
216.0 501.0
215.0 501.0
215.0 501.0
215.0 500.0
215.0 500.0
209.0 500.0
209.0 500.0
209.0 499.0
209.0 499.0
208.0 499.0
208.0 499.0
208.0 498.0
208.0 498.0
204.0 498.0
204.0 498.0
204.0 497.0
204.0 497.0
202.0 497.0
202.0 497.0
202.0 496.0
202.0 496.0
199.0 496.0
199.0 496.0
199.0 495.0
199.0 495.0
197.0 495.0
197.0 495.0
197.0 494.0
197.0 494.0
192.0 494.0
192.0 494.0
192.0 493.0
192.0 493.0
191.0 493.0
191.0 493.0
191.0 492.0
191.0 492.0
187.0 492.0
187.0 492.0
187.0 491.0
187.0 491.0
184.0 491.0
184.0 491.0
184.0 490.0
184.0 490.0
181.0 490.0
181.0 490.0
181.0 489.0
181.0 489.0
179.0 489.0
179.0 489.0
179.0 488.0
179.0 488.0
175.0 488.0
175.0 488.0
175.0 487.0
175.0 487.0
172.0 487.0
172.0 487.0
172.0 486.0
172.0 486.0
170.0 486.0
170.0 486.0
170.0 485.0
170.0 485.0
165.0 485.0
165.0 485.0
165.0 484.0
165.0 484.0
164.0 484.0
164.0 484.0
164.0 483.0
164.0 483.0
161.0 483.0
161.0 483.0
161.0 482.0
161.0 482.0
158.0 482.0
158.0 482.0
158.0 481.0
158.0 481.0
156.0 481.0
156.0 481.0
156.0 480.0
156.0 480.0
151.0 480.0
151.0 480.0
151.0 479.0
151.0 479.0
150.0 479.0
150.0 479.0
150.0 478.0
150.0 478.0
146.0 478.0
146.0 478.0
146.0 477.0
146.0 477.0
144.0 477.0
144.0 477.0
144.0 476.0
144.0 476.0
141.0 476.0
141.0 476.0
141.0 475.0
141.0 475.0
139.0 475.0
139.0 475.0
139.0 474.0
139.0 474.0
136.0 474.0
136.0 474.0
136.0 473.0
136.0 473.0
133.0 473.0
133.0 473.0
133.0 472.0
133.0 472.0
130.0 472.0
130.0 472.0
130.0 471.0
130.0 471.0
127.0 471.0
127.0 471.0
127.0 470.0
127.0 470.0
125.0 470.0
125.0 470.0
125.0 469.0
125.0 469.0
122.0 469.0
122.0 469.0
122.0 468.0
122.0 468.0
121.0 468.0
121.0 468.0
121.0 467.0
121.0 467.0
119.0 467.0
119.0 467.0
119.0 466.0
119.0 466.0
115.0 466.0
115.0 466.0
115.0 465.0
115.0 465.0
113.0 465.0
113.0 465.0
113.0 464.0
113.0 464.0
110.0 464.0
110.0 464.0
110.0 463.0
110.0 463.0
108.0 463.0
108.0 463.0
108.0 462.0
108.0 462.0
106.0 462.0
106.0 462.0
106.0 461.0
106.0 461.0
105.0 461.0
105.0 461.0
105.0 460.0
105.0 460.0
101.0 460.0
101.0 460.0
101.0 459.0
101.0 459.0
100.0 459.0
100.0 459.0
100.0 458.0
100.0 458.0
98.0 458.0
98.0 458.0
98.0 457.0
98.0 457.0
95.0 457.0
95.0 457.0
95.0 456.0
95.0 456.0
94.0 456.0
94.0 456.0
94.0 455.0
94.0 455.0
92.0 455.0
92.0 455.0
92.0 454.0
92.0 454.0
90.0 454.0
90.0 454.0
90.0 453.0
90.0 453.0
88.0 453.0
88.0 453.0
88.0 452.0
88.0 452.0
86.0 452.0
86.0 452.0
86.0 451.0
86.0 451.0
84.0 451.0
84.0 451.0
84.0 450.0
84.0 450.0
83.0 450.0
83.0 450.0
83.0 449.0
83.0 449.0
82.0 449.0
82.0 449.0
82.0 448.0
82.0 448.0
80.0 448.0
80.0 448.0
80.0 447.0
80.0 447.0
79.0 447.0
79.0 447.0
79.0 446.0
79.0 446.0
77.0 446.0
77.0 446.0
77.0 444.0
77.0 444.0
76.0 444.0
76.0 444.0
76.0 442.0
76.0 442.0
75.0 442.0
75.0 442.0
75.0 440.0
75.0 440.0
74.0 440.0
74.0 440.0
74.0 438.0
74.0 438.0
73.0 438.0
73.0 438.0
73.0 435.0
73.0 435.0
72.0 435.0
72.0 435.0
72.0 432.0
72.0 432.0
71.0 432.0
71.0 432.0
71.0 427.0
71.0 427.0
70.0 427.0
70.0 427.0
70.0 421.0
70.0 421.0
69.0 421.0
69.0 421.0
69.0 414.0
69.0 414.0
68.0 414.0
68.0 414.0
68.0 406.0
68.0 406.0
67.0 406.0
67.0 406.0
67.0 392.0
67.0 392.0
66.0 392.0
66.0 392.0
66.0 368.0
66.0 368.0
65.0 368.0
65.0 368.0
65.0 364.0
65.0 364.0
66.0 364.0
66.0 364.0
66.0 362.0
66.0 362.0
65.0 362.0
65.0 362.0
65.0 357.0
65.0 357.0
66.0 357.0
66.0 357.0
66.0 355.0
66.0 355.0
65.0 355.0
65.0 355.0
65.0 352.0
65.0 352.0
66.0 352.0
66.0 352.0
66.0 344.0
66.0 344.0
65.0 344.0
65.0 344.0
65.0 336.0
65.0 336.0
66.0 336.0
66.0 336.0
66.0 311.0
66.0 311.0
67.0 311.0
67.0 311.0
67.0 301.0
67.0 301.0
68.0 301.0
68.0 301.0
68.0 285.0
68.0 285.0
69.0 285.0
69.0 285.0
69.0 276.0
69.0 276.0
70.0 276.0
70.0 276.0
70.0 265.0
70.0 265.0
71.0 265.0
71.0 265.0
71.0 258.0
71.0 258.0
72.0 258.0
72.0 258.0
72.0 250.0
72.0 250.0
73.0 250.0
73.0 250.0
73.0 244.0
73.0 244.0
74.0 244.0
74.0 244.0
74.0 238.0
74.0 238.0
75.0 238.0
75.0 238.0
75.0 236.0
75.0 236.0
76.0 236.0
76.0 236.0
76.0 232.0
76.0 232.0
77.0 232.0
77.0 232.0
77.0 227.0
77.0 227.0
78.0 227.0
78.0 227.0
78.0 225.0
78.0 225.0
79.0 225.0
79.0 225.0
79.0 222.0
79.0 222.0
80.0 222.0
80.0 222.0
80.0 221.0
80.0 221.0
81.0 221.0
81.0 221.0
81.0 219.0
81.0 219.0
82.0 219.0
82.0 219.0
82.0 218.0
82.0 218.0
83.0 218.0
83.0 218.0
83.0 216.0
83.0 216.0
85.0 216.0
85.0 216.0
85.0 215.0
85.0 215.0
86.0 215.0
86.0 215.0
86.0 214.0
86.0 214.0
87.0 214.0
87.0 214.0
87.0 213.0
87.0 213.0
88.0 213.0
88.0 213.0
88.0 212.0
88.0 212.0
90.0 212.0
90.0 212.0
90.0 211.0
90.0 211.0
92.0 211.0
92.0 211.0
92.0 210.0
92.0 210.0
94.0 210.0
94.0 210.0
94.0 209.0
94.0 209.0
96.0 209.0
96.0 209.0
96.0 208.0
96.0 208.0
98.0 208.0
98.0 208.0
98.0 207.0
98.0 207.0
100.0 207.0
100.0 207.0
100.0 206.0
100.0 206.0
101.0 206.0
101.0 206.0
101.0 205.0
101.0 205.0
104.0 205.0
104.0 205.0
104.0 204.0
104.0 204.0
107.0 204.0
107.0 204.0
107.0 203.0
107.0 203.0
109.0 203.0
109.0 203.0
109.0 202.0
109.0 202.0
111.0 202.0
111.0 202.0
111.0 201.0
111.0 201.0
113.0 201.0
113.0 201.0
113.0 200.0
113.0 200.0
116.0 200.0
116.0 200.0
116.0 199.0
116.0 199.0
118.0 199.0
118.0 199.0
118.0 198.0
118.0 198.0
121.0 198.0
121.0 198.0
121.0 197.0
121.0 197.0
124.0 197.0
124.0 197.0
124.0 196.0
124.0 196.0
127.0 196.0
127.0 196.0
127.0 195.0
127.0 195.0
130.0 195.0
130.0 195.0
130.0 194.0
130.0 194.0
132.0 194.0
132.0 194.0
132.0 193.0
132.0 193.0
135.0 193.0
135.0 193.0
135.0 192.0
135.0 192.0
138.0 192.0
138.0 192.0
138.0 191.0
138.0 191.0
141.0 191.0
141.0 191.0
141.0 190.0
141.0 190.0
144.0 190.0
144.0 190.0
144.0 189.0
144.0 189.0
148.0 189.0
148.0 189.0
148.0 188.0
148.0 188.0
150.0 188.0
150.0 188.0
150.0 187.0
150.0 187.0
154.0 187.0
154.0 187.0
154.0 186.0
154.0 186.0
157.0 186.0
157.0 186.0
157.0 185.0
157.0 185.0
160.0 185.0
160.0 185.0
160.0 184.0
160.0 184.0
163.0 184.0
163.0 184.0
163.0 183.0
163.0 183.0
166.0 183.0
166.0 183.0
166.0 182.0
166.0 182.0
170.0 182.0
170.0 182.0
170.0 181.0
170.0 181.0
173.0 181.0
173.0 181.0
173.0 180.0
173.0 180.0
177.0 180.0
177.0 180.0
177.0 179.0
177.0 179.0
180.0 179.0
180.0 179.0
180.0 178.0
180.0 178.0
183.0 178.0
183.0 178.0
183.0 177.0
183.0 177.0
187.0 177.0
187.0 177.0
187.0 176.0
187.0 176.0
191.0 176.0
191.0 176.0
191.0 175.0
191.0 175.0
193.0 175.0
193.0 175.0
193.0 174.0
193.0 174.0
194.0 174.0
194.0 174.0
194.0 170.0
194.0 170.0
195.0 170.0
195.0 170.0
195.0 153.0
195.0 153.0
196.0 153.0
196.0 153.0
196.0 143.0
196.0 143.0
197.0 143.0
197.0 143.0
197.0 132.0
197.0 132.0
198.0 132.0
198.0 132.0
198.0 123.0
198.0 123.0
199.0 123.0
199.0 123.0
199.0 117.0
199.0 117.0
200.0 117.0
200.0 117.0
200.0 111.0
200.0 111.0
201.0 111.0
201.0 111.0
201.0 106.0
201.0 106.0
202.0 106.0
202.0 106.0
202.0 102.0
202.0 102.0
203.0 102.0
203.0 102.0
203.0 98.0
203.0 98.0
204.0 98.0
204.0 98.0
204.0 94.0
204.0 94.0
205.0 94.0
205.0 94.0
205.0 92.0
205.0 92.0
206.0 92.0
206.0 92.0
206.0 90.0
206.0 90.0
207.0 90.0
207.0 90.0
207.0 88.0
207.0 88.0
208.0 88.0
208.0 88.0
208.0 87.0
208.0 87.0
209.0 87.0
209.0 87.0
209.0 86.0
209.0 86.0
210.0 86.0
210.0 86.0
210.0 85.0
210.0 85.0
211.0 85.0
211.0 85.0
211.0 84.0
211.0 84.0
212.0 84.0
212.0 84.0
212.0 83.0
212.0 83.0
213.0 83.0
213.0 83.0
213.0 82.0
213.0 82.0
215.0 82.0
215.0 82.0
215.0 81.0
215.0 81.0
217.0 81.0
217.0 81.0
217.0 80.0
217.0 80.0
219.0 80.0
219.0 80.0
219.0 79.0
219.0 79.0
220.0 79.0
220.0 79.0
220.0 78.0
220.0 78.0
222.0 78.0
222.0 78.0
222.0 77.0
222.0 77.0
225.0 77.0
225.0 77.0
225.0 76.0
225.0 76.0
227.0 76.0
227.0 76.0
227.0 75.0
227.0 75.0
229.0 75.0
229.0 75.0
229.0 74.0
229.0 74.0
231.0 74.0
231.0 74.0
231.0 73.0
231.0 73.0
234.0 73.0
234.0 73.0
234.0 72.0
234.0 72.0
236.0 72.0
236.0 72.0
236.0 71.0
236.0 71.0
239.0 71.0
239.0 71.0
239.0 70.0
239.0 70.0
242.0 70.0
242.0 70.0
242.0 69.0
242.0 69.0
244.0 69.0
244.0 69.0
244.0 68.0
244.0 68.0
247.0 68.0
247.0 68.0
247.0 67.0
247.0 67.0
250.0 67.0
250.0 67.0
250.0 66.0
250.0 66.0
253.0 66.0
253.0 66.0
253.0 65.0
253.0 65.0
255.0 65.0
255.0 65.0
255.0 64.0
255.0 64.0
258.0 64.0
258.0 64.0
258.0 63.0
258.0 63.0
260.0 63.0
260.0 63.0
260.0 62.0
260.0 62.0
263.0 62.0
263.0 62.0
263.0 61.0
263.0 61.0
266.0 61.0
266.0 61.0
266.0 60.0
266.0 60.0
270.0 60.0
270.0 60.0
270.0 59.0
270.0 59.0
274.0 59.0
274.0 59.0
274.0 58.0
274.0 58.0
276.0 58.0
276.0 58.0
276.0 57.0
276.0 57.0
280.0 57.0
280.0 57.0
280.0 56.0
280.0 56.0
283.0 56.0
283.0 56.0
283.0 55.0
283.0 55.0
286.0 55.0
286.0 55.0
286.0 54.0
286.0 54.0
289.0 54.0
289.0 54.0
289.0 53.0
289.0 53.0
293.0 53.0
293.0 53.0
293.0 52.0
293.0 52.0
296.0 52.0
296.0 52.0
296.0 51.0
296.0 51.0
300.0 51.0
300.0 51.0
300.0 50.0
300.0 50.0
303.0 50.0
303.0 50.0
303.0 49.0
303.0 49.0
307.0 49.0
307.0 49.0
307.0 48.0
307.0 48.0
310.0 48.0
310.0 48.0
310.0 47.0
310.0 47.0
314.0 47.0
314.0 47.0
314.0 46.0
314.0 46.0
318.0 46.0
318.0 46.0
318.0 45.0
318.0 45.0
322.0 45.0
322.0 45.0
322.0 44.0
322.0 44.0
326.0 44.0
326.0 44.0
326.0 43.0
326.0 43.0
330.0 43.0
330.0 43.0
330.0 42.0
330.0 42.0
333.0 42.0
333.0 42.0
333.0 41.0
333.0 41.0
338.0 41.0
338.0 41.0
338.0 40.0
338.0 40.0
342.0 40.0
342.0 40.0
342.0 39.0
342.0 39.0
347.0 39.0
347.0 39.0
347.0 38.0
347.0 38.0
354.0 38.0
354.0 38.0
354.0 37.0
354.0 37.0
362.0 37.0
362.0 37.0
362.0 36.0


2

812
371.0 48.0
378.0 48.0
378.0 48.0
378.0 47.0
378.0 47.0
376.0 47.0
376.0 47.0
376.0 46.0
376.0 46.0
373.0 46.0
373.0 46.0
373.0 45.0
373.0 45.0
356.0 45.0
356.0 45.0
356.0 46.0
356.0 46.0
350.0 46.0
350.0 46.0
350.0 47.0
350.0 47.0
346.0 47.0
346.0 47.0
346.0 48.0
346.0 48.0
341.0 48.0
341.0 48.0
341.0 49.0
341.0 49.0
336.0 49.0
336.0 49.0
336.0 50.0
336.0 50.0
331.0 50.0
331.0 50.0
331.0 51.0
331.0 51.0
328.0 51.0
328.0 51.0
328.0 52.0
328.0 52.0
324.0 52.0
324.0 52.0
324.0 53.0
324.0 53.0
321.0 53.0
321.0 53.0
321.0 54.0
321.0 54.0
317.0 54.0
317.0 54.0
317.0 55.0
317.0 55.0
312.0 55.0
312.0 55.0
312.0 56.0
312.0 56.0
308.0 56.0
308.0 56.0
308.0 57.0
308.0 57.0
305.0 57.0
305.0 57.0
305.0 58.0
305.0 58.0
302.0 58.0
302.0 58.0
302.0 59.0
302.0 59.0
298.0 59.0
298.0 59.0
298.0 60.0
298.0 60.0
294.0 60.0
294.0 60.0
294.0 61.0
294.0 61.0
291.0 61.0
291.0 61.0
291.0 62.0
291.0 62.0
288.0 62.0
288.0 62.0
288.0 63.0
288.0 63.0
284.0 63.0
284.0 63.0
284.0 64.0
284.0 64.0
282.0 64.0
282.0 64.0
282.0 65.0
282.0 65.0
278.0 65.0
278.0 65.0
278.0 66.0
278.0 66.0
275.0 66.0
275.0 66.0
275.0 67.0
275.0 67.0
272.0 67.0
272.0 67.0
272.0 68.0
272.0 68.0
269.0 68.0
269.0 68.0
269.0 69.0
269.0 69.0
266.0 69.0
266.0 69.0
266.0 70.0
266.0 70.0
262.0 70.0
262.0 70.0
262.0 71.0
262.0 71.0
260.0 71.0
260.0 71.0
260.0 72.0
260.0 72.0
256.0 72.0
256.0 72.0
256.0 73.0
256.0 73.0
254.0 73.0
254.0 73.0
254.0 74.0
254.0 74.0
251.0 74.0
251.0 74.0
251.0 75.0
251.0 75.0
248.0 75.0
248.0 75.0
248.0 76.0
248.0 76.0
246.0 76.0
246.0 76.0
246.0 77.0
246.0 77.0
243.0 77.0
243.0 77.0
243.0 78.0
243.0 78.0
241.0 78.0
241.0 78.0
241.0 79.0
241.0 79.0
239.0 79.0
239.0 79.0
239.0 80.0
239.0 80.0
236.0 80.0
236.0 80.0
236.0 81.0
236.0 81.0
235.0 81.0
235.0 81.0
235.0 82.0
235.0 82.0
234.0 82.0
234.0 82.0
234.0 84.0
234.0 84.0
235.0 84.0
235.0 84.0
235.0 85.0
235.0 85.0
243.0 85.0
243.0 85.0
243.0 86.0
243.0 86.0
251.0 86.0
251.0 86.0
251.0 87.0
251.0 87.0
257.0 87.0
257.0 87.0
257.0 88.0
257.0 88.0
263.0 88.0
263.0 88.0
263.0 89.0
263.0 89.0
268.0 89.0
268.0 89.0
268.0 90.0
268.0 90.0
274.0 90.0
274.0 90.0
274.0 91.0
274.0 91.0
278.0 91.0
278.0 91.0
278.0 92.0
278.0 92.0
284.0 92.0
284.0 92.0
284.0 93.0
284.0 93.0
289.0 93.0
289.0 93.0
289.0 94.0
289.0 94.0
293.0 94.0
293.0 94.0
293.0 95.0
293.0 95.0
298.0 95.0
298.0 95.0
298.0 96.0
298.0 96.0
302.0 96.0
302.0 96.0
302.0 97.0
302.0 97.0
306.0 97.0
306.0 97.0
306.0 98.0
306.0 98.0
310.0 98.0
310.0 98.0
310.0 99.0
310.0 99.0
314.0 99.0
314.0 99.0
314.0 100.0
314.0 100.0
318.0 100.0
318.0 100.0
318.0 101.0
318.0 101.0
322.0 101.0
322.0 101.0
322.0 102.0
322.0 102.0
325.0 102.0
325.0 102.0
325.0 103.0
325.0 103.0
328.0 103.0
328.0 103.0
328.0 104.0
328.0 104.0
333.0 104.0
333.0 104.0
333.0 105.0
333.0 105.0
336.0 105.0
336.0 105.0
336.0 106.0
336.0 106.0
339.0 106.0
339.0 106.0
339.0 107.0
339.0 107.0
342.0 107.0
342.0 107.0
342.0 108.0
342.0 108.0
346.0 108.0
346.0 108.0
346.0 109.0
346.0 109.0
349.0 109.0
349.0 109.0
349.0 110.0
349.0 110.0
352.0 110.0
352.0 110.0
352.0 111.0
352.0 111.0
354.0 111.0
354.0 111.0
354.0 112.0
354.0 112.0
357.0 112.0
357.0 112.0
357.0 113.0
357.0 113.0
360.0 113.0
360.0 113.0
360.0 114.0
360.0 114.0
363.0 114.0
363.0 114.0
363.0 115.0
363.0 115.0
366.0 115.0
366.0 115.0
366.0 116.0
366.0 116.0
368.0 116.0
368.0 116.0
368.0 117.0
368.0 117.0
371.0 117.0
371.0 117.0
371.0 118.0
371.0 118.0
373.0 118.0
373.0 118.0
373.0 119.0
373.0 119.0
376.0 119.0
376.0 119.0
376.0 120.0
376.0 120.0
378.0 120.0
378.0 120.0
378.0 121.0
378.0 121.0
380.0 121.0
380.0 121.0
380.0 122.0
380.0 122.0
382.0 122.0
382.0 122.0
382.0 123.0
382.0 123.0
385.0 123.0
385.0 123.0
385.0 124.0
385.0 124.0
387.0 124.0
387.0 124.0
387.0 125.0
387.0 125.0
389.0 125.0
389.0 125.0
389.0 126.0
389.0 126.0
390.0 126.0
390.0 126.0
390.0 127.0
390.0 127.0
392.0 127.0
392.0 127.0
392.0 128.0
392.0 128.0
394.0 128.0
394.0 128.0
394.0 129.0
394.0 129.0
397.0 129.0
397.0 129.0
397.0 128.0
397.0 128.0
399.0 128.0
399.0 128.0
399.0 127.0
399.0 127.0
400.0 127.0
400.0 127.0
400.0 126.0
400.0 126.0
402.0 126.0
402.0 126.0
402.0 125.0
402.0 125.0
404.0 125.0
404.0 125.0
404.0 124.0
404.0 124.0
406.0 124.0
406.0 124.0
406.0 123.0
406.0 123.0
409.0 123.0
409.0 123.0
409.0 122.0
409.0 122.0
411.0 122.0
411.0 122.0
411.0 121.0
411.0 121.0
414.0 121.0
414.0 121.0
414.0 120.0
414.0 120.0
416.0 120.0
416.0 120.0
416.0 119.0
416.0 119.0
419.0 119.0
419.0 119.0
419.0 118.0
419.0 118.0
422.0 118.0
422.0 118.0
422.0 117.0
422.0 117.0
424.0 117.0
424.0 117.0
424.0 116.0
424.0 116.0
427.0 116.0
427.0 116.0
427.0 115.0
427.0 115.0
430.0 115.0
430.0 115.0
430.0 114.0
430.0 114.0
432.0 114.0
432.0 114.0
432.0 113.0
432.0 113.0
435.0 113.0
435.0 113.0
435.0 112.0
435.0 112.0
438.0 112.0
438.0 112.0
438.0 111.0
438.0 111.0
442.0 111.0
442.0 111.0
442.0 110.0
442.0 110.0
445.0 110.0
445.0 110.0
445.0 109.0
445.0 109.0
448.0 109.0
448.0 109.0
448.0 108.0
448.0 108.0
451.0 108.0
451.0 108.0
451.0 107.0
451.0 107.0
454.0 107.0
454.0 107.0
454.0 106.0
454.0 106.0
457.0 106.0
457.0 106.0
457.0 105.0
457.0 105.0
461.0 105.0
461.0 105.0
461.0 104.0
461.0 104.0
464.0 104.0
464.0 104.0
464.0 103.0
464.0 103.0
467.0 103.0
467.0 103.0
467.0 102.0
467.0 102.0
470.0 102.0
470.0 102.0
470.0 101.0
470.0 101.0
474.0 101.0
474.0 101.0
474.0 100.0
474.0 100.0
477.0 100.0
477.0 100.0
477.0 99.0
477.0 99.0
481.0 99.0
481.0 99.0
481.0 98.0
481.0 98.0
485.0 98.0
485.0 98.0
485.0 97.0
485.0 97.0
488.0 97.0
488.0 97.0
488.0 96.0
488.0 96.0
492.0 96.0
492.0 96.0
492.0 95.0
492.0 95.0
496.0 95.0
496.0 95.0
496.0 94.0
496.0 94.0
499.0 94.0
499.0 94.0
499.0 93.0
499.0 93.0
503.0 93.0
503.0 93.0
503.0 92.0
503.0 92.0
507.0 92.0
507.0 92.0
507.0 91.0
507.0 91.0
512.0 91.0
512.0 91.0
512.0 90.0
512.0 90.0
516.0 90.0
516.0 90.0
516.0 89.0
516.0 89.0
522.0 89.0
522.0 89.0
522.0 88.0
522.0 88.0
523.0 88.0
523.0 88.0
523.0 87.0
523.0 87.0
522.0 87.0
522.0 87.0
522.0 86.0
522.0 86.0
521.0 86.0
521.0 86.0
521.0 85.0
521.0 85.0
519.0 85.0
519.0 85.0
519.0 84.0
519.0 84.0
517.0 84.0
517.0 84.0
517.0 83.0
517.0 83.0
515.0 83.0
515.0 83.0
515.0 82.0
515.0 82.0
512.0 82.0
512.0 82.0
512.0 81.0
512.0 81.0
510.0 81.0
510.0 81.0
510.0 80.0
510.0 80.0
508.0 80.0
508.0 80.0
508.0 79.0
508.0 79.0
506.0 79.0
506.0 79.0
506.0 78.0
506.0 78.0
502.0 78.0
502.0 78.0
502.0 77.0
502.0 77.0
500.0 77.0
500.0 77.0
500.0 76.0
500.0 76.0
497.0 76.0
497.0 76.0
497.0 75.0
497.0 75.0
494.0 75.0
494.0 75.0
494.0 74.0
494.0 74.0
491.0 74.0
491.0 74.0
491.0 73.0
491.0 73.0
488.0 73.0
488.0 73.0
488.0 72.0
488.0 72.0
485.0 72.0
485.0 72.0
485.0 71.0
485.0 71.0
482.0 71.0
482.0 71.0
482.0 70.0
482.0 70.0
478.0 70.0
478.0 70.0
478.0 69.0
478.0 69.0
474.0 69.0
474.0 69.0
474.0 68.0
474.0 68.0
472.0 68.0
472.0 68.0
472.0 67.0
472.0 67.0
468.0 67.0
468.0 67.0
468.0 66.0
468.0 66.0
464.0 66.0
464.0 66.0
464.0 65.0
464.0 65.0
461.0 65.0
461.0 65.0
461.0 64.0
461.0 64.0
457.0 64.0
457.0 64.0
457.0 63.0
457.0 63.0
454.0 63.0
454.0 63.0
454.0 62.0
454.0 62.0
450.0 62.0
450.0 62.0
450.0 61.0
450.0 61.0
446.0 61.0
446.0 61.0
446.0 60.0
446.0 60.0
442.0 60.0
442.0 60.0
442.0 59.0
442.0 59.0
438.0 59.0
438.0 59.0
438.0 58.0
438.0 58.0
434.0 58.0
434.0 58.0
434.0 57.0
434.0 57.0
430.0 57.0
430.0 57.0
430.0 56.0
430.0 56.0
426.0 56.0
426.0 56.0
426.0 55.0
426.0 55.0
421.0 55.0
421.0 55.0
421.0 54.0
421.0 54.0
416.0 54.0
416.0 54.0
416.0 53.0
416.0 53.0
411.0 53.0
411.0 53.0
411.0 52.0
411.0 52.0
406.0 52.0
406.0 52.0
406.0 51.0
406.0 51.0
403.0 51.0
403.0 51.0
403.0 50.0
403.0 50.0
397.0 50.0
397.0 50.0
397.0 49.0
397.0 49.0
391.0 49.0
391.0 49.0
391.0 48.0
391.0 48.0
389.0 48.0
389.0 48.0
389.0 51.0
389.0 51.0
391.0 51.0
391.0 51.0
391.0 52.0
391.0 52.0
393.0 52.0
393.0 52.0
393.0 53.0
393.0 53.0
394.0 53.0
394.0 53.0
394.0 54.0
394.0 54.0
396.0 54.0
396.0 54.0
396.0 55.0
396.0 55.0
397.0 55.0
397.0 55.0
397.0 56.0
397.0 56.0
398.0 56.0
398.0 56.0
398.0 58.0
398.0 58.0
399.0 58.0
399.0 58.0
399.0 62.0
399.0 62.0
398.0 62.0
398.0 62.0
398.0 65.0
398.0 65.0
397.0 65.0
397.0 65.0
397.0 66.0
397.0 66.0
396.0 66.0
396.0 66.0
396.0 67.0
396.0 67.0
395.0 67.0
395.0 67.0
395.0 68.0
395.0 68.0
393.0 68.0
393.0 68.0
393.0 69.0
393.0 69.0
392.0 69.0
392.0 69.0
392.0 70.0
392.0 70.0
389.0 70.0
389.0 70.0
389.0 71.0
389.0 71.0
384.0 71.0
384.0 71.0
384.0 72.0
384.0 72.0
376.0 72.0
376.0 72.0
376.0 73.0
376.0 73.0
369.0 73.0
369.0 73.0
369.0 72.0
369.0 72.0
363.0 72.0
363.0 72.0
363.0 71.0
363.0 71.0
359.0 71.0
359.0 71.0
359.0 70.0
359.0 70.0
357.0 70.0
357.0 70.0
357.0 69.0
357.0 69.0
355.0 69.0
355.0 69.0
355.0 68.0
355.0 68.0
353.0 68.0
353.0 68.0
353.0 67.0
353.0 67.0
352.0 67.0
352.0 67.0
352.0 66.0
352.0 66.0
351.0 66.0
351.0 66.0
351.0 64.0
351.0 64.0
350.0 64.0
350.0 64.0
350.0 62.0
350.0 62.0
349.0 62.0
349.0 62.0
349.0 59.0
349.0 59.0
350.0 59.0
350.0 59.0
350.0 56.0
350.0 56.0
351.0 56.0
351.0 56.0
351.0 55.0
351.0 55.0
352.0 55.0
352.0 55.0
352.0 54.0
352.0 54.0
354.0 54.0
354.0 54.0
354.0 53.0
354.0 53.0
355.0 53.0
355.0 53.0
355.0 52.0
355.0 52.0
357.0 52.0
357.0 52.0
357.0 51.0
357.0 51.0
360.0 51.0
360.0 51.0
360.0 50.0
360.0 50.0
363.0 50.0
363.0 50.0
363.0 49.0
363.0 49.0
371.0 49.0
371.0 49.0
371.0 48.0


3

176
391.0 90.0
400.0 90.0
400.0 90.0
400.0 91.0
400.0 91.0
406.0 91.0
406.0 91.0
406.0 92.0
406.0 92.0
410.0 92.0
410.0 92.0
410.0 93.0
410.0 93.0
413.0 93.0
413.0 93.0
413.0 94.0
413.0 94.0
416.0 94.0
416.0 94.0
416.0 95.0
416.0 95.0
417.0 95.0
417.0 95.0
417.0 96.0
417.0 96.0
418.0 96.0
418.0 96.0
418.0 97.0
418.0 97.0
419.0 97.0
419.0 97.0
419.0 98.0
419.0 98.0
420.0 98.0
420.0 98.0
420.0 99.0
420.0 99.0
421.0 99.0
421.0 99.0
421.0 102.0
421.0 102.0
422.0 102.0
422.0 102.0
422.0 106.0
422.0 106.0
421.0 106.0
421.0 106.0
421.0 108.0
421.0 108.0
420.0 108.0
420.0 108.0
420.0 109.0
420.0 109.0
419.0 109.0
419.0 109.0
419.0 110.0
419.0 110.0
418.0 110.0
418.0 110.0
418.0 111.0
418.0 111.0
417.0 111.0
417.0 111.0
417.0 112.0
417.0 112.0
415.0 112.0
415.0 112.0
415.0 113.0
415.0 113.0
414.0 113.0
414.0 113.0
414.0 114.0
414.0 114.0
410.0 114.0
410.0 114.0
410.0 115.0
410.0 115.0
406.0 115.0
406.0 115.0
406.0 116.0
406.0 116.0
399.0 116.0
399.0 116.0
399.0 117.0
399.0 117.0
396.0 117.0
396.0 117.0
396.0 116.0
396.0 116.0
394.0 116.0
394.0 116.0
394.0 117.0
394.0 117.0
390.0 117.0
390.0 117.0
390.0 116.0
390.0 116.0
383.0 116.0
383.0 116.0
383.0 115.0
383.0 115.0
379.0 115.0
379.0 115.0
379.0 114.0
379.0 114.0
376.0 114.0
376.0 114.0
376.0 113.0
376.0 113.0
375.0 113.0
375.0 113.0
375.0 112.0
375.0 112.0
373.0 112.0
373.0 112.0
373.0 111.0
373.0 111.0
372.0 111.0
372.0 111.0
372.0 110.0
372.0 110.0
371.0 110.0
371.0 110.0
371.0 109.0
371.0 109.0
370.0 109.0
370.0 109.0
370.0 108.0
370.0 108.0
369.0 108.0
369.0 108.0
369.0 106.0
369.0 106.0
368.0 106.0
368.0 106.0
368.0 101.0
368.0 101.0
369.0 101.0
369.0 101.0
369.0 99.0
369.0 99.0
370.0 99.0
370.0 99.0
370.0 98.0
370.0 98.0
371.0 98.0
371.0 98.0
371.0 97.0
371.0 97.0
372.0 97.0
372.0 97.0
372.0 96.0
372.0 96.0
373.0 96.0
373.0 96.0
373.0 95.0
373.0 95.0
375.0 95.0
375.0 95.0
375.0 94.0
375.0 94.0
376.0 94.0
376.0 94.0
376.0 93.0
376.0 93.0
380.0 93.0
380.0 93.0
380.0 92.0
380.0 92.0
384.0 92.0
384.0 92.0
384.0 91.0
384.0 91.0
391.0 91.0
391.0 91.0
391.0 90.0


4

180
510.0 115.0
514.0 115.0
514.0 115.0
514.0 116.0
514.0 116.0
518.0 116.0
518.0 116.0
518.0 117.0
518.0 117.0
520.0 117.0
520.0 117.0
520.0 118.0
520.0 118.0
521.0 118.0
521.0 118.0
521.0 119.0
521.0 119.0
522.0 119.0
522.0 119.0
522.0 120.0
522.0 120.0
523.0 120.0
523.0 120.0
523.0 121.0
523.0 121.0
524.0 121.0
524.0 121.0
524.0 123.0
524.0 123.0
525.0 123.0
525.0 123.0
525.0 124.0
525.0 124.0
526.0 124.0
526.0 124.0
526.0 126.0
526.0 126.0
527.0 126.0
527.0 126.0
527.0 128.0
527.0 128.0
528.0 128.0
528.0 128.0
528.0 131.0
528.0 131.0
529.0 131.0
529.0 131.0
529.0 134.0
529.0 134.0
530.0 134.0
530.0 134.0
530.0 152.0
530.0 152.0
529.0 152.0
529.0 152.0
529.0 155.0
529.0 155.0
528.0 155.0
528.0 155.0
528.0 157.0
528.0 157.0
527.0 157.0
527.0 157.0
527.0 159.0
527.0 159.0
526.0 159.0
526.0 159.0
526.0 161.0
526.0 161.0
525.0 161.0
525.0 161.0
525.0 162.0
525.0 162.0
524.0 162.0
524.0 162.0
524.0 163.0
524.0 163.0
523.0 163.0
523.0 163.0
523.0 164.0
523.0 164.0
522.0 164.0
522.0 164.0
522.0 165.0
522.0 165.0
521.0 165.0
521.0 165.0
521.0 166.0
521.0 166.0
519.0 166.0
519.0 166.0
519.0 167.0
519.0 167.0
511.0 167.0
511.0 167.0
511.0 166.0
511.0 166.0
508.0 166.0
508.0 166.0
508.0 165.0
508.0 165.0
507.0 165.0
507.0 165.0
507.0 164.0
507.0 164.0
505.0 164.0
505.0 164.0
505.0 163.0
505.0 163.0
504.0 163.0
504.0 163.0
504.0 162.0
504.0 162.0
503.0 162.0
503.0 162.0
503.0 160.0
503.0 160.0
502.0 160.0
502.0 160.0
502.0 159.0
502.0 159.0
501.0 159.0
501.0 159.0
501.0 157.0
501.0 157.0
500.0 157.0
500.0 157.0
500.0 155.0
500.0 155.0
499.0 155.0
499.0 155.0
499.0 153.0
499.0 153.0
498.0 153.0
498.0 153.0
498.0 149.0
498.0 149.0
497.0 149.0
497.0 149.0
497.0 130.0
497.0 130.0
498.0 130.0
498.0 130.0
498.0 127.0
498.0 127.0
499.0 127.0
499.0 127.0
499.0 125.0
499.0 125.0
500.0 125.0
500.0 125.0
500.0 123.0
500.0 123.0
501.0 123.0
501.0 123.0
501.0 121.0
501.0 121.0
502.0 121.0
502.0 121.0
502.0 120.0
502.0 120.0
503.0 120.0
503.0 120.0
503.0 119.0
503.0 119.0
504.0 119.0
504.0 119.0
504.0 118.0
504.0 118.0
505.0 118.0
505.0 118.0
505.0 117.0
505.0 117.0
507.0 117.0
507.0 117.0
507.0 116.0
507.0 116.0
510.0 116.0
510.0 116.0
510.0 115.0


5

744
232.0 119.0
240.0 119.0
240.0 119.0
240.0 120.0
240.0 120.0
243.0 120.0
243.0 120.0
243.0 121.0
243.0 121.0
244.0 121.0
244.0 121.0
244.0 122.0
244.0 122.0
245.0 122.0
245.0 122.0
245.0 123.0
245.0 123.0
246.0 123.0
246.0 123.0
246.0 124.0
246.0 124.0
248.0 124.0
248.0 124.0
248.0 126.0
248.0 126.0
249.0 126.0
249.0 126.0
249.0 128.0
249.0 128.0
250.0 128.0
250.0 128.0
250.0 130.0
250.0 130.0
251.0 130.0
251.0 130.0
251.0 131.0
251.0 131.0
252.0 131.0
252.0 131.0
252.0 134.0
252.0 134.0
253.0 134.0
253.0 134.0
253.0 139.0
253.0 139.0
254.0 139.0
254.0 139.0
254.0 150.0
254.0 150.0
253.0 150.0
253.0 150.0
253.0 154.0
253.0 154.0
252.0 154.0
252.0 154.0
252.0 158.0
252.0 158.0
251.0 158.0
251.0 158.0
251.0 160.0
251.0 160.0
250.0 160.0
250.0 160.0
250.0 162.0
250.0 162.0
249.0 162.0
249.0 162.0
249.0 165.0
249.0 165.0
250.0 165.0
250.0 165.0
250.0 166.0
250.0 166.0
256.0 166.0
256.0 166.0
256.0 167.0
256.0 167.0
262.0 167.0
262.0 167.0
262.0 168.0
262.0 168.0
268.0 168.0
268.0 168.0
268.0 169.0
268.0 169.0
273.0 169.0
273.0 169.0
273.0 170.0
273.0 170.0
278.0 170.0
278.0 170.0
278.0 171.0
278.0 171.0
284.0 171.0
284.0 171.0
284.0 168.0
284.0 168.0
283.0 168.0
283.0 168.0
283.0 158.0
283.0 158.0
284.0 158.0
284.0 158.0
284.0 153.0
284.0 153.0
285.0 153.0
285.0 153.0
285.0 150.0
285.0 150.0
286.0 150.0
286.0 150.0
286.0 147.0
286.0 147.0
287.0 147.0
287.0 147.0
287.0 146.0
287.0 146.0
288.0 146.0
288.0 146.0
288.0 144.0
288.0 144.0
289.0 144.0
289.0 144.0
289.0 143.0
289.0 143.0
290.0 143.0
290.0 143.0
290.0 142.0
290.0 142.0
291.0 142.0
291.0 142.0
291.0 141.0
291.0 141.0
292.0 141.0
292.0 141.0
292.0 140.0
292.0 140.0
293.0 140.0
293.0 140.0
293.0 139.0
293.0 139.0
295.0 139.0
295.0 139.0
295.0 138.0
295.0 138.0
299.0 138.0
299.0 138.0
299.0 137.0
299.0 137.0
301.0 137.0
301.0 137.0
301.0 138.0
301.0 138.0
304.0 138.0
304.0 138.0
304.0 139.0
304.0 139.0
307.0 139.0
307.0 139.0
307.0 140.0
307.0 140.0
308.0 140.0
308.0 140.0
308.0 141.0
308.0 141.0
309.0 141.0
309.0 141.0
309.0 142.0
309.0 142.0
310.0 142.0
310.0 142.0
310.0 143.0
310.0 143.0
311.0 143.0
311.0 143.0
311.0 144.0
311.0 144.0
312.0 144.0
312.0 144.0
312.0 146.0
312.0 146.0
313.0 146.0
313.0 146.0
313.0 147.0
313.0 147.0
314.0 147.0
314.0 147.0
314.0 150.0
314.0 150.0
315.0 150.0
315.0 150.0
315.0 152.0
315.0 152.0
316.0 152.0
316.0 152.0
316.0 156.0
316.0 156.0
317.0 156.0
317.0 156.0
317.0 172.0
317.0 172.0
316.0 172.0
316.0 172.0
316.0 179.0
316.0 179.0
317.0 179.0
317.0 179.0
317.0 180.0
317.0 180.0
322.0 180.0
322.0 180.0
322.0 181.0
322.0 181.0
325.0 181.0
325.0 181.0
325.0 182.0
325.0 182.0
328.0 182.0
328.0 182.0
328.0 183.0
328.0 183.0
333.0 183.0
333.0 183.0
333.0 184.0
333.0 184.0
336.0 184.0
336.0 184.0
336.0 185.0
336.0 185.0
341.0 185.0
341.0 185.0
341.0 186.0
341.0 186.0
344.0 186.0
344.0 186.0
344.0 187.0
344.0 187.0
347.0 187.0
347.0 187.0
347.0 170.0
347.0 170.0
348.0 170.0
348.0 170.0
348.0 167.0
348.0 167.0
349.0 167.0
349.0 167.0
349.0 164.0
349.0 164.0
350.0 164.0
350.0 164.0
350.0 161.0
350.0 161.0
351.0 161.0
351.0 161.0
351.0 160.0
351.0 160.0
352.0 160.0
352.0 160.0
352.0 159.0
352.0 159.0
353.0 159.0
353.0 159.0
353.0 158.0
353.0 158.0
354.0 158.0
354.0 158.0
354.0 157.0
354.0 157.0
355.0 157.0
355.0 157.0
355.0 156.0
355.0 156.0
356.0 156.0
356.0 156.0
356.0 155.0
356.0 155.0
357.0 155.0
357.0 155.0
357.0 154.0
357.0 154.0
360.0 154.0
360.0 154.0
360.0 153.0
360.0 153.0
368.0 153.0
368.0 153.0
368.0 154.0
368.0 154.0
370.0 154.0
370.0 154.0
370.0 155.0
370.0 155.0
371.0 155.0
371.0 155.0
371.0 156.0
371.0 156.0
372.0 156.0
372.0 156.0
372.0 157.0
372.0 157.0
373.0 157.0
373.0 157.0
373.0 158.0
373.0 158.0
374.0 158.0
374.0 158.0
374.0 159.0
374.0 159.0
375.0 159.0
375.0 159.0
375.0 160.0
375.0 160.0
376.0 160.0
376.0 160.0
376.0 162.0
376.0 162.0
377.0 162.0
377.0 162.0
377.0 164.0
377.0 164.0
378.0 164.0
378.0 164.0
378.0 166.0
378.0 166.0
379.0 166.0
379.0 166.0
379.0 169.0
379.0 169.0
380.0 169.0
380.0 169.0
380.0 174.0
380.0 174.0
381.0 174.0
381.0 174.0
381.0 186.0
381.0 186.0
380.0 186.0
380.0 186.0
380.0 191.0
380.0 191.0
379.0 191.0
379.0 191.0
379.0 193.0
379.0 193.0
378.0 193.0
378.0 193.0
378.0 197.0
378.0 197.0
379.0 197.0
379.0 197.0
379.0 198.0
379.0 198.0
382.0 198.0
382.0 198.0
382.0 199.0
382.0 199.0
384.0 199.0
384.0 199.0
384.0 200.0
384.0 200.0
387.0 200.0
387.0 200.0
387.0 201.0
387.0 201.0
390.0 201.0
390.0 201.0
390.0 202.0
390.0 202.0
392.0 202.0
392.0 202.0
392.0 203.0
392.0 203.0
395.0 203.0
395.0 203.0
395.0 204.0
395.0 204.0
398.0 204.0
398.0 204.0
398.0 205.0
398.0 205.0
400.0 205.0
400.0 205.0
400.0 206.0
400.0 206.0
402.0 206.0
402.0 206.0
402.0 184.0
402.0 184.0
401.0 184.0
401.0 184.0
401.0 174.0
401.0 174.0
400.0 174.0
400.0 174.0
400.0 166.0
400.0 166.0
399.0 166.0
399.0 166.0
399.0 158.0
399.0 158.0
398.0 158.0
398.0 158.0
398.0 152.0
398.0 152.0
397.0 152.0
397.0 152.0
397.0 149.0
397.0 149.0
396.0 149.0
396.0 149.0
396.0 143.0
396.0 143.0
395.0 143.0
395.0 143.0
395.0 141.0
395.0 141.0
394.0 141.0
394.0 141.0
394.0 139.0
394.0 139.0
392.0 139.0
392.0 139.0
392.0 138.0
392.0 138.0
391.0 138.0
391.0 138.0
391.0 137.0
391.0 137.0
390.0 137.0
390.0 137.0
390.0 136.0
390.0 136.0
388.0 136.0
388.0 136.0
388.0 135.0
388.0 135.0
387.0 135.0
387.0 135.0
387.0 134.0
387.0 134.0
385.0 134.0
385.0 134.0
385.0 133.0
385.0 133.0
384.0 133.0
384.0 133.0
384.0 132.0
384.0 132.0
381.0 132.0
381.0 132.0
381.0 131.0
381.0 131.0
379.0 131.0
379.0 131.0
379.0 130.0
379.0 130.0
378.0 130.0
378.0 130.0
378.0 129.0
378.0 129.0
375.0 129.0
375.0 129.0
375.0 128.0
375.0 128.0
372.0 128.0
372.0 128.0
372.0 127.0
372.0 127.0
370.0 127.0
370.0 127.0
370.0 126.0
370.0 126.0
368.0 126.0
368.0 126.0
368.0 125.0
368.0 125.0
365.0 125.0
365.0 125.0
365.0 124.0
365.0 124.0
363.0 124.0
363.0 124.0
363.0 123.0
363.0 123.0
360.0 123.0
360.0 123.0
360.0 122.0
360.0 122.0
358.0 122.0
358.0 122.0
358.0 121.0
358.0 121.0
354.0 121.0
354.0 121.0
354.0 120.0
354.0 120.0
352.0 120.0
352.0 120.0
352.0 119.0
352.0 119.0
349.0 119.0
349.0 119.0
349.0 118.0
349.0 118.0
346.0 118.0
346.0 118.0
346.0 117.0
346.0 117.0
342.0 117.0
342.0 117.0
342.0 116.0
342.0 116.0
339.0 116.0
339.0 116.0
339.0 115.0
339.0 115.0
336.0 115.0
336.0 115.0
336.0 114.0
336.0 114.0
333.0 114.0
333.0 114.0
333.0 113.0
333.0 113.0
330.0 113.0
330.0 113.0
330.0 112.0
330.0 112.0
326.0 112.0
326.0 112.0
326.0 111.0
326.0 111.0
323.0 111.0
323.0 111.0
323.0 110.0
323.0 110.0
320.0 110.0
320.0 110.0
320.0 109.0
320.0 109.0
315.0 109.0
315.0 109.0
315.0 108.0
315.0 108.0
312.0 108.0
312.0 108.0
312.0 107.0
312.0 107.0
308.0 107.0
308.0 107.0
308.0 106.0
308.0 106.0
304.0 106.0
304.0 106.0
304.0 105.0
304.0 105.0
300.0 105.0
300.0 105.0
300.0 104.0
300.0 104.0
295.0 104.0
295.0 104.0
295.0 103.0
295.0 103.0
291.0 103.0
291.0 103.0
291.0 102.0
291.0 102.0
286.0 102.0
286.0 102.0
286.0 101.0
286.0 101.0
281.0 101.0
281.0 101.0
281.0 100.0
281.0 100.0
277.0 100.0
277.0 100.0
277.0 99.0
277.0 99.0
272.0 99.0
272.0 99.0
272.0 98.0
272.0 98.0
266.0 98.0
266.0 98.0
266.0 97.0
266.0 97.0
261.0 97.0
261.0 97.0
261.0 96.0
261.0 96.0
254.0 96.0
254.0 96.0
254.0 95.0
254.0 95.0
248.0 95.0
248.0 95.0
248.0 94.0
248.0 94.0
241.0 94.0
241.0 94.0
241.0 93.0
241.0 93.0
229.0 93.0
229.0 93.0
229.0 92.0
229.0 92.0
215.0 92.0
215.0 92.0
215.0 93.0
215.0 93.0
214.0 93.0
214.0 93.0
214.0 94.0
214.0 94.0
213.0 94.0
213.0 94.0
213.0 98.0
213.0 98.0
212.0 98.0
212.0 98.0
212.0 101.0
212.0 101.0
211.0 101.0
211.0 101.0
211.0 104.0
211.0 104.0
210.0 104.0
210.0 104.0
210.0 109.0
210.0 109.0
209.0 109.0
209.0 109.0
209.0 116.0
209.0 116.0
208.0 116.0
208.0 116.0
208.0 122.0
208.0 122.0
207.0 122.0
207.0 122.0
207.0 127.0
207.0 127.0
206.0 127.0
206.0 127.0
206.0 136.0
206.0 136.0
205.0 136.0
205.0 136.0
205.0 150.0
205.0 150.0
204.0 150.0
204.0 150.0
204.0 171.0
204.0 171.0
210.0 171.0
210.0 171.0
210.0 170.0
210.0 170.0
214.0 170.0
214.0 170.0
214.0 169.0
214.0 169.0
219.0 169.0
219.0 169.0
219.0 168.0
219.0 168.0
223.0 168.0
223.0 168.0
223.0 167.0
223.0 167.0
226.0 167.0
226.0 167.0
226.0 164.0
226.0 164.0
225.0 164.0
225.0 164.0
225.0 162.0
225.0 162.0
224.0 162.0
224.0 162.0
224.0 160.0
224.0 160.0
223.0 160.0
223.0 160.0
223.0 158.0
223.0 158.0
222.0 158.0
222.0 158.0
222.0 155.0
222.0 155.0
221.0 155.0
221.0 155.0
221.0 149.0
221.0 149.0
220.0 149.0
220.0 149.0
220.0 139.0
220.0 139.0
221.0 139.0
221.0 139.0
221.0 134.0
221.0 134.0
222.0 134.0
222.0 134.0
222.0 131.0
222.0 131.0
223.0 131.0
223.0 131.0
223.0 129.0
223.0 129.0
224.0 129.0
224.0 129.0
224.0 128.0
224.0 128.0
225.0 128.0
225.0 128.0
225.0 125.0
225.0 125.0
226.0 125.0
226.0 125.0
226.0 124.0
226.0 124.0
227.0 124.0
227.0 124.0
227.0 123.0
227.0 123.0
228.0 123.0
228.0 123.0
228.0 122.0
228.0 122.0
229.0 122.0
229.0 122.0
229.0 121.0
229.0 121.0
231.0 121.0
231.0 121.0
231.0 120.0
231.0 120.0
232.0 120.0
232.0 120.0
232.0 119.0


6

696
404.0 142.0
405.0 142.0
405.0 142.0
405.0 146.0
405.0 146.0
406.0 146.0
406.0 146.0
406.0 150.0
406.0 150.0
407.0 150.0
407.0 150.0
407.0 156.0
407.0 156.0
408.0 156.0
408.0 156.0
408.0 163.0
408.0 163.0
409.0 163.0
409.0 163.0
409.0 171.0
409.0 171.0
410.0 171.0
410.0 171.0
410.0 180.0
410.0 180.0
411.0 180.0
411.0 180.0
411.0 196.0
411.0 196.0
412.0 196.0
412.0 196.0
412.0 211.0
412.0 211.0
413.0 211.0
413.0 211.0
413.0 213.0
413.0 213.0
414.0 213.0
414.0 213.0
414.0 214.0
414.0 214.0
416.0 214.0
416.0 214.0
416.0 216.0
416.0 216.0
418.0 216.0
418.0 216.0
418.0 218.0
418.0 218.0
419.0 218.0
419.0 218.0
419.0 219.0
419.0 219.0
420.0 219.0
420.0 219.0
420.0 221.0
420.0 221.0
421.0 221.0
421.0 221.0
421.0 223.0
421.0 223.0
422.0 223.0
422.0 223.0
422.0 226.0
422.0 226.0
423.0 226.0
423.0 226.0
423.0 231.0
423.0 231.0
424.0 231.0
424.0 231.0
424.0 234.0
424.0 234.0
425.0 234.0
425.0 234.0
425.0 239.0
425.0 239.0
426.0 239.0
426.0 239.0
426.0 245.0
426.0 245.0
427.0 245.0
427.0 245.0
427.0 251.0
427.0 251.0
428.0 251.0
428.0 251.0
428.0 259.0
428.0 259.0
429.0 259.0
429.0 259.0
429.0 268.0
429.0 268.0
430.0 268.0
430.0 268.0
430.0 275.0
430.0 275.0
432.0 275.0
432.0 275.0
432.0 274.0
432.0 274.0
435.0 274.0
435.0 274.0
435.0 273.0
435.0 273.0
444.0 273.0
444.0 273.0
444.0 274.0
444.0 274.0
446.0 274.0
446.0 274.0
446.0 275.0
446.0 275.0
448.0 275.0
448.0 275.0
448.0 276.0
448.0 276.0
449.0 276.0
449.0 276.0
449.0 277.0
449.0 277.0
450.0 277.0
450.0 277.0
450.0 278.0
450.0 278.0
451.0 278.0
451.0 278.0
451.0 280.0
451.0 280.0
452.0 280.0
452.0 280.0
452.0 281.0
452.0 281.0
453.0 281.0
453.0 281.0
453.0 282.0
453.0 282.0
454.0 282.0
454.0 282.0
454.0 284.0
454.0 284.0
455.0 284.0
455.0 284.0
455.0 287.0
455.0 287.0
456.0 287.0
456.0 287.0
456.0 290.0
456.0 290.0
457.0 290.0
457.0 290.0
457.0 295.0
457.0 295.0
458.0 295.0
458.0 295.0
458.0 305.0
458.0 305.0
457.0 305.0
457.0 305.0
457.0 311.0
457.0 311.0
456.0 311.0
456.0 311.0
456.0 314.0
456.0 314.0
455.0 314.0
455.0 314.0
455.0 317.0
455.0 317.0
454.0 317.0
454.0 317.0
454.0 318.0
454.0 318.0
453.0 318.0
453.0 318.0
453.0 320.0
453.0 320.0
452.0 320.0
452.0 320.0
452.0 322.0
452.0 322.0
451.0 322.0
451.0 322.0
451.0 323.0
451.0 323.0
450.0 323.0
450.0 323.0
450.0 324.0
450.0 324.0
448.0 324.0
448.0 324.0
448.0 325.0
448.0 325.0
446.0 325.0
446.0 325.0
446.0 326.0
446.0 326.0
444.0 326.0
444.0 326.0
444.0 327.0
444.0 327.0
437.0 327.0
437.0 327.0
437.0 326.0
437.0 326.0
433.0 326.0
433.0 326.0
433.0 350.0
433.0 350.0
436.0 350.0
436.0 350.0
436.0 349.0
436.0 349.0
439.0 349.0
439.0 349.0
439.0 348.0
439.0 348.0
441.0 348.0
441.0 348.0
441.0 347.0
441.0 347.0
443.0 347.0
443.0 347.0
443.0 346.0
443.0 346.0
445.0 346.0
445.0 346.0
445.0 345.0
445.0 345.0
447.0 345.0
447.0 345.0
447.0 344.0
447.0 344.0
449.0 344.0
449.0 344.0
449.0 343.0
449.0 343.0
451.0 343.0
451.0 343.0
451.0 342.0
451.0 342.0
453.0 342.0
453.0 342.0
453.0 341.0
453.0 341.0
455.0 341.0
455.0 341.0
455.0 340.0
455.0 340.0
457.0 340.0
457.0 340.0
457.0 339.0
457.0 339.0
459.0 339.0
459.0 339.0
459.0 338.0
459.0 338.0
462.0 338.0
462.0 338.0
462.0 337.0
462.0 337.0
464.0 337.0
464.0 337.0
464.0 336.0
464.0 336.0
466.0 336.0
466.0 336.0
466.0 335.0
466.0 335.0
468.0 335.0
468.0 335.0
468.0 334.0
468.0 334.0
470.0 334.0
470.0 334.0
470.0 333.0
470.0 333.0
472.0 333.0
472.0 333.0
472.0 332.0
472.0 332.0
474.0 332.0
474.0 332.0
474.0 331.0
474.0 331.0
475.0 331.0
475.0 331.0
475.0 330.0
475.0 330.0
478.0 330.0
478.0 330.0
478.0 329.0
478.0 329.0
479.0 329.0
479.0 329.0
479.0 328.0
479.0 328.0
481.0 328.0
481.0 328.0
481.0 327.0
481.0 327.0
483.0 327.0
483.0 327.0
483.0 326.0
483.0 326.0
485.0 326.0
485.0 326.0
485.0 325.0
485.0 325.0
487.0 325.0
487.0 325.0
487.0 324.0
487.0 324.0
489.0 324.0
489.0 324.0
489.0 323.0
489.0 323.0
491.0 323.0
491.0 323.0
491.0 322.0
491.0 322.0
493.0 322.0
493.0 322.0
493.0 321.0
493.0 321.0
495.0 321.0
495.0 321.0
495.0 320.0
495.0 320.0
496.0 320.0
496.0 320.0
496.0 319.0
496.0 319.0
498.0 319.0
498.0 319.0
498.0 318.0
498.0 318.0
500.0 318.0
500.0 318.0
500.0 317.0
500.0 317.0
502.0 317.0
502.0 317.0
502.0 316.0
502.0 316.0
504.0 316.0
504.0 316.0
504.0 315.0
504.0 315.0
506.0 315.0
506.0 315.0
506.0 314.0
506.0 314.0
507.0 314.0
507.0 314.0
507.0 313.0
507.0 313.0
509.0 313.0
509.0 313.0
509.0 312.0
509.0 312.0
511.0 312.0
511.0 312.0
511.0 311.0
511.0 311.0
512.0 311.0
512.0 311.0
512.0 310.0
512.0 310.0
515.0 310.0
515.0 310.0
515.0 309.0
515.0 309.0
516.0 309.0
516.0 309.0
516.0 308.0
516.0 308.0
518.0 308.0
518.0 308.0
518.0 307.0
518.0 307.0
519.0 307.0
519.0 307.0
519.0 306.0
519.0 306.0
521.0 306.0
521.0 306.0
521.0 305.0
521.0 305.0
522.0 305.0
522.0 305.0
522.0 304.0
522.0 304.0
524.0 304.0
524.0 304.0
524.0 303.0
524.0 303.0
526.0 303.0
526.0 303.0
526.0 302.0
526.0 302.0
527.0 302.0
527.0 302.0
527.0 301.0
527.0 301.0
529.0 301.0
529.0 301.0
529.0 300.0
529.0 300.0
530.0 300.0
530.0 300.0
530.0 299.0
530.0 299.0
532.0 299.0
532.0 299.0
532.0 298.0
532.0 298.0
533.0 298.0
533.0 298.0
533.0 297.0
533.0 297.0
534.0 297.0
534.0 297.0
534.0 296.0
534.0 296.0
536.0 296.0
536.0 296.0
536.0 295.0
536.0 295.0
537.0 295.0
537.0 295.0
537.0 294.0
537.0 294.0
538.0 294.0
538.0 294.0
538.0 293.0
538.0 293.0
539.0 293.0
539.0 293.0
539.0 292.0
539.0 292.0
540.0 292.0
540.0 292.0
540.0 289.0
540.0 289.0
541.0 289.0
541.0 289.0
541.0 286.0
541.0 286.0
542.0 286.0
542.0 286.0
542.0 282.0
542.0 282.0
543.0 282.0
543.0 282.0
543.0 275.0
543.0 275.0
544.0 275.0
544.0 275.0
544.0 266.0
544.0 266.0
545.0 266.0
545.0 266.0
545.0 253.0
545.0 253.0
546.0 253.0
546.0 253.0
546.0 230.0
546.0 230.0
547.0 230.0
547.0 230.0
547.0 228.0
547.0 228.0
546.0 228.0
546.0 228.0
546.0 218.0
546.0 218.0
547.0 218.0
547.0 218.0
547.0 215.0
547.0 215.0
546.0 215.0
546.0 215.0
546.0 181.0
546.0 181.0
545.0 181.0
545.0 181.0
545.0 165.0
545.0 165.0
544.0 165.0
544.0 165.0
544.0 154.0
544.0 154.0
543.0 154.0
543.0 154.0
543.0 143.0
543.0 143.0
542.0 143.0
542.0 143.0
542.0 133.0
542.0 133.0
541.0 133.0
541.0 133.0
541.0 128.0
541.0 128.0
540.0 128.0
540.0 128.0
540.0 120.0
540.0 120.0
539.0 120.0
539.0 120.0
539.0 115.0
539.0 115.0
538.0 115.0
538.0 115.0
538.0 111.0
538.0 111.0
537.0 111.0
537.0 111.0
537.0 106.0
537.0 106.0
536.0 106.0
536.0 106.0
536.0 101.0
536.0 101.0
535.0 101.0
535.0 101.0
535.0 99.0
535.0 99.0
534.0 99.0
534.0 99.0
534.0 97.0
534.0 97.0
533.0 97.0
533.0 97.0
533.0 96.0
533.0 96.0
528.0 96.0
528.0 96.0
528.0 97.0
528.0 97.0
523.0 97.0
523.0 97.0
523.0 98.0
523.0 98.0
517.0 98.0
517.0 98.0
517.0 99.0
517.0 99.0
512.0 99.0
512.0 99.0
512.0 100.0
512.0 100.0
508.0 100.0
508.0 100.0
508.0 101.0
508.0 101.0
504.0 101.0
504.0 101.0
504.0 102.0
504.0 102.0
499.0 102.0
499.0 102.0
499.0 103.0
499.0 103.0
496.0 103.0
496.0 103.0
496.0 104.0
496.0 104.0
492.0 104.0
492.0 104.0
492.0 105.0
492.0 105.0
488.0 105.0
488.0 105.0
488.0 106.0
488.0 106.0
485.0 106.0
485.0 106.0
485.0 107.0
485.0 107.0
482.0 107.0
482.0 107.0
482.0 108.0
482.0 108.0
478.0 108.0
478.0 108.0
478.0 109.0
478.0 109.0
474.0 109.0
474.0 109.0
474.0 110.0
474.0 110.0
472.0 110.0
472.0 110.0
472.0 111.0
472.0 111.0
468.0 111.0
468.0 111.0
468.0 112.0
468.0 112.0
464.0 112.0
464.0 112.0
464.0 113.0
464.0 113.0
461.0 113.0
461.0 113.0
461.0 114.0
461.0 114.0
458.0 114.0
458.0 114.0
458.0 115.0
458.0 115.0
455.0 115.0
455.0 115.0
455.0 116.0
455.0 116.0
451.0 116.0
451.0 116.0
451.0 117.0
451.0 117.0
448.0 117.0
448.0 117.0
448.0 118.0
448.0 118.0
445.0 118.0
445.0 118.0
445.0 119.0
445.0 119.0
442.0 119.0
442.0 119.0
442.0 120.0
442.0 120.0
440.0 120.0
440.0 120.0
440.0 121.0
440.0 121.0
437.0 121.0
437.0 121.0
437.0 122.0
437.0 122.0
434.0 122.0
434.0 122.0
434.0 123.0
434.0 123.0
431.0 123.0
431.0 123.0
431.0 124.0
431.0 124.0
428.0 124.0
428.0 124.0
428.0 125.0
428.0 125.0
426.0 125.0
426.0 125.0
426.0 126.0
426.0 126.0
423.0 126.0
423.0 126.0
423.0 127.0
423.0 127.0
420.0 127.0
420.0 127.0
420.0 128.0
420.0 128.0
418.0 128.0
418.0 128.0
418.0 129.0
418.0 129.0
416.0 129.0
416.0 129.0
416.0 130.0
416.0 130.0
413.0 130.0
413.0 130.0
413.0 131.0
413.0 131.0
411.0 131.0
411.0 131.0
411.0 132.0
411.0 132.0
409.0 132.0
409.0 132.0
409.0 133.0
409.0 133.0
407.0 133.0
407.0 133.0
407.0 134.0
407.0 134.0
405.0 134.0
405.0 134.0
405.0 136.0
405.0 136.0
404.0 136.0
404.0 136.0
404.0 142.0


7

180
433.0 143.0
442.0 143.0
442.0 143.0
442.0 144.0
442.0 144.0
444.0 144.0
444.0 144.0
444.0 145.0
444.0 145.0
446.0 145.0
446.0 145.0
446.0 146.0
446.0 146.0
447.0 146.0
447.0 146.0
447.0 147.0
447.0 147.0
448.0 147.0
448.0 147.0
448.0 148.0
448.0 148.0
449.0 148.0
449.0 148.0
449.0 150.0
449.0 150.0
450.0 150.0
450.0 150.0
450.0 151.0
450.0 151.0
451.0 151.0
451.0 151.0
451.0 153.0
451.0 153.0
452.0 153.0
452.0 153.0
452.0 155.0
452.0 155.0
453.0 155.0
453.0 155.0
453.0 158.0
453.0 158.0
454.0 158.0
454.0 158.0
454.0 160.0
454.0 160.0
455.0 160.0
455.0 160.0
455.0 170.0
455.0 170.0
456.0 170.0
456.0 170.0
456.0 173.0
456.0 173.0
455.0 173.0
455.0 173.0
455.0 179.0
455.0 179.0
454.0 179.0
454.0 179.0
454.0 183.0
454.0 183.0
453.0 183.0
453.0 183.0
453.0 185.0
453.0 185.0
452.0 185.0
452.0 185.0
452.0 187.0
452.0 187.0
451.0 187.0
451.0 187.0
451.0 188.0
451.0 188.0
450.0 188.0
450.0 188.0
450.0 190.0
450.0 190.0
448.0 190.0
448.0 190.0
448.0 192.0
448.0 192.0
446.0 192.0
446.0 192.0
446.0 193.0
446.0 193.0
445.0 193.0
445.0 193.0
445.0 194.0
445.0 194.0
442.0 194.0
442.0 194.0
442.0 195.0
442.0 195.0
436.0 195.0
436.0 195.0
436.0 194.0
436.0 194.0
433.0 194.0
433.0 194.0
433.0 193.0
433.0 193.0
432.0 193.0
432.0 193.0
432.0 192.0
432.0 192.0
430.0 192.0
430.0 192.0
430.0 191.0
430.0 191.0
429.0 191.0
429.0 191.0
429.0 189.0
429.0 189.0
428.0 189.0
428.0 189.0
428.0 188.0
428.0 188.0
427.0 188.0
427.0 188.0
427.0 187.0
427.0 187.0
426.0 187.0
426.0 187.0
426.0 185.0
426.0 185.0
425.0 185.0
425.0 185.0
425.0 183.0
425.0 183.0
424.0 183.0
424.0 183.0
424.0 180.0
424.0 180.0
423.0 180.0
423.0 180.0
423.0 178.0
423.0 178.0
422.0 178.0
422.0 178.0
422.0 170.0
422.0 170.0
421.0 170.0
421.0 170.0
421.0 163.0
421.0 163.0
422.0 163.0
422.0 163.0
422.0 157.0
422.0 157.0
423.0 157.0
423.0 157.0
423.0 154.0
423.0 154.0
424.0 154.0
424.0 154.0
424.0 152.0
424.0 152.0
425.0 152.0
425.0 152.0
425.0 150.0
425.0 150.0
426.0 150.0
426.0 150.0
426.0 149.0
426.0 149.0
427.0 149.0
427.0 149.0
427.0 147.0
427.0 147.0
429.0 147.0
429.0 147.0
429.0 145.0
429.0 145.0
430.0 145.0
430.0 145.0
430.0 144.0
430.0 144.0
433.0 144.0
433.0 144.0
433.0 143.0


8

156
258.0 197.0
275.0 197.0
275.0 197.0
275.0 198.0
275.0 198.0
279.0 198.0
279.0 198.0
279.0 199.0
279.0 199.0
282.0 199.0
282.0 199.0
282.0 200.0
282.0 200.0
285.0 200.0
285.0 200.0
285.0 201.0
285.0 201.0
287.0 201.0
287.0 201.0
287.0 202.0
287.0 202.0
289.0 202.0
289.0 202.0
289.0 204.0
289.0 204.0
290.0 204.0
290.0 204.0
290.0 205.0
290.0 205.0
291.0 205.0
291.0 205.0
291.0 206.0
291.0 206.0
292.0 206.0
292.0 206.0
292.0 208.0
292.0 208.0
293.0 208.0
293.0 208.0
293.0 213.0
293.0 213.0
292.0 213.0
292.0 213.0
292.0 215.0
292.0 215.0
291.0 215.0
291.0 215.0
291.0 216.0
291.0 216.0
290.0 216.0
290.0 216.0
290.0 217.0
290.0 217.0
289.0 217.0
289.0 217.0
289.0 218.0
289.0 218.0
288.0 218.0
288.0 218.0
288.0 219.0
288.0 219.0
286.0 219.0
286.0 219.0
286.0 220.0
286.0 220.0
284.0 220.0
284.0 220.0
284.0 221.0
284.0 221.0
281.0 221.0
281.0 221.0
281.0 222.0
281.0 222.0
278.0 222.0
278.0 222.0
278.0 223.0
278.0 223.0
272.0 223.0
272.0 223.0
272.0 224.0
272.0 224.0
262.0 224.0
262.0 224.0
262.0 223.0
262.0 223.0
254.0 223.0
254.0 223.0
254.0 222.0
254.0 222.0
250.0 222.0
250.0 222.0
250.0 221.0
250.0 221.0
248.0 221.0
248.0 221.0
248.0 220.0
248.0 220.0
245.0 220.0
245.0 220.0
245.0 219.0
245.0 219.0
244.0 219.0
244.0 219.0
244.0 218.0
244.0 218.0
243.0 218.0
243.0 218.0
243.0 217.0
243.0 217.0
242.0 217.0
242.0 217.0
242.0 216.0
242.0 216.0
240.0 216.0
240.0 216.0
240.0 214.0
240.0 214.0
239.0 214.0
239.0 214.0
239.0 207.0
239.0 207.0
240.0 207.0
240.0 207.0
240.0 205.0
240.0 205.0
241.0 205.0
241.0 205.0
241.0 204.0
241.0 204.0
242.0 204.0
242.0 204.0
242.0 203.0
242.0 203.0
244.0 203.0
244.0 203.0
244.0 202.0
244.0 202.0
245.0 202.0
245.0 202.0
245.0 201.0
245.0 201.0
247.0 201.0
247.0 201.0
247.0 200.0
247.0 200.0
249.0 200.0
249.0 200.0
249.0 199.0
249.0 199.0
253.0 199.0
253.0 199.0
253.0 198.0
253.0 198.0
258.0 198.0
258.0 198.0
258.0 197.0


9

688
108.0 215.0
112.0 215.0
112.0 215.0
112.0 216.0
112.0 216.0
120.0 216.0
120.0 216.0
120.0 217.0
120.0 217.0
126.0 217.0
126.0 217.0
126.0 218.0
126.0 218.0
133.0 218.0
133.0 218.0
133.0 219.0
133.0 219.0
139.0 219.0
139.0 219.0
139.0 220.0
139.0 220.0
144.0 220.0
144.0 220.0
144.0 221.0
144.0 221.0
150.0 221.0
150.0 221.0
150.0 222.0
150.0 222.0
153.0 222.0
153.0 222.0
153.0 223.0
153.0 223.0
159.0 223.0
159.0 223.0
159.0 224.0
159.0 224.0
164.0 224.0
164.0 224.0
164.0 225.0
164.0 225.0
168.0 225.0
168.0 225.0
168.0 226.0
168.0 226.0
173.0 226.0
173.0 226.0
173.0 227.0
173.0 227.0
176.0 227.0
176.0 227.0
176.0 228.0
176.0 228.0
180.0 228.0
180.0 228.0
180.0 229.0
180.0 229.0
185.0 229.0
185.0 229.0
185.0 230.0
185.0 230.0
189.0 230.0
189.0 230.0
189.0 231.0
189.0 231.0
192.0 231.0
192.0 231.0
192.0 232.0
192.0 232.0
195.0 232.0
195.0 232.0
195.0 233.0
195.0 233.0
199.0 233.0
199.0 233.0
199.0 234.0
199.0 234.0
202.0 234.0
202.0 234.0
202.0 235.0
202.0 235.0
206.0 235.0
206.0 235.0
206.0 236.0
206.0 236.0
209.0 236.0
209.0 236.0
209.0 237.0
209.0 237.0
213.0 237.0
213.0 237.0
213.0 238.0
213.0 238.0
216.0 238.0
216.0 238.0
216.0 239.0
216.0 239.0
219.0 239.0
219.0 239.0
219.0 240.0
219.0 240.0
222.0 240.0
222.0 240.0
222.0 241.0
222.0 241.0
226.0 241.0
226.0 241.0
226.0 242.0
226.0 242.0
228.0 242.0
228.0 242.0
228.0 243.0
228.0 243.0
231.0 243.0
231.0 243.0
231.0 244.0
231.0 244.0
234.0 244.0
234.0 244.0
234.0 245.0
234.0 245.0
237.0 245.0
237.0 245.0
237.0 246.0
237.0 246.0
240.0 246.0
240.0 246.0
240.0 247.0
240.0 247.0
242.0 247.0
242.0 247.0
242.0 248.0
242.0 248.0
245.0 248.0
245.0 248.0
245.0 249.0
245.0 249.0
247.0 249.0
247.0 249.0
247.0 250.0
247.0 250.0
249.0 250.0
249.0 250.0
249.0 251.0
249.0 251.0
252.0 251.0
252.0 251.0
252.0 252.0
252.0 252.0
254.0 252.0
254.0 252.0
254.0 253.0
254.0 253.0
256.0 253.0
256.0 253.0
256.0 254.0
256.0 254.0
258.0 254.0
258.0 254.0
258.0 255.0
258.0 255.0
260.0 255.0
260.0 255.0
260.0 256.0
260.0 256.0
262.0 256.0
262.0 256.0
262.0 257.0
262.0 257.0
264.0 257.0
264.0 257.0
264.0 258.0
264.0 258.0
266.0 258.0
266.0 258.0
266.0 259.0
266.0 259.0
268.0 259.0
268.0 259.0
268.0 260.0
268.0 260.0
269.0 260.0
269.0 260.0
269.0 261.0
269.0 261.0
270.0 261.0
270.0 261.0
270.0 262.0
270.0 262.0
273.0 262.0
273.0 262.0
273.0 261.0
273.0 261.0
274.0 261.0
274.0 261.0
274.0 260.0
274.0 260.0
275.0 260.0
275.0 260.0
275.0 259.0
275.0 259.0
277.0 259.0
277.0 259.0
277.0 258.0
277.0 258.0
279.0 258.0
279.0 258.0
279.0 257.0
279.0 257.0
280.0 257.0
280.0 257.0
280.0 256.0
280.0 256.0
283.0 256.0
283.0 256.0
283.0 255.0
283.0 255.0
285.0 255.0
285.0 255.0
285.0 254.0
285.0 254.0
288.0 254.0
288.0 254.0
288.0 253.0
288.0 253.0
290.0 253.0
290.0 253.0
290.0 252.0
290.0 252.0
292.0 252.0
292.0 252.0
292.0 251.0
292.0 251.0
295.0 251.0
295.0 251.0
295.0 250.0
295.0 250.0
298.0 250.0
298.0 250.0
298.0 249.0
298.0 249.0
300.0 249.0
300.0 249.0
300.0 248.0
300.0 248.0
302.0 248.0
302.0 248.0
302.0 247.0
302.0 247.0
305.0 247.0
305.0 247.0
305.0 246.0
305.0 246.0
309.0 246.0
309.0 246.0
309.0 245.0
309.0 245.0
312.0 245.0
312.0 245.0
312.0 244.0
312.0 244.0
314.0 244.0
314.0 244.0
314.0 243.0
314.0 243.0
317.0 243.0
317.0 243.0
317.0 242.0
317.0 242.0
320.0 242.0
320.0 242.0
320.0 241.0
320.0 241.0
323.0 241.0
323.0 241.0
323.0 240.0
323.0 240.0
326.0 240.0
326.0 240.0
326.0 239.0
326.0 239.0
328.0 239.0
328.0 239.0
328.0 238.0
328.0 238.0
332.0 238.0
332.0 238.0
332.0 237.0
332.0 237.0
336.0 237.0
336.0 237.0
336.0 236.0
336.0 236.0
339.0 236.0
339.0 236.0
339.0 235.0
339.0 235.0
342.0 235.0
342.0 235.0
342.0 234.0
342.0 234.0
346.0 234.0
346.0 234.0
346.0 233.0
346.0 233.0
348.0 233.0
348.0 233.0
348.0 232.0
348.0 232.0
352.0 232.0
352.0 232.0
352.0 231.0
352.0 231.0
355.0 231.0
355.0 231.0
355.0 230.0
355.0 230.0
359.0 230.0
359.0 230.0
359.0 229.0
359.0 229.0
362.0 229.0
362.0 229.0
362.0 228.0
362.0 228.0
366.0 228.0
366.0 228.0
366.0 227.0
366.0 227.0
370.0 227.0
370.0 227.0
370.0 226.0
370.0 226.0
373.0 226.0
373.0 226.0
373.0 225.0
373.0 225.0
376.0 225.0
376.0 225.0
376.0 224.0
376.0 224.0
381.0 224.0
381.0 224.0
381.0 223.0
381.0 223.0
385.0 223.0
385.0 223.0
385.0 222.0
385.0 222.0
390.0 222.0
390.0 222.0
390.0 221.0
390.0 221.0
392.0 221.0
392.0 221.0
392.0 220.0
392.0 220.0
398.0 220.0
398.0 220.0
398.0 219.0
398.0 219.0
402.0 219.0
402.0 219.0
402.0 216.0
402.0 216.0
400.0 216.0
400.0 216.0
400.0 215.0
400.0 215.0
398.0 215.0
398.0 215.0
398.0 214.0
398.0 214.0
396.0 214.0
396.0 214.0
396.0 213.0
396.0 213.0
394.0 213.0
394.0 213.0
394.0 212.0
394.0 212.0
392.0 212.0
392.0 212.0
392.0 211.0
392.0 211.0
389.0 211.0
389.0 211.0
389.0 210.0
389.0 210.0
387.0 210.0
387.0 210.0
387.0 209.0
387.0 209.0
384.0 209.0
384.0 209.0
384.0 208.0
384.0 208.0
381.0 208.0
381.0 208.0
381.0 207.0
381.0 207.0
379.0 207.0
379.0 207.0
379.0 206.0
379.0 206.0
376.0 206.0
376.0 206.0
376.0 205.0
376.0 205.0
373.0 205.0
373.0 205.0
373.0 204.0
373.0 204.0
370.0 204.0
370.0 204.0
370.0 203.0
370.0 203.0
367.0 203.0
367.0 203.0
367.0 202.0
367.0 202.0
363.0 202.0
363.0 202.0
363.0 201.0
363.0 201.0
361.0 201.0
361.0 201.0
361.0 200.0
361.0 200.0
357.0 200.0
357.0 200.0
357.0 199.0
357.0 199.0
354.0 199.0
354.0 199.0
354.0 198.0
354.0 198.0
350.0 198.0
350.0 198.0
350.0 197.0
350.0 197.0
347.0 197.0
347.0 197.0
347.0 196.0
347.0 196.0
344.0 196.0
344.0 196.0
344.0 195.0
344.0 195.0
340.0 195.0
340.0 195.0
340.0 194.0
340.0 194.0
336.0 194.0
336.0 194.0
336.0 193.0
336.0 193.0
333.0 193.0
333.0 193.0
333.0 192.0
333.0 192.0
328.0 192.0
328.0 192.0
328.0 191.0
328.0 191.0
325.0 191.0
325.0 191.0
325.0 190.0
325.0 190.0
322.0 190.0
322.0 190.0
322.0 189.0
322.0 189.0
318.0 189.0
318.0 189.0
318.0 188.0
318.0 188.0
313.0 188.0
313.0 188.0
313.0 187.0
313.0 187.0
309.0 187.0
309.0 187.0
309.0 186.0
309.0 186.0
305.0 186.0
305.0 186.0
305.0 185.0
305.0 185.0
301.0 185.0
301.0 185.0
301.0 184.0
301.0 184.0
296.0 184.0
296.0 184.0
296.0 183.0
296.0 183.0
292.0 183.0
292.0 183.0
292.0 182.0
292.0 182.0
288.0 182.0
288.0 182.0
288.0 181.0
288.0 181.0
283.0 181.0
283.0 181.0
283.0 180.0
283.0 180.0
278.0 180.0
278.0 180.0
278.0 179.0
278.0 179.0
273.0 179.0
273.0 179.0
273.0 178.0
273.0 178.0
267.0 178.0
267.0 178.0
267.0 177.0
267.0 177.0
263.0 177.0
263.0 177.0
263.0 176.0
263.0 176.0
256.0 176.0
256.0 176.0
256.0 175.0
256.0 175.0
251.0 175.0
251.0 175.0
251.0 174.0
251.0 174.0
232.0 174.0
232.0 174.0
232.0 175.0
232.0 175.0
228.0 175.0
228.0 175.0
228.0 176.0
228.0 176.0
222.0 176.0
222.0 176.0
222.0 177.0
222.0 177.0
218.0 177.0
218.0 177.0
218.0 178.0
218.0 178.0
214.0 178.0
214.0 178.0
214.0 179.0
214.0 179.0
209.0 179.0
209.0 179.0
209.0 180.0
209.0 180.0
205.0 180.0
205.0 180.0
205.0 181.0
205.0 181.0
202.0 181.0
202.0 181.0
202.0 182.0
202.0 182.0
198.0 182.0
198.0 182.0
198.0 183.0
198.0 183.0
194.0 183.0
194.0 183.0
194.0 184.0
194.0 184.0
190.0 184.0
190.0 184.0
190.0 185.0
190.0 185.0
187.0 185.0
187.0 185.0
187.0 186.0
187.0 186.0
184.0 186.0
184.0 186.0
184.0 187.0
184.0 187.0
180.0 187.0
180.0 187.0
180.0 188.0
180.0 188.0
176.0 188.0
176.0 188.0
176.0 189.0
176.0 189.0
172.0 189.0
172.0 189.0
172.0 190.0
172.0 190.0
169.0 190.0
169.0 190.0
169.0 191.0
169.0 191.0
166.0 191.0
166.0 191.0
166.0 192.0
166.0 192.0
162.0 192.0
162.0 192.0
162.0 193.0
162.0 193.0
159.0 193.0
159.0 193.0
159.0 194.0
159.0 194.0
155.0 194.0
155.0 194.0
155.0 195.0
155.0 195.0
152.0 195.0
152.0 195.0
152.0 196.0
152.0 196.0
150.0 196.0
150.0 196.0
150.0 197.0
150.0 197.0
147.0 197.0
147.0 197.0
147.0 198.0
147.0 198.0
144.0 198.0
144.0 198.0
144.0 199.0
144.0 199.0
140.0 199.0
140.0 199.0
140.0 200.0
140.0 200.0
138.0 200.0
138.0 200.0
138.0 201.0
138.0 201.0
134.0 201.0
134.0 201.0
134.0 202.0
134.0 202.0
132.0 202.0
132.0 202.0
132.0 203.0
132.0 203.0
129.0 203.0
129.0 203.0
129.0 204.0
129.0 204.0
126.0 204.0
126.0 204.0
126.0 205.0
126.0 205.0
124.0 205.0
124.0 205.0
124.0 206.0
124.0 206.0
122.0 206.0
122.0 206.0
122.0 207.0
122.0 207.0
119.0 207.0
119.0 207.0
119.0 208.0
119.0 208.0
116.0 208.0
116.0 208.0
116.0 209.0
116.0 209.0
114.0 209.0
114.0 209.0
114.0 210.0
114.0 210.0
112.0 210.0
112.0 210.0
112.0 211.0
112.0 211.0
110.0 211.0
110.0 211.0
110.0 212.0
110.0 212.0
108.0 212.0
108.0 212.0
108.0 215.0


10

200
514.0 234.0
518.0 234.0
518.0 234.0
518.0 235.0
518.0 235.0
521.0 235.0
521.0 235.0
521.0 236.0
521.0 236.0
522.0 236.0
522.0 236.0
522.0 237.0
522.0 237.0
523.0 237.0
523.0 237.0
523.0 238.0
523.0 238.0
525.0 238.0
525.0 238.0
525.0 239.0
525.0 239.0
526.0 239.0
526.0 239.0
526.0 240.0
526.0 240.0
527.0 240.0
527.0 240.0
527.0 242.0
527.0 242.0
528.0 242.0
528.0 242.0
528.0 243.0
528.0 243.0
529.0 243.0
529.0 243.0
529.0 245.0
529.0 245.0
530.0 245.0
530.0 245.0
530.0 247.0
530.0 247.0
531.0 247.0
531.0 247.0
531.0 250.0
531.0 250.0
532.0 250.0
532.0 250.0
532.0 253.0
532.0 253.0
533.0 253.0
533.0 253.0
533.0 258.0
533.0 258.0
534.0 258.0
534.0 258.0
534.0 262.0
534.0 262.0
533.0 262.0
533.0 262.0
533.0 264.0
533.0 264.0
534.0 264.0
534.0 264.0
534.0 268.0
534.0 268.0
533.0 268.0
533.0 268.0
533.0 272.0
533.0 272.0
532.0 272.0
532.0 272.0
532.0 276.0
532.0 276.0
531.0 276.0
531.0 276.0
531.0 278.0
531.0 278.0
530.0 278.0
530.0 278.0
530.0 280.0
530.0 280.0
529.0 280.0
529.0 280.0
529.0 282.0
529.0 282.0
528.0 282.0
528.0 282.0
528.0 283.0
528.0 283.0
527.0 283.0
527.0 283.0
527.0 284.0
527.0 284.0
526.0 284.0
526.0 284.0
526.0 285.0
526.0 285.0
525.0 285.0
525.0 285.0
525.0 286.0
525.0 286.0
523.0 286.0
523.0 286.0
523.0 287.0
523.0 287.0
521.0 287.0
521.0 287.0
521.0 288.0
521.0 288.0
514.0 288.0
514.0 288.0
514.0 287.0
514.0 287.0
512.0 287.0
512.0 287.0
512.0 286.0
512.0 286.0
510.0 286.0
510.0 286.0
510.0 285.0
510.0 285.0
508.0 285.0
508.0 285.0
508.0 283.0
508.0 283.0
507.0 283.0
507.0 283.0
507.0 282.0
507.0 282.0
506.0 282.0
506.0 282.0
506.0 281.0
506.0 281.0
505.0 281.0
505.0 281.0
505.0 280.0
505.0 280.0
504.0 280.0
504.0 280.0
504.0 278.0
504.0 278.0
503.0 278.0
503.0 278.0
503.0 277.0
503.0 277.0
502.0 277.0
502.0 277.0
502.0 274.0
502.0 274.0
501.0 274.0
501.0 274.0
501.0 270.0
501.0 270.0
500.0 270.0
500.0 270.0
500.0 266.0
500.0 266.0
499.0 266.0
499.0 266.0
499.0 254.0
499.0 254.0
500.0 254.0
500.0 254.0
500.0 248.0
500.0 248.0
501.0 248.0
501.0 248.0
501.0 247.0
501.0 247.0
502.0 247.0
502.0 247.0
502.0 244.0
502.0 244.0
503.0 244.0
503.0 244.0
503.0 242.0
503.0 242.0
504.0 242.0
504.0 242.0
504.0 240.0
504.0 240.0
505.0 240.0
505.0 240.0
505.0 239.0
505.0 239.0
507.0 239.0
507.0 239.0
507.0 237.0
507.0 237.0
509.0 237.0
509.0 237.0
509.0 236.0
509.0 236.0
511.0 236.0
511.0 236.0
511.0 235.0
511.0 235.0
514.0 235.0
514.0 235.0
514.0 234.0


11

184
387.0 242.0
395.0 242.0
395.0 242.0
395.0 243.0
395.0 243.0
396.0 243.0
396.0 243.0
396.0 244.0
396.0 244.0
398.0 244.0
398.0 244.0
398.0 245.0
398.0 245.0
400.0 245.0
400.0 245.0
400.0 247.0
400.0 247.0
401.0 247.0
401.0 247.0
401.0 248.0
401.0 248.0
402.0 248.0
402.0 248.0
402.0 249.0
402.0 249.0
403.0 249.0
403.0 249.0
403.0 251.0
403.0 251.0
404.0 251.0
404.0 251.0
404.0 253.0
404.0 253.0
405.0 253.0
405.0 253.0
405.0 255.0
405.0 255.0
406.0 255.0
406.0 255.0
406.0 258.0
406.0 258.0
407.0 258.0
407.0 258.0
407.0 262.0
407.0 262.0
408.0 262.0
408.0 262.0
408.0 277.0
408.0 277.0
407.0 277.0
407.0 277.0
407.0 282.0
407.0 282.0
406.0 282.0
406.0 282.0
406.0 284.0
406.0 284.0
405.0 284.0
405.0 284.0
405.0 286.0
405.0 286.0
404.0 286.0
404.0 286.0
404.0 288.0
404.0 288.0
403.0 288.0
403.0 288.0
403.0 290.0
403.0 290.0
402.0 290.0
402.0 290.0
402.0 291.0
402.0 291.0
400.0 291.0
400.0 291.0
400.0 293.0
400.0 293.0
398.0 293.0
398.0 293.0
398.0 294.0
398.0 294.0
397.0 294.0
397.0 294.0
397.0 295.0
397.0 295.0
393.0 295.0
393.0 295.0
393.0 296.0
393.0 296.0
392.0 296.0
392.0 296.0
392.0 295.0
392.0 295.0
387.0 295.0
387.0 295.0
387.0 294.0
387.0 294.0
385.0 294.0
385.0 294.0
385.0 293.0
385.0 293.0
383.0 293.0
383.0 293.0
383.0 292.0
383.0 292.0
382.0 292.0
382.0 292.0
382.0 291.0
382.0 291.0
381.0 291.0
381.0 291.0
381.0 289.0
381.0 289.0
380.0 289.0
380.0 289.0
380.0 288.0
380.0 288.0
379.0 288.0
379.0 288.0
379.0 287.0
379.0 287.0
378.0 287.0
378.0 287.0
378.0 285.0
378.0 285.0
377.0 285.0
377.0 285.0
377.0 283.0
377.0 283.0
376.0 283.0
376.0 283.0
376.0 280.0
376.0 280.0
375.0 280.0
375.0 280.0
375.0 277.0
375.0 277.0
374.0 277.0
374.0 277.0
374.0 259.0
374.0 259.0
375.0 259.0
375.0 259.0
375.0 256.0
375.0 256.0
376.0 256.0
376.0 256.0
376.0 252.0
376.0 252.0
377.0 252.0
377.0 252.0
377.0 251.0
377.0 251.0
378.0 251.0
378.0 251.0
378.0 249.0
378.0 249.0
379.0 249.0
379.0 249.0
379.0 248.0
379.0 248.0
380.0 248.0
380.0 248.0
380.0 247.0
380.0 247.0
381.0 247.0
381.0 247.0
381.0 246.0
381.0 246.0
382.0 246.0
382.0 246.0
382.0 245.0
382.0 245.0
383.0 245.0
383.0 245.0
383.0 244.0
383.0 244.0
384.0 244.0
384.0 244.0
384.0 243.0
384.0 243.0
387.0 243.0
387.0 243.0
387.0 242.0


12

188
106.0 251.0
115.0 251.0
115.0 251.0
115.0 252.0
115.0 252.0
116.0 252.0
116.0 252.0
116.0 253.0
116.0 253.0
118.0 253.0
118.0 253.0
118.0 254.0
118.0 254.0
120.0 254.0
120.0 254.0
120.0 256.0
120.0 256.0
122.0 256.0
122.0 256.0
122.0 258.0
122.0 258.0
123.0 258.0
123.0 258.0
123.0 260.0
123.0 260.0
124.0 260.0
124.0 260.0
124.0 261.0
124.0 261.0
125.0 261.0
125.0 261.0
125.0 264.0
125.0 264.0
126.0 264.0
126.0 264.0
126.0 268.0
126.0 268.0
127.0 268.0
127.0 268.0
127.0 275.0
127.0 275.0
128.0 275.0
128.0 275.0
128.0 277.0
128.0 277.0
127.0 277.0
127.0 277.0
127.0 285.0
127.0 285.0
126.0 285.0
126.0 285.0
126.0 290.0
126.0 290.0
125.0 290.0
125.0 290.0
125.0 292.0
125.0 292.0
124.0 292.0
124.0 292.0
124.0 294.0
124.0 294.0
123.0 294.0
123.0 294.0
123.0 296.0
123.0 296.0
122.0 296.0
122.0 296.0
122.0 297.0
122.0 297.0
121.0 297.0
121.0 297.0
121.0 298.0
121.0 298.0
120.0 298.0
120.0 298.0
120.0 300.0
120.0 300.0
119.0 300.0
119.0 300.0
119.0 301.0
119.0 301.0
118.0 301.0
118.0 301.0
118.0 302.0
118.0 302.0
116.0 302.0
116.0 302.0
116.0 303.0
116.0 303.0
114.0 303.0
114.0 303.0
114.0 304.0
114.0 304.0
106.0 304.0
106.0 304.0
106.0 303.0
106.0 303.0
105.0 303.0
105.0 303.0
105.0 302.0
105.0 302.0
103.0 302.0
103.0 302.0
103.0 301.0
103.0 301.0
101.0 301.0
101.0 301.0
101.0 300.0
101.0 300.0
100.0 300.0
100.0 300.0
100.0 299.0
100.0 299.0
99.0 299.0
99.0 299.0
99.0 298.0
99.0 298.0
98.0 298.0
98.0 298.0
98.0 296.0
98.0 296.0
97.0 296.0
97.0 296.0
97.0 294.0
97.0 294.0
96.0 294.0
96.0 294.0
96.0 292.0
96.0 292.0
95.0 292.0
95.0 292.0
95.0 288.0
95.0 288.0
94.0 288.0
94.0 288.0
94.0 284.0
94.0 284.0
93.0 284.0
93.0 284.0
93.0 272.0
93.0 272.0
94.0 272.0
94.0 272.0
94.0 267.0
94.0 267.0
95.0 267.0
95.0 267.0
95.0 264.0
95.0 264.0
96.0 264.0
96.0 264.0
96.0 262.0
96.0 262.0
97.0 262.0
97.0 262.0
97.0 260.0
97.0 260.0
98.0 260.0
98.0 260.0
98.0 258.0
98.0 258.0
99.0 258.0
99.0 258.0
99.0 257.0
99.0 257.0
100.0 257.0
100.0 257.0
100.0 256.0
100.0 256.0
101.0 256.0
101.0 256.0
101.0 255.0
101.0 255.0
102.0 255.0
102.0 255.0
102.0 254.0
102.0 254.0
103.0 254.0
103.0 254.0
103.0 253.0
103.0 253.0
104.0 253.0
104.0 253.0
104.0 252.0
104.0 252.0
106.0 252.0
106.0 252.0
106.0 251.0


13

640
280.0 275.0
281.0 275.0
281.0 275.0
281.0 280.0
281.0 280.0
282.0 280.0
282.0 280.0
282.0 286.0
282.0 286.0
283.0 286.0
283.0 286.0
283.0 292.0
283.0 292.0
284.0 292.0
284.0 292.0
284.0 300.0
284.0 300.0
285.0 300.0
285.0 300.0
285.0 313.0
285.0 313.0
286.0 313.0
286.0 313.0
286.0 336.0
286.0 336.0
287.0 336.0
287.0 336.0
287.0 368.0
287.0 368.0
288.0 368.0
288.0 368.0
288.0 369.0
288.0 369.0
287.0 369.0
287.0 369.0
287.0 371.0
287.0 371.0
288.0 371.0
288.0 371.0
288.0 374.0
288.0 374.0
287.0 374.0
287.0 374.0
287.0 375.0
287.0 375.0
288.0 375.0
288.0 375.0
288.0 377.0
288.0 377.0
287.0 377.0
287.0 377.0
287.0 382.0
287.0 382.0
288.0 382.0
288.0 382.0
288.0 386.0
288.0 386.0
287.0 386.0
287.0 386.0
287.0 387.0
287.0 387.0
288.0 387.0
288.0 387.0
288.0 389.0
288.0 389.0
287.0 389.0
287.0 389.0
287.0 423.0
287.0 423.0
286.0 423.0
286.0 423.0
286.0 443.0
286.0 443.0
285.0 443.0
285.0 443.0
285.0 456.0
285.0 456.0
284.0 456.0
284.0 456.0
284.0 466.0
284.0 466.0
283.0 466.0
283.0 466.0
283.0 474.0
283.0 474.0
282.0 474.0
282.0 474.0
282.0 484.0
282.0 484.0
281.0 484.0
281.0 484.0
281.0 488.0
281.0 488.0
280.0 488.0
280.0 488.0
280.0 494.0
280.0 494.0
279.0 494.0
279.0 494.0
279.0 499.0
279.0 499.0
283.0 499.0
283.0 499.0
283.0 498.0
283.0 498.0
286.0 498.0
286.0 498.0
286.0 497.0
286.0 497.0
288.0 497.0
288.0 497.0
288.0 496.0
288.0 496.0
291.0 496.0
291.0 496.0
291.0 495.0
291.0 495.0
294.0 495.0
294.0 495.0
294.0 494.0
294.0 494.0
296.0 494.0
296.0 494.0
296.0 493.0
296.0 493.0
298.0 493.0
298.0 493.0
298.0 492.0
298.0 492.0
300.0 492.0
300.0 492.0
300.0 491.0
300.0 491.0
303.0 491.0
303.0 491.0
303.0 490.0
303.0 490.0
306.0 490.0
306.0 490.0
306.0 489.0
306.0 489.0
308.0 489.0
308.0 489.0
308.0 488.0
308.0 488.0
311.0 488.0
311.0 488.0
311.0 487.0
311.0 487.0
312.0 487.0
312.0 487.0
312.0 486.0
312.0 486.0
314.0 486.0
314.0 486.0
314.0 485.0
314.0 485.0
316.0 485.0
316.0 485.0
316.0 484.0
316.0 484.0
319.0 484.0
319.0 484.0
319.0 483.0
319.0 483.0
321.0 483.0
321.0 483.0
321.0 482.0
321.0 482.0
323.0 482.0
323.0 482.0
323.0 481.0
323.0 481.0
324.0 481.0
324.0 481.0
324.0 480.0
324.0 480.0
327.0 480.0
327.0 480.0
327.0 479.0
327.0 479.0
329.0 479.0
329.0 479.0
329.0 478.0
329.0 478.0
331.0 478.0
331.0 478.0
331.0 477.0
331.0 477.0
333.0 477.0
333.0 477.0
333.0 476.0
333.0 476.0
335.0 476.0
335.0 476.0
335.0 475.0
335.0 475.0
337.0 475.0
337.0 475.0
337.0 474.0
337.0 474.0
340.0 474.0
340.0 474.0
340.0 473.0
340.0 473.0
341.0 473.0
341.0 473.0
341.0 472.0
341.0 472.0
343.0 472.0
343.0 472.0
343.0 471.0
343.0 471.0
345.0 471.0
345.0 471.0
345.0 470.0
345.0 470.0
347.0 470.0
347.0 470.0
347.0 469.0
347.0 469.0
349.0 469.0
349.0 469.0
349.0 468.0
349.0 468.0
352.0 468.0
352.0 468.0
352.0 467.0
352.0 467.0
354.0 467.0
354.0 467.0
354.0 466.0
354.0 466.0
355.0 466.0
355.0 466.0
355.0 465.0
355.0 465.0
357.0 465.0
357.0 465.0
357.0 464.0
357.0 464.0
359.0 464.0
359.0 464.0
359.0 463.0
359.0 463.0
361.0 463.0
361.0 463.0
361.0 462.0
361.0 462.0
363.0 462.0
363.0 462.0
363.0 461.0
363.0 461.0
365.0 461.0
365.0 461.0
365.0 460.0
365.0 460.0
367.0 460.0
367.0 460.0
367.0 459.0
367.0 459.0
368.0 459.0
368.0 459.0
368.0 458.0
368.0 458.0
370.0 458.0
370.0 458.0
370.0 457.0
370.0 457.0
372.0 457.0
372.0 457.0
372.0 456.0
372.0 456.0
374.0 456.0
374.0 456.0
374.0 455.0
374.0 455.0
376.0 455.0
376.0 455.0
376.0 454.0
376.0 454.0
377.0 454.0
377.0 454.0
377.0 453.0
377.0 453.0
379.0 453.0
379.0 453.0
379.0 452.0
379.0 452.0
381.0 452.0
381.0 452.0
381.0 451.0
381.0 451.0
383.0 451.0
383.0 451.0
383.0 450.0
383.0 450.0
385.0 450.0
385.0 450.0
385.0 449.0
385.0 449.0
386.0 449.0
386.0 449.0
386.0 448.0
386.0 448.0
388.0 448.0
388.0 448.0
388.0 447.0
388.0 447.0
390.0 447.0
390.0 447.0
390.0 446.0
390.0 446.0
392.0 446.0
392.0 446.0
392.0 445.0
392.0 445.0
393.0 445.0
393.0 445.0
393.0 444.0
393.0 444.0
395.0 444.0
395.0 444.0
395.0 443.0
395.0 443.0
396.0 443.0
396.0 443.0
396.0 442.0
396.0 442.0
398.0 442.0
398.0 442.0
398.0 441.0
398.0 441.0
400.0 441.0
400.0 441.0
400.0 440.0
400.0 440.0
401.0 440.0
401.0 440.0
401.0 439.0
401.0 439.0
403.0 439.0
403.0 439.0
403.0 438.0
403.0 438.0
404.0 438.0
404.0 438.0
404.0 437.0
404.0 437.0
405.0 437.0
405.0 437.0
405.0 436.0
405.0 436.0
406.0 436.0
406.0 436.0
406.0 435.0
406.0 435.0
408.0 435.0
408.0 435.0
408.0 434.0
408.0 434.0
410.0 434.0
410.0 434.0
410.0 433.0
410.0 433.0
411.0 433.0
411.0 433.0
411.0 432.0
411.0 432.0
412.0 432.0
412.0 432.0
412.0 431.0
412.0 431.0
413.0 431.0
413.0 431.0
413.0 430.0
413.0 430.0
414.0 430.0
414.0 430.0
414.0 429.0
414.0 429.0
415.0 429.0
415.0 429.0
415.0 427.0
415.0 427.0
416.0 427.0
416.0 427.0
416.0 424.0
416.0 424.0
417.0 424.0
417.0 424.0
417.0 419.0
417.0 419.0
418.0 419.0
418.0 419.0
418.0 416.0
418.0 416.0
419.0 416.0
419.0 416.0
419.0 408.0
419.0 408.0
420.0 408.0
420.0 408.0
420.0 401.0
420.0 401.0
421.0 401.0
421.0 401.0
421.0 391.0
421.0 391.0
422.0 391.0
422.0 391.0
422.0 376.0
422.0 376.0
423.0 376.0
423.0 376.0
423.0 307.0
423.0 307.0
422.0 307.0
422.0 307.0
422.0 304.0
422.0 304.0
423.0 304.0
423.0 304.0
423.0 302.0
423.0 302.0
422.0 302.0
422.0 302.0
422.0 289.0
422.0 289.0
421.0 289.0
421.0 289.0
421.0 288.0
421.0 288.0
422.0 288.0
422.0 288.0
422.0 287.0
422.0 287.0
421.0 287.0
421.0 287.0
421.0 276.0
421.0 276.0
420.0 276.0
420.0 276.0
420.0 264.0
420.0 264.0
419.0 264.0
419.0 264.0
419.0 256.0
419.0 256.0
418.0 256.0
418.0 256.0
418.0 248.0
418.0 248.0
417.0 248.0
417.0 248.0
417.0 244.0
417.0 244.0
416.0 244.0
416.0 244.0
416.0 237.0
416.0 237.0
415.0 237.0
415.0 237.0
415.0 234.0
415.0 234.0
414.0 234.0
414.0 234.0
414.0 229.0
414.0 229.0
413.0 229.0
413.0 229.0
413.0 228.0
413.0 228.0
412.0 228.0
412.0 228.0
412.0 227.0
412.0 227.0
408.0 227.0
408.0 227.0
408.0 228.0
408.0 228.0
400.0 228.0
400.0 228.0
400.0 229.0
400.0 229.0
395.0 229.0
395.0 229.0
395.0 230.0
395.0 230.0
390.0 230.0
390.0 230.0
390.0 231.0
390.0 231.0
386.0 231.0
386.0 231.0
386.0 232.0
386.0 232.0
383.0 232.0
383.0 232.0
383.0 233.0
383.0 233.0
379.0 233.0
379.0 233.0
379.0 234.0
379.0 234.0
375.0 234.0
375.0 234.0
375.0 235.0
375.0 235.0
371.0 235.0
371.0 235.0
371.0 236.0
371.0 236.0
368.0 236.0
368.0 236.0
368.0 237.0
368.0 237.0
365.0 237.0
365.0 237.0
365.0 238.0
365.0 238.0
362.0 238.0
362.0 238.0
362.0 239.0
362.0 239.0
357.0 239.0
357.0 239.0
357.0 240.0
357.0 240.0
354.0 240.0
354.0 240.0
354.0 241.0
354.0 241.0
350.0 241.0
350.0 241.0
350.0 242.0
350.0 242.0
347.0 242.0
347.0 242.0
347.0 243.0
347.0 243.0
344.0 243.0
344.0 243.0
344.0 244.0
344.0 244.0
340.0 244.0
340.0 244.0
340.0 245.0
340.0 245.0
338.0 245.0
338.0 245.0
338.0 246.0
338.0 246.0
335.0 246.0
335.0 246.0
335.0 247.0
335.0 247.0
332.0 247.0
332.0 247.0
332.0 248.0
332.0 248.0
328.0 248.0
328.0 248.0
328.0 249.0
328.0 249.0
325.0 249.0
325.0 249.0
325.0 250.0
325.0 250.0
322.0 250.0
322.0 250.0
322.0 251.0
322.0 251.0
320.0 251.0
320.0 251.0
320.0 252.0
320.0 252.0
317.0 252.0
317.0 252.0
317.0 253.0
317.0 253.0
314.0 253.0
314.0 253.0
314.0 254.0
314.0 254.0
311.0 254.0
311.0 254.0
311.0 255.0
311.0 255.0
308.0 255.0
308.0 255.0
308.0 256.0
308.0 256.0
306.0 256.0
306.0 256.0
306.0 257.0
306.0 257.0
302.0 257.0
302.0 257.0
302.0 258.0
302.0 258.0
300.0 258.0
300.0 258.0
300.0 259.0
300.0 259.0
297.0 259.0
297.0 259.0
297.0 260.0
297.0 260.0
294.0 260.0
294.0 260.0
294.0 261.0
294.0 261.0
292.0 261.0
292.0 261.0
292.0 262.0
292.0 262.0
290.0 262.0
290.0 262.0
290.0 263.0
290.0 263.0
288.0 263.0
288.0 263.0
288.0 264.0
288.0 264.0
285.0 264.0
285.0 264.0
285.0 265.0
285.0 265.0
283.0 265.0
283.0 265.0
283.0 266.0
283.0 266.0
282.0 266.0
282.0 266.0
282.0 267.0
282.0 267.0
280.0 267.0
280.0 267.0
280.0 275.0


14

188
232.0 286.0
242.0 286.0
242.0 286.0
242.0 287.0
242.0 287.0
245.0 287.0
245.0 287.0
245.0 288.0
245.0 288.0
246.0 288.0
246.0 288.0
246.0 289.0
246.0 289.0
247.0 289.0
247.0 289.0
247.0 290.0
247.0 290.0
248.0 290.0
248.0 290.0
248.0 291.0
248.0 291.0
249.0 291.0
249.0 291.0
249.0 292.0
249.0 292.0
250.0 292.0
250.0 292.0
250.0 293.0
250.0 293.0
251.0 293.0
251.0 293.0
251.0 295.0
251.0 295.0
252.0 295.0
252.0 295.0
252.0 296.0
252.0 296.0
253.0 296.0
253.0 296.0
253.0 299.0
253.0 299.0
254.0 299.0
254.0 299.0
254.0 302.0
254.0 302.0
255.0 302.0
255.0 302.0
255.0 310.0
255.0 310.0
256.0 310.0
256.0 310.0
256.0 314.0
256.0 314.0
255.0 314.0
255.0 314.0
255.0 323.0
255.0 323.0
254.0 323.0
254.0 323.0
254.0 326.0
254.0 326.0
253.0 326.0
253.0 326.0
253.0 328.0
253.0 328.0
252.0 328.0
252.0 328.0
252.0 331.0
252.0 331.0
251.0 331.0
251.0 331.0
251.0 332.0
251.0 332.0
250.0 332.0
250.0 332.0
250.0 334.0
250.0 334.0
249.0 334.0
249.0 334.0
249.0 335.0
249.0 335.0
248.0 335.0
248.0 335.0
248.0 336.0
248.0 336.0
247.0 336.0
247.0 336.0
247.0 337.0
247.0 337.0
246.0 337.0
246.0 337.0
246.0 338.0
246.0 338.0
244.0 338.0
244.0 338.0
244.0 339.0
244.0 339.0
240.0 339.0
240.0 339.0
240.0 340.0
240.0 340.0
235.0 340.0
235.0 340.0
235.0 339.0
235.0 339.0
232.0 339.0
232.0 339.0
232.0 338.0
232.0 338.0
231.0 338.0
231.0 338.0
231.0 337.0
231.0 337.0
229.0 337.0
229.0 337.0
229.0 336.0
229.0 336.0
228.0 336.0
228.0 336.0
228.0 334.0
228.0 334.0
226.0 334.0
226.0 334.0
226.0 332.0
226.0 332.0
225.0 332.0
225.0 332.0
225.0 330.0
225.0 330.0
224.0 330.0
224.0 330.0
224.0 328.0
224.0 328.0
223.0 328.0
223.0 328.0
223.0 325.0
223.0 325.0
222.0 325.0
222.0 325.0
222.0 320.0
222.0 320.0
221.0 320.0
221.0 320.0
221.0 304.0
221.0 304.0
222.0 304.0
222.0 304.0
222.0 301.0
222.0 301.0
223.0 301.0
223.0 301.0
223.0 298.0
223.0 298.0
224.0 298.0
224.0 298.0
224.0 296.0
224.0 296.0
225.0 296.0
225.0 296.0
225.0 294.0
225.0 294.0
226.0 294.0
226.0 294.0
226.0 293.0
226.0 293.0
227.0 293.0
227.0 293.0
227.0 291.0
227.0 291.0
228.0 291.0
228.0 291.0
228.0 290.0
228.0 290.0
229.0 290.0
229.0 290.0
229.0 289.0
229.0 289.0
230.0 289.0
230.0 289.0
230.0 288.0
230.0 288.0
231.0 288.0
231.0 288.0
231.0 287.0
231.0 287.0
232.0 287.0
232.0 287.0
232.0 286.0


15

648
75.0 310.0
76.0 310.0
76.0 310.0
76.0 312.0
76.0 312.0
75.0 312.0
75.0 312.0
75.0 341.0
75.0 341.0
74.0 341.0
74.0 341.0
74.0 344.0
74.0 344.0
75.0 344.0
75.0 344.0
75.0 386.0
75.0 386.0
76.0 386.0
76.0 386.0
76.0 399.0
76.0 399.0
77.0 399.0
77.0 399.0
77.0 409.0
77.0 409.0
78.0 409.0
78.0 409.0
78.0 416.0
78.0 416.0
79.0 416.0
79.0 416.0
79.0 424.0
79.0 424.0
80.0 424.0
80.0 424.0
80.0 429.0
80.0 429.0
81.0 429.0
81.0 429.0
81.0 432.0
81.0 432.0
82.0 432.0
82.0 432.0
82.0 435.0
82.0 435.0
83.0 435.0
83.0 435.0
83.0 437.0
83.0 437.0
84.0 437.0
84.0 437.0
84.0 439.0
84.0 439.0
85.0 439.0
85.0 439.0
85.0 440.0
85.0 440.0
87.0 440.0
87.0 440.0
87.0 441.0
87.0 441.0
88.0 441.0
88.0 441.0
88.0 442.0
88.0 442.0
90.0 442.0
90.0 442.0
90.0 443.0
90.0 443.0
92.0 443.0
92.0 443.0
92.0 444.0
92.0 444.0
93.0 444.0
93.0 444.0
93.0 445.0
93.0 445.0
95.0 445.0
95.0 445.0
95.0 446.0
95.0 446.0
97.0 446.0
97.0 446.0
97.0 447.0
97.0 447.0
99.0 447.0
99.0 447.0
99.0 448.0
99.0 448.0
102.0 448.0
102.0 448.0
102.0 449.0
102.0 449.0
104.0 449.0
104.0 449.0
104.0 450.0
104.0 450.0
106.0 450.0
106.0 450.0
106.0 451.0
106.0 451.0
107.0 451.0
107.0 451.0
107.0 452.0
107.0 452.0
110.0 452.0
110.0 452.0
110.0 453.0
110.0 453.0
112.0 453.0
112.0 453.0
112.0 454.0
112.0 454.0
115.0 454.0
115.0 454.0
115.0 455.0
115.0 455.0
117.0 455.0
117.0 455.0
117.0 456.0
117.0 456.0
120.0 456.0
120.0 456.0
120.0 457.0
120.0 457.0
122.0 457.0
122.0 457.0
122.0 458.0
122.0 458.0
125.0 458.0
125.0 458.0
125.0 459.0
125.0 459.0
127.0 459.0
127.0 459.0
127.0 460.0
127.0 460.0
129.0 460.0
129.0 460.0
129.0 461.0
129.0 461.0
132.0 461.0
132.0 461.0
132.0 462.0
132.0 462.0
134.0 462.0
134.0 462.0
134.0 463.0
134.0 463.0
137.0 463.0
137.0 463.0
137.0 464.0
137.0 464.0
140.0 464.0
140.0 464.0
140.0 465.0
140.0 465.0
142.0 465.0
142.0 465.0
142.0 466.0
142.0 466.0
144.0 466.0
144.0 466.0
144.0 467.0
144.0 467.0
147.0 467.0
147.0 467.0
147.0 468.0
147.0 468.0
151.0 468.0
151.0 468.0
151.0 469.0
151.0 469.0
154.0 469.0
154.0 469.0
154.0 470.0
154.0 470.0
156.0 470.0
156.0 470.0
156.0 471.0
156.0 471.0
158.0 471.0
158.0 471.0
158.0 472.0
158.0 472.0
162.0 472.0
162.0 472.0
162.0 473.0
162.0 473.0
165.0 473.0
165.0 473.0
165.0 474.0
165.0 474.0
168.0 474.0
168.0 474.0
168.0 475.0
168.0 475.0
170.0 475.0
170.0 475.0
170.0 476.0
170.0 476.0
174.0 476.0
174.0 476.0
174.0 477.0
174.0 477.0
176.0 477.0
176.0 477.0
176.0 478.0
176.0 478.0
179.0 478.0
179.0 478.0
179.0 479.0
179.0 479.0
182.0 479.0
182.0 479.0
182.0 480.0
182.0 480.0
186.0 480.0
186.0 480.0
186.0 481.0
186.0 481.0
188.0 481.0
188.0 481.0
188.0 482.0
188.0 482.0
192.0 482.0
192.0 482.0
192.0 483.0
192.0 483.0
195.0 483.0
195.0 483.0
195.0 484.0
195.0 484.0
198.0 484.0
198.0 484.0
198.0 485.0
198.0 485.0
201.0 485.0
201.0 485.0
201.0 486.0
201.0 486.0
205.0 486.0
205.0 486.0
205.0 487.0
205.0 487.0
208.0 487.0
208.0 487.0
208.0 488.0
208.0 488.0
211.0 488.0
211.0 488.0
211.0 489.0
211.0 489.0
213.0 489.0
213.0 489.0
213.0 490.0
213.0 490.0
218.0 490.0
218.0 490.0
218.0 491.0
218.0 491.0
221.0 491.0
221.0 491.0
221.0 492.0
221.0 492.0
224.0 492.0
224.0 492.0
224.0 493.0
224.0 493.0
227.0 493.0
227.0 493.0
227.0 494.0
227.0 494.0
230.0 494.0
230.0 494.0
230.0 495.0
230.0 495.0
235.0 495.0
235.0 495.0
235.0 496.0
235.0 496.0
239.0 496.0
239.0 496.0
239.0 497.0
239.0 497.0
242.0 497.0
242.0 497.0
242.0 498.0
242.0 498.0
246.0 498.0
246.0 498.0
246.0 499.0
246.0 499.0
249.0 499.0
249.0 499.0
249.0 500.0
249.0 500.0
253.0 500.0
253.0 500.0
253.0 501.0
253.0 501.0
258.0 501.0
258.0 501.0
258.0 502.0
258.0 502.0
264.0 502.0
264.0 502.0
264.0 503.0
264.0 503.0
266.0 503.0
266.0 503.0
266.0 502.0
266.0 502.0
267.0 502.0
267.0 502.0
267.0 501.0
267.0 501.0
268.0 501.0
268.0 501.0
268.0 495.0
268.0 495.0
269.0 495.0
269.0 495.0
269.0 491.0
269.0 491.0
270.0 491.0
270.0 491.0
270.0 486.0
270.0 486.0
271.0 486.0
271.0 486.0
271.0 481.0
271.0 481.0
272.0 481.0
272.0 481.0
272.0 473.0
272.0 473.0
273.0 473.0
273.0 473.0
273.0 464.0
273.0 464.0
274.0 464.0
274.0 464.0
274.0 454.0
274.0 454.0
275.0 454.0
275.0 454.0
275.0 441.0
275.0 441.0
276.0 441.0
276.0 441.0
276.0 424.0
276.0 424.0
277.0 424.0
277.0 424.0
277.0 395.0
277.0 395.0
278.0 395.0
278.0 395.0
278.0 358.0
278.0 358.0
277.0 358.0
277.0 358.0
277.0 327.0
277.0 327.0
276.0 327.0
276.0 327.0
276.0 313.0
276.0 313.0
275.0 313.0
275.0 313.0
275.0 299.0
275.0 299.0
274.0 299.0
274.0 299.0
274.0 290.0
274.0 290.0
273.0 290.0
273.0 290.0
273.0 286.0
273.0 286.0
272.0 286.0
272.0 286.0
272.0 280.0
272.0 280.0
271.0 280.0
271.0 280.0
271.0 276.0
271.0 276.0
270.0 276.0
270.0 276.0
270.0 273.0
270.0 273.0
269.0 273.0
269.0 273.0
269.0 272.0
269.0 272.0
268.0 272.0
268.0 272.0
268.0 271.0
268.0 271.0
267.0 271.0
267.0 271.0
267.0 270.0
267.0 270.0
266.0 270.0
266.0 270.0
266.0 269.0
266.0 269.0
264.0 269.0
264.0 269.0
264.0 268.0
264.0 268.0
263.0 268.0
263.0 268.0
263.0 267.0
263.0 267.0
261.0 267.0
261.0 267.0
261.0 266.0
261.0 266.0
260.0 266.0
260.0 266.0
260.0 265.0
260.0 265.0
258.0 265.0
258.0 265.0
258.0 264.0
258.0 264.0
256.0 264.0
256.0 264.0
256.0 263.0
256.0 263.0
254.0 263.0
254.0 263.0
254.0 262.0
254.0 262.0
252.0 262.0
252.0 262.0
252.0 261.0
252.0 261.0
250.0 261.0
250.0 261.0
250.0 260.0
250.0 260.0
247.0 260.0
247.0 260.0
247.0 259.0
247.0 259.0
245.0 259.0
245.0 259.0
245.0 258.0
245.0 258.0
242.0 258.0
242.0 258.0
242.0 257.0
242.0 257.0
240.0 257.0
240.0 257.0
240.0 256.0
240.0 256.0
238.0 256.0
238.0 256.0
238.0 255.0
238.0 255.0
234.0 255.0
234.0 255.0
234.0 254.0
234.0 254.0
232.0 254.0
232.0 254.0
232.0 253.0
232.0 253.0
230.0 253.0
230.0 253.0
230.0 252.0
230.0 252.0
227.0 252.0
227.0 252.0
227.0 251.0
227.0 251.0
224.0 251.0
224.0 251.0
224.0 250.0
224.0 250.0
221.0 250.0
221.0 250.0
221.0 249.0
221.0 249.0
219.0 249.0
219.0 249.0
219.0 248.0
219.0 248.0
215.0 248.0
215.0 248.0
215.0 247.0
215.0 247.0
211.0 247.0
211.0 247.0
211.0 246.0
211.0 246.0
208.0 246.0
208.0 246.0
208.0 245.0
208.0 245.0
205.0 245.0
205.0 245.0
205.0 244.0
205.0 244.0
202.0 244.0
202.0 244.0
202.0 243.0
202.0 243.0
198.0 243.0
198.0 243.0
198.0 242.0
198.0 242.0
195.0 242.0
195.0 242.0
195.0 241.0
195.0 241.0
191.0 241.0
191.0 241.0
191.0 240.0
191.0 240.0
187.0 240.0
187.0 240.0
187.0 239.0
187.0 239.0
183.0 239.0
183.0 239.0
183.0 238.0
183.0 238.0
178.0 238.0
178.0 238.0
178.0 237.0
178.0 237.0
175.0 237.0
175.0 237.0
175.0 236.0
175.0 236.0
171.0 236.0
171.0 236.0
171.0 235.0
171.0 235.0
167.0 235.0
167.0 235.0
167.0 234.0
167.0 234.0
162.0 234.0
162.0 234.0
162.0 233.0
162.0 233.0
158.0 233.0
158.0 233.0
158.0 232.0
158.0 232.0
154.0 232.0
154.0 232.0
154.0 231.0
154.0 231.0
148.0 231.0
148.0 231.0
148.0 230.0
148.0 230.0
143.0 230.0
143.0 230.0
143.0 229.0
143.0 229.0
139.0 229.0
139.0 229.0
139.0 228.0
139.0 228.0
132.0 228.0
132.0 228.0
132.0 227.0
132.0 227.0
127.0 227.0
127.0 227.0
127.0 226.0
127.0 226.0
120.0 226.0
120.0 226.0
120.0 225.0
120.0 225.0
112.0 225.0
112.0 225.0
112.0 224.0
112.0 224.0
104.0 224.0
104.0 224.0
104.0 223.0
104.0 223.0
88.0 223.0
88.0 223.0
88.0 225.0
88.0 225.0
87.0 225.0
87.0 225.0
87.0 227.0
87.0 227.0
86.0 227.0
86.0 227.0
86.0 232.0
86.0 232.0
85.0 232.0
85.0 232.0
85.0 235.0
85.0 235.0
84.0 235.0
84.0 235.0
84.0 240.0
84.0 240.0
83.0 240.0
83.0 240.0
83.0 243.0
83.0 243.0
82.0 243.0
82.0 243.0
82.0 250.0
82.0 250.0
81.0 250.0
81.0 250.0
81.0 256.0
81.0 256.0
80.0 256.0
80.0 256.0
80.0 264.0
80.0 264.0
79.0 264.0
79.0 264.0
79.0 273.0
79.0 273.0
78.0 273.0
78.0 273.0
78.0 283.0
78.0 283.0
77.0 283.0
77.0 283.0
77.0 296.0
77.0 296.0
76.0 296.0
76.0 296.0
76.0 308.0
76.0 308.0
75.0 308.0
75.0 308.0
75.0 310.0


16

188
352.0 327.0
361.0 327.0
361.0 327.0
361.0 328.0
361.0 328.0
363.0 328.0
363.0 328.0
363.0 329.0
363.0 329.0
365.0 329.0
365.0 329.0
365.0 330.0
365.0 330.0
366.0 330.0
366.0 330.0
366.0 331.0
366.0 331.0
367.0 331.0
367.0 331.0
367.0 332.0
367.0 332.0
368.0 332.0
368.0 332.0
368.0 334.0
368.0 334.0
369.0 334.0
369.0 334.0
369.0 336.0
369.0 336.0
371.0 336.0
371.0 336.0
371.0 338.0
371.0 338.0
372.0 338.0
372.0 338.0
372.0 342.0
372.0 342.0
373.0 342.0
373.0 342.0
373.0 344.0
373.0 344.0
374.0 344.0
374.0 344.0
374.0 365.0
374.0 365.0
373.0 365.0
373.0 365.0
373.0 368.0
373.0 368.0
372.0 368.0
372.0 368.0
372.0 370.0
372.0 370.0
371.0 370.0
371.0 370.0
371.0 372.0
371.0 372.0
370.0 372.0
370.0 372.0
370.0 374.0
370.0 374.0
369.0 374.0
369.0 374.0
369.0 375.0
369.0 375.0
368.0 375.0
368.0 375.0
368.0 376.0
368.0 376.0
367.0 376.0
367.0 376.0
367.0 377.0
367.0 377.0
366.0 377.0
366.0 377.0
366.0 378.0
366.0 378.0
365.0 378.0
365.0 378.0
365.0 379.0
365.0 379.0
364.0 379.0
364.0 379.0
364.0 380.0
364.0 380.0
361.0 380.0
361.0 380.0
361.0 381.0
361.0 381.0
353.0 381.0
353.0 381.0
353.0 380.0
353.0 380.0
352.0 380.0
352.0 380.0
352.0 379.0
352.0 379.0
350.0 379.0
350.0 379.0
350.0 378.0
350.0 378.0
349.0 378.0
349.0 378.0
349.0 377.0
349.0 377.0
347.0 377.0
347.0 377.0
347.0 376.0
347.0 376.0
346.0 376.0
346.0 376.0
346.0 374.0
346.0 374.0
345.0 374.0
345.0 374.0
345.0 373.0
345.0 373.0
344.0 373.0
344.0 373.0
344.0 371.0
344.0 371.0
343.0 371.0
343.0 371.0
343.0 369.0
343.0 369.0
342.0 369.0
342.0 369.0
342.0 366.0
342.0 366.0
341.0 366.0
341.0 366.0
341.0 362.0
341.0 362.0
340.0 362.0
340.0 362.0
340.0 355.0
340.0 355.0
339.0 355.0
339.0 355.0
339.0 352.0
339.0 352.0
340.0 352.0
340.0 352.0
340.0 346.0
340.0 346.0
341.0 346.0
341.0 346.0
341.0 341.0
341.0 341.0
342.0 341.0
342.0 341.0
342.0 339.0
342.0 339.0
343.0 339.0
343.0 339.0
343.0 336.0
343.0 336.0
344.0 336.0
344.0 336.0
344.0 334.0
344.0 334.0
345.0 334.0
345.0 334.0
345.0 333.0
345.0 333.0
346.0 333.0
346.0 333.0
346.0 332.0
346.0 332.0
347.0 332.0
347.0 332.0
347.0 331.0
347.0 331.0
348.0 331.0
348.0 331.0
348.0 330.0
348.0 330.0
349.0 330.0
349.0 330.0
349.0 329.0
349.0 329.0
350.0 329.0
350.0 329.0
350.0 328.0
350.0 328.0
352.0 328.0
352.0 328.0
352.0 327.0


17

188
168.0 331.0
176.0 331.0
176.0 331.0
176.0 332.0
176.0 332.0
178.0 332.0
178.0 332.0
178.0 333.0
178.0 333.0
179.0 333.0
179.0 333.0
179.0 334.0
179.0 334.0
181.0 334.0
181.0 334.0
181.0 335.0
181.0 335.0
182.0 335.0
182.0 335.0
182.0 336.0
182.0 336.0
183.0 336.0
183.0 336.0
183.0 337.0
183.0 337.0
184.0 337.0
184.0 337.0
184.0 338.0
184.0 338.0
185.0 338.0
185.0 338.0
185.0 340.0
185.0 340.0
186.0 340.0
186.0 340.0
186.0 342.0
186.0 342.0
187.0 342.0
187.0 342.0
187.0 344.0
187.0 344.0
188.0 344.0
188.0 344.0
188.0 347.0
188.0 347.0
189.0 347.0
189.0 347.0
189.0 352.0
189.0 352.0
190.0 352.0
190.0 352.0
190.0 365.0
190.0 365.0
189.0 365.0
189.0 365.0
189.0 368.0
189.0 368.0
188.0 368.0
188.0 368.0
188.0 372.0
188.0 372.0
187.0 372.0
187.0 372.0
187.0 374.0
187.0 374.0
186.0 374.0
186.0 374.0
186.0 376.0
186.0 376.0
185.0 376.0
185.0 376.0
185.0 377.0
185.0 377.0
184.0 377.0
184.0 377.0
184.0 380.0
184.0 380.0
182.0 380.0
182.0 380.0
182.0 381.0
182.0 381.0
181.0 381.0
181.0 381.0
181.0 382.0
181.0 382.0
180.0 382.0
180.0 382.0
180.0 383.0
180.0 383.0
179.0 383.0
179.0 383.0
179.0 384.0
179.0 384.0
178.0 384.0
178.0 384.0
178.0 385.0
178.0 385.0
167.0 385.0
167.0 385.0
167.0 384.0
167.0 384.0
165.0 384.0
165.0 384.0
165.0 383.0
165.0 383.0
164.0 383.0
164.0 383.0
164.0 382.0
164.0 382.0
163.0 382.0
163.0 382.0
163.0 381.0
163.0 381.0
162.0 381.0
162.0 381.0
162.0 380.0
162.0 380.0
161.0 380.0
161.0 380.0
161.0 379.0
161.0 379.0
160.0 379.0
160.0 379.0
160.0 377.0
160.0 377.0
159.0 377.0
159.0 377.0
159.0 376.0
159.0 376.0
158.0 376.0
158.0 376.0
158.0 373.0
158.0 373.0
157.0 373.0
157.0 373.0
157.0 370.0
157.0 370.0
156.0 370.0
156.0 370.0
156.0 366.0
156.0 366.0
155.0 366.0
155.0 366.0
155.0 352.0
155.0 352.0
156.0 352.0
156.0 352.0
156.0 347.0
156.0 347.0
157.0 347.0
157.0 347.0
157.0 344.0
157.0 344.0
158.0 344.0
158.0 344.0
158.0 341.0
158.0 341.0
159.0 341.0
159.0 341.0
159.0 340.0
159.0 340.0
160.0 340.0
160.0 340.0
160.0 338.0
160.0 338.0
161.0 338.0
161.0 338.0
161.0 336.0
161.0 336.0
162.0 336.0
162.0 336.0
162.0 335.0
162.0 335.0
164.0 335.0
164.0 335.0
164.0 334.0
164.0 334.0
165.0 334.0
165.0 334.0
165.0 333.0
165.0 333.0
166.0 333.0
166.0 333.0
166.0 332.0
166.0 332.0
168.0 332.0
168.0 332.0
168.0 331.0


18

168
105.0 373.0
110.0 373.0
110.0 373.0
110.0 374.0
110.0 374.0
113.0 374.0
113.0 374.0
113.0 375.0
113.0 375.0
115.0 375.0
115.0 375.0
115.0 376.0
115.0 376.0
117.0 376.0
117.0 376.0
117.0 378.0
117.0 378.0
118.0 378.0
118.0 378.0
118.0 379.0
118.0 379.0
120.0 379.0
120.0 379.0
120.0 381.0
120.0 381.0
121.0 381.0
121.0 381.0
121.0 384.0
121.0 384.0
123.0 384.0
123.0 384.0
123.0 388.0
123.0 388.0
124.0 388.0
124.0 388.0
124.0 392.0
124.0 392.0
125.0 392.0
125.0 392.0
125.0 409.0
125.0 409.0
124.0 409.0
124.0 409.0
124.0 413.0
124.0 413.0
123.0 413.0
123.0 413.0
123.0 416.0
123.0 416.0
122.0 416.0
122.0 416.0
122.0 418.0
122.0 418.0
121.0 418.0
121.0 418.0
121.0 420.0
121.0 420.0
120.0 420.0
120.0 420.0
120.0 421.0
120.0 421.0
119.0 421.0
119.0 421.0
119.0 423.0
119.0 423.0
118.0 423.0
118.0 423.0
118.0 424.0
118.0 424.0
116.0 424.0
116.0 424.0
116.0 426.0
116.0 426.0
114.0 426.0
114.0 426.0
114.0 427.0
114.0 427.0
112.0 427.0
112.0 427.0
112.0 428.0
112.0 428.0
104.0 428.0
104.0 428.0
104.0 427.0
104.0 427.0
102.0 427.0
102.0 427.0
102.0 426.0
102.0 426.0
100.0 426.0
100.0 426.0
100.0 425.0
100.0 425.0
99.0 425.0
99.0 425.0
99.0 424.0
99.0 424.0
98.0 424.0
98.0 424.0
98.0 422.0
98.0 422.0
96.0 422.0
96.0 422.0
96.0 420.0
96.0 420.0
95.0 420.0
95.0 420.0
95.0 418.0
95.0 418.0
94.0 418.0
94.0 418.0
94.0 417.0
94.0 417.0
93.0 417.0
93.0 417.0
93.0 414.0
93.0 414.0
92.0 414.0
92.0 414.0
92.0 408.0
92.0 408.0
91.0 408.0
91.0 408.0
91.0 392.0
91.0 392.0
92.0 392.0
92.0 392.0
92.0 387.0
92.0 387.0
93.0 387.0
93.0 387.0
93.0 386.0
93.0 386.0
94.0 386.0
94.0 386.0
94.0 384.0
94.0 384.0
95.0 384.0
95.0 384.0
95.0 382.0
95.0 382.0
96.0 382.0
96.0 382.0
96.0 380.0
96.0 380.0
97.0 380.0
97.0 380.0
97.0 379.0
97.0 379.0
98.0 379.0
98.0 379.0
98.0 378.0
98.0 378.0
99.0 378.0
99.0 378.0
99.0 376.0
99.0 376.0
102.0 376.0
102.0 376.0
102.0 375.0
102.0 375.0
103.0 375.0
103.0 375.0
103.0 374.0
103.0 374.0
105.0 374.0
105.0 374.0
105.0 373.0


19

192
311.0 412.0
313.0 412.0
313.0 412.0
313.0 413.0
313.0 413.0
317.0 413.0
317.0 413.0
317.0 414.0
317.0 414.0
319.0 414.0
319.0 414.0
319.0 415.0
319.0 415.0
320.0 415.0
320.0 415.0
320.0 416.0
320.0 416.0
321.0 416.0
321.0 416.0
321.0 417.0
321.0 417.0
323.0 417.0
323.0 417.0
323.0 419.0
323.0 419.0
324.0 419.0
324.0 419.0
324.0 420.0
324.0 420.0
325.0 420.0
325.0 420.0
325.0 421.0
325.0 421.0
326.0 421.0
326.0 421.0
326.0 424.0
326.0 424.0
327.0 424.0
327.0 424.0
327.0 427.0
327.0 427.0
328.0 427.0
328.0 427.0
328.0 430.0
328.0 430.0
329.0 430.0
329.0 430.0
329.0 435.0
329.0 435.0
330.0 435.0
330.0 435.0
330.0 447.0
330.0 447.0
329.0 447.0
329.0 447.0
329.0 452.0
329.0 452.0
328.0 452.0
328.0 452.0
328.0 456.0
328.0 456.0
327.0 456.0
327.0 456.0
327.0 457.0
327.0 457.0
326.0 457.0
326.0 457.0
326.0 459.0
326.0 459.0
325.0 459.0
325.0 459.0
325.0 461.0
325.0 461.0
324.0 461.0
324.0 461.0
324.0 462.0
324.0 462.0
323.0 462.0
323.0 462.0
323.0 464.0
323.0 464.0
321.0 464.0
321.0 464.0
321.0 465.0
321.0 465.0
320.0 465.0
320.0 465.0
320.0 466.0
320.0 466.0
318.0 466.0
318.0 466.0
318.0 467.0
318.0 467.0
317.0 467.0
317.0 467.0
317.0 468.0
317.0 468.0
309.0 468.0
309.0 468.0
309.0 467.0
309.0 467.0
306.0 467.0
306.0 467.0
306.0 466.0
306.0 466.0
305.0 466.0
305.0 466.0
305.0 465.0
305.0 465.0
304.0 465.0
304.0 465.0
304.0 464.0
304.0 464.0
302.0 464.0
302.0 464.0
302.0 462.0
302.0 462.0
301.0 462.0
301.0 462.0
301.0 461.0
301.0 461.0
300.0 461.0
300.0 461.0
300.0 459.0
300.0 459.0
299.0 459.0
299.0 459.0
299.0 458.0
299.0 458.0
298.0 458.0
298.0 458.0
298.0 456.0
298.0 456.0
297.0 456.0
297.0 456.0
297.0 453.0
297.0 453.0
296.0 453.0
296.0 453.0
296.0 449.0
296.0 449.0
295.0 449.0
295.0 449.0
295.0 431.0
295.0 431.0
296.0 431.0
296.0 431.0
296.0 427.0
296.0 427.0
297.0 427.0
297.0 427.0
297.0 424.0
297.0 424.0
298.0 424.0
298.0 424.0
298.0 423.0
298.0 423.0
299.0 423.0
299.0 423.0
299.0 421.0
299.0 421.0
300.0 421.0
300.0 421.0
300.0 419.0
300.0 419.0
301.0 419.0
301.0 419.0
301.0 418.0
301.0 418.0
302.0 418.0
302.0 418.0
302.0 417.0
302.0 417.0
303.0 417.0
303.0 417.0
303.0 416.0
303.0 416.0
304.0 416.0
304.0 416.0
304.0 415.0
304.0 415.0
306.0 415.0
306.0 415.0
306.0 414.0
306.0 414.0
307.0 414.0
307.0 414.0
307.0 413.0
307.0 413.0
311.0 413.0
311.0 413.0
311.0 412.0


20

180
231.0 420.0
240.0 420.0
240.0 420.0
240.0 421.0
240.0 421.0
241.0 421.0
241.0 421.0
241.0 422.0
241.0 422.0
243.0 422.0
243.0 422.0
243.0 423.0
243.0 423.0
244.0 423.0
244.0 423.0
244.0 424.0
244.0 424.0
246.0 424.0
246.0 424.0
246.0 426.0
246.0 426.0
247.0 426.0
247.0 426.0
247.0 427.0
247.0 427.0
248.0 427.0
248.0 427.0
248.0 428.0
248.0 428.0
249.0 428.0
249.0 428.0
249.0 431.0
249.0 431.0
250.0 431.0
250.0 431.0
250.0 432.0
250.0 432.0
251.0 432.0
251.0 432.0
251.0 436.0
251.0 436.0
252.0 436.0
252.0 436.0
252.0 440.0
252.0 440.0
253.0 440.0
253.0 440.0
253.0 456.0
253.0 456.0
252.0 456.0
252.0 456.0
252.0 460.0
252.0 460.0
251.0 460.0
251.0 460.0
251.0 462.0
251.0 462.0
250.0 462.0
250.0 462.0
250.0 464.0
250.0 464.0
249.0 464.0
249.0 464.0
249.0 467.0
249.0 467.0
248.0 467.0
248.0 467.0
248.0 468.0
248.0 468.0
247.0 468.0
247.0 468.0
247.0 470.0
247.0 470.0
246.0 470.0
246.0 470.0
246.0 471.0
246.0 471.0
245.0 471.0
245.0 471.0
245.0 472.0
245.0 472.0
243.0 472.0
243.0 472.0
243.0 473.0
243.0 473.0
242.0 473.0
242.0 473.0
242.0 474.0
242.0 474.0
240.0 474.0
240.0 474.0
240.0 475.0
240.0 475.0
231.0 475.0
231.0 475.0
231.0 474.0
231.0 474.0
230.0 474.0
230.0 474.0
230.0 473.0
230.0 473.0
228.0 473.0
228.0 473.0
228.0 472.0
228.0 472.0
226.0 472.0
226.0 472.0
226.0 471.0
226.0 471.0
225.0 471.0
225.0 471.0
225.0 470.0
225.0 470.0
224.0 470.0
224.0 470.0
224.0 468.0
224.0 468.0
223.0 468.0
223.0 468.0
223.0 467.0
223.0 467.0
222.0 467.0
222.0 467.0
222.0 465.0
222.0 465.0
221.0 465.0
221.0 465.0
221.0 462.0
221.0 462.0
220.0 462.0
220.0 462.0
220.0 459.0
220.0 459.0
219.0 459.0
219.0 459.0
219.0 456.0
219.0 456.0
218.0 456.0
218.0 456.0
218.0 440.0
218.0 440.0
219.0 440.0
219.0 440.0
219.0 435.0
219.0 435.0
220.0 435.0
220.0 435.0
220.0 432.0
220.0 432.0
221.0 432.0
221.0 432.0
221.0 430.0
221.0 430.0
222.0 430.0
222.0 430.0
222.0 428.0
222.0 428.0
223.0 428.0
223.0 428.0
223.0 426.0
223.0 426.0
224.0 426.0
224.0 426.0
224.0 424.0
224.0 424.0
226.0 424.0
226.0 424.0
226.0 423.0
226.0 423.0
228.0 423.0
228.0 423.0
228.0 422.0
228.0 422.0
229.0 422.0
229.0 422.0
229.0 421.0
229.0 421.0
231.0 421.0
231.0 421.0
231.0 420.0


