1

483
362.0 36.0
471.3 46.9
540.0 88.0
540.0 88.0
568.2 152.9
556.0 235.0
556.0 235.0
565.1 326.1
483.0 337.0
483.0 337.0
483.0 337.5
483.0 338.0
483.0 338.0
482.5 338.0
482.0 338.0
482.0 338.0
482.0 338.5
482.0 339.0
482.0 339.0
481.5 339.0
481.0 339.0
481.0 339.0
480.5 339.0
480.0 339.0
480.0 339.0
480.0 339.5
480.0 340.0
480.0 340.0
479.5 340.0
479.0 340.0
479.0 340.0
478.5 340.0
478.0 340.0
478.0 340.0
478.0 340.5
478.0 341.0
478.0 341.0
477.5 341.0
477.0 341.0
477.0 341.0
476.5 341.0
476.0 341.0
476.0 341.0
476.0 341.5
476.0 342.0
476.0 342.0
475.5 342.0
475.0 342.0
475.0 342.0
474.5 342.0
474.0 342.0
474.0 342.0
474.0 342.5
474.0 343.0
474.0 343.0
473.5 343.0
473.0 343.0
473.0 343.0
472.5 343.0
472.0 343.0
472.0 343.0
472.0 343.5
472.0 344.0
472.0 344.0
471.5 344.0
471.0 344.0
471.0 344.0
470.5 344.0
470.0 344.0
470.0 344.0
470.0 344.5
470.0 345.0
470.0 345.0
469.5 345.0
469.0 345.0
469.0 345.0
468.5 345.0
468.0 345.0
468.0 345.0
468.0 345.5
468.0 346.0
468.0 346.0
467.5 346.0
467.0 346.0
467.0 346.0
466.5 346.0
466.0 346.0
466.0 346.0
466.0 346.5
466.0 347.0
466.0 347.0
465.5 347.0
465.0 347.0
465.0 347.0
464.5 347.0
464.0 347.0
464.0 347.0
464.0 347.5
464.0 348.0
464.0 348.0
463.5 348.0
463.0 348.0
463.0 348.0
462.5 348.0
462.0 348.0
462.0 348.0
462.0 348.5
462.0 349.0
462.0 349.0
461.5 349.0
461.0 349.0
461.0 349.0
460.5 349.0
460.0 349.0
460.0 349.0
460.0 349.5
460.0 350.0
460.0 350.0
459.5 350.0
459.0 350.0
459.0 350.0
458.5 350.0
458.0 350.0
458.0 350.0
458.0 350.5
458.0 351.0
458.0 351.0
457.5 351.0
457.0 351.0
457.0 351.0
457.0 351.5
457.0 352.0
457.0 352.0
456.5 352.0
456.0 352.0
456.0 352.0
455.5 352.0
455.0 352.0
455.0 352.0
454.5 352.0
454.0 352.0
454.0 352.0
454.0 352.5
454.0 353.0
454.0 353.0
453.5 353.0
453.0 353.0
453.0 353.0
452.5 353.0
452.0 353.0
452.0 353.0
452.0 353.5
452.0 354.0
452.0 354.0
451.5 354.0
451.0 354.0
451.0 354.0
450.5 354.0
450.0 354.0
450.0 354.0
449.5 354.0
449.0 354.0
449.0 354.0
449.0 354.5
449.0 355.0
449.0 355.0
448.5 355.0
448.0 355.0
448.0 355.0
448.0 355.5
448.0 356.0
448.0 356.0
447.5 356.0
447.0 356.0
447.0 356.0
446.5 356.0
446.0 356.0
446.0 356.0
445.5 356.0
445.0 356.0
445.0 356.0
445.0 356.5
445.0 357.0
445.0 357.0
444.5 357.0
444.0 357.0
444.0 357.0
444.0 357.5
444.0 358.0
444.0 358.0
443.5 358.0
443.0 358.0
443.0 358.0
442.5 358.0
442.0 358.0
442.0 358.0
441.5 358.0
441.0 358.0
441.0 358.0
440.5 358.0
440.0 358.0
440.0 358.0
440.0 358.5
440.0 359.0
440.0 359.0
439.5 359.0
439.0 359.0
439.0 359.0
438.5 359.0
438.0 359.0
438.0 359.0
438.0 359.5
438.0 360.0
438.0 360.0
437.5 360.0
437.0 360.0
437.0 360.0
437.0 360.5
437.0 361.0
437.0 361.0
436.5 361.0
436.0 361.0
436.0 361.0
435.5 361.0
435.0 361.0
435.0 361.0
435.0 361.5
435.0 362.0
435.0 362.0
434.5 362.0
434.0 362.0
434.0 362.0
433.5 362.0
433.0 362.0
433.0 362.0
433.0 362.5
433.0 363.0
433.0 363.0
433.0 363.5
433.0 364.0
433.0 364.0
433.0 364.5
433.0 365.0
433.0 365.0
433.0 365.5
433.0 366.0
433.0 366.0
433.0 366.5
433.0 367.0
433.0 367.0
433.0 367.5
433.0 368.0
433.0 368.0
433.0 368.5
433.0 369.0
433.0 369.0
433.0 369.5
433.0 370.0
433.0 370.0
433.0 370.5
433.0 371.0
433.0 371.0
432.5 371.0
432.0 371.0
432.0 371.0
432.0 371.5
432.0 372.0
432.0 372.0
432.0 372.5
432.0 373.0
432.0 373.0
432.0 373.5
432.0 374.0
432.0 374.0
432.0 374.5
432.0 375.0
432.0 375.0
432.0 375.5
432.0 376.0
432.0 376.0
432.0 376.5
432.0 377.0
432.0 377.0
432.0 377.5
432.0 378.0
432.0 378.0
432.0 378.5
432.0 379.0
432.0 379.0
432.0 379.5
432.0 380.0
432.0 380.0
432.0 380.5
432.0 381.0
432.0 381.0
432.0 381.5
432.0 382.0
432.0 382.0
432.0 382.5
432.0 383.0
432.0 383.0
432.0 383.5
432.0 384.0
432.0 384.0
432.0 384.5
432.0 385.0
432.0 385.0
432.0 385.5
432.0 386.0
432.0 386.0
432.0 386.5
432.0 387.0
432.0 387.0
432.0 387.5
432.0 388.0
432.0 388.0
432.0 388.5
432.0 389.0
432.0 389.0
432.0 389.5
432.0 390.0
432.0 390.0
432.0 390.5
432.0 391.0
432.0 391.0
431.5 391.0
431.0 391.0
431.0 391.0
431.0 391.5
431.0 392.0
431.0 392.0
431.0 392.5
431.0 393.0
431.0 393.0
431.0 393.5
431.0 394.0
431.0 394.0
431.0 394.5
431.0 395.0
431.0 395.0
431.0 395.5
431.0 396.0
431.0 396.0
431.0 396.5
431.0 397.0
431.0 397.0
431.0 397.5
431.0 398.0
431.0 398.0
431.0 398.5
431.0 399.0
431.0 399.0
431.0 399.5
431.0 400.0
431.0 400.0
431.0 400.5
431.0 401.0
431.0 401.0
431.0 401.5
431.0 402.0
431.0 402.0
430.5 402.0
430.0 402.0
430.0 402.0
430.0 402.5
430.0 403.0
430.0 403.0
430.0 403.5
430.0 404.0
430.0 404.0
430.0 404.5
430.0 405.0
430.0 405.0
430.0 405.5
430.0 406.0
430.0 406.0
430.0 406.5
430.0 407.0
430.0 407.0
430.0 407.5
430.0 408.0
430.0 408.0
430.0 408.5
430.0 409.0
430.0 409.0
429.5 409.0
429.0 409.0
429.0 409.0
429.0 409.5
429.0 410.0
429.0 410.0
429.0 410.5
429.0 411.0
429.0 411.0
429.0 411.5
429.0 412.0
429.0 412.0
429.0 412.5
429.0 413.0
429.0 413.0
429.0 413.5
429.0 414.0
429.0 414.0
429.0 414.5
429.0 415.0
429.0 415.0
429.0 415.5
429.0 416.0
429.0 416.0
429.0 416.5
429.0 417.0
429.0 417.0
428.5 417.0
428.0 417.0
428.0 417.0
428.0 417.5
428.0 418.0
428.0 418.0
428.0 418.5
428.0 419.0
428.0 419.0
428.0 419.5
428.0 420.0
428.0 420.0
427.5 420.0
427.0 420.0
427.0 420.0
427.0 420.5
427.0 421.0
427.0 421.0
427.0 421.5
427.0 422.0
427.0 422.0
427.0 422.5
427.0 423.0
427.0 423.0
427.0 423.5
427.0 424.0
427.0 424.0
427.0 424.5
427.0 425.0
427.0 425.0
426.5 425.0
426.0 425.0
426.0 425.0
426.0 425.5
426.0 426.0
426.0 426.0
426.0 426.5
426.0 427.0
426.0 427.0
426.0 427.5
426.0 428.0
426.0 428.0
425.5 428.0
425.0 428.0
425.0 428.0
425.0 428.5
425.0 429.0
425.0 429.0
425.0 429.5
425.0 430.0
425.0 430.0
425.0 430.5
425.0 431.0
425.0 431.0
362.7 492.0
275.0 513.0
275.0 513.0
168.8 501.0
77.0 446.0
77.0 446.0
50.2 336.2
82.0 218.0
82.0 218.0
129.9 193.1
191.0 176.0
191.0 176.0
204.3 141.3
204.0 94.0
204.0 94.0
269.0 49.5
362.0 36.0


2

249
371.0 48.0
371.5 48.0
372.0 48.0
372.0 48.0
372.5 48.0
373.0 48.0
373.0 48.0
373.5 48.0
374.0 48.0
374.0 48.0
374.5 48.0
375.0 48.0
375.0 48.0
375.5 48.0
376.0 48.0
376.0 48.0
376.5 48.0
377.0 48.0
377.0 48.0
377.5 48.0
378.0 48.0
378.0 48.0
378.0 47.5
378.0 47.0
378.0 47.0
377.5 47.0
377.0 47.0
377.0 47.0
376.5 47.0
376.0 47.0
376.0 47.0
376.0 46.5
376.0 46.0
376.0 46.0
299.4 51.1
234.0 84.0
234.0 84.0
329.0 96.2
394.0 129.0
394.0 129.0
461.2 106.1
523.0 87.0
523.0 87.0
472.9 62.3
391.0 48.0
391.0 48.0
425.5 72.0
369.0 73.0
369.0 73.0
369.0 72.5
369.0 72.0
369.0 72.0
368.5 72.0
368.0 72.0
368.0 72.0
367.5 72.0
367.0 72.0
367.0 72.0
366.5 72.0
366.0 72.0
366.0 72.0
365.5 72.0
365.0 72.0
365.0 72.0
364.5 72.0
364.0 72.0
364.0 72.0
363.5 72.0
363.0 72.0
363.0 72.0
363.0 71.5
363.0 71.0
363.0 71.0
362.5 71.0
362.0 71.0
362.0 71.0
361.5 71.0
361.0 71.0
361.0 71.0
360.5 71.0
360.0 71.0
360.0 71.0
359.5 71.0
359.0 71.0
359.0 71.0
359.0 70.5
359.0 70.0
359.0 70.0
358.5 70.0
358.0 70.0
358.0 70.0
357.5 70.0
357.0 70.0
357.0 70.0
357.0 69.5
357.0 69.0
357.0 69.0
356.5 69.0
356.0 69.0
356.0 69.0
355.5 69.0
355.0 69.0
355.0 69.0
355.0 68.5
355.0 68.0
355.0 68.0
354.5 68.0
354.0 68.0
354.0 68.0
353.5 68.0
353.0 68.0
353.0 68.0
353.0 67.5
353.0 67.0
353.0 67.0
352.5 67.0
352.0 67.0
352.0 67.0
352.0 66.5
352.0 66.0
352.0 66.0
351.5 66.0
351.0 66.0
351.0 66.0
351.0 65.5
351.0 65.0
351.0 65.0
351.0 64.5
351.0 64.0
351.0 64.0
350.5 64.0
350.0 64.0
350.0 64.0
350.0 63.5
350.0 63.0
350.0 63.0
350.0 62.5
350.0 62.0
350.0 62.0
349.5 62.0
349.0 62.0
349.0 62.0
349.0 61.5
349.0 61.0
349.0 61.0
349.0 60.5
349.0 60.0
349.0 60.0
349.0 59.5
349.0 59.0
349.0 59.0
349.5 59.0
350.0 59.0
350.0 59.0
350.0 58.5
350.0 58.0
350.0 58.0
350.0 57.5
350.0 57.0
350.0 57.0
350.0 56.5
350.0 56.0
350.0 56.0
350.5 56.0
351.0 56.0
351.0 56.0
351.0 55.5
351.0 55.0
351.0 55.0
351.5 55.0
352.0 55.0
352.0 55.0
352.0 54.5
352.0 54.0
352.0 54.0
352.5 54.0
353.0 54.0
353.0 54.0
353.5 54.0
354.0 54.0
354.0 54.0
354.0 53.5
354.0 53.0
354.0 53.0
354.5 53.0
355.0 53.0
355.0 53.0
355.0 52.5
355.0 52.0
355.0 52.0
355.5 52.0
356.0 52.0
356.0 52.0
356.5 52.0
357.0 52.0
357.0 52.0
357.0 51.5
357.0 51.0
357.0 51.0
357.5 51.0
358.0 51.0
358.0 51.0
358.5 51.0
359.0 51.0
359.0 51.0
359.5 51.0
360.0 51.0
360.0 51.0
360.0 50.5
360.0 50.0
360.0 50.0
360.5 50.0
361.0 50.0
361.0 50.0
361.5 50.0
362.0 50.0
362.0 50.0
362.5 50.0
363.0 50.0
363.0 50.0
363.0 49.5
363.0 49.0
363.0 49.0
363.5 49.0
364.0 49.0
364.0 49.0
364.5 49.0
365.0 49.0
365.0 49.0
365.5 49.0
366.0 49.0
366.0 49.0
366.5 49.0
367.0 49.0
367.0 49.0
367.5 49.0
368.0 49.0
368.0 49.0
368.5 49.0
369.0 49.0
369.0 49.0
369.5 49.0
370.0 49.0
370.0 49.0
370.5 49.0
371.0 49.0
371.0 49.0
371.0 48.5
371.0 48.0


3

201
391.0 90.0
458.7 110.7
385.0 116.0
385.0 116.0
384.5 116.0
384.0 116.0
384.0 116.0
383.5 116.0
383.0 116.0
383.0 116.0
383.0 115.5
383.0 115.0
383.0 115.0
382.5 115.0
382.0 115.0
382.0 115.0
381.5 115.0
381.0 115.0
381.0 115.0
380.5 115.0
380.0 115.0
380.0 115.0
379.5 115.0
379.0 115.0
379.0 115.0
379.0 114.5
379.0 114.0
379.0 114.0
378.5 114.0
378.0 114.0
378.0 114.0
377.5 114.0
377.0 114.0
377.0 114.0
376.5 114.0
376.0 114.0
376.0 114.0
376.0 113.5
376.0 113.0
376.0 113.0
375.5 113.0
375.0 113.0
375.0 113.0
375.0 112.5
375.0 112.0
375.0 112.0
374.5 112.0
374.0 112.0
374.0 112.0
373.5 112.0
373.0 112.0
373.0 112.0
373.0 111.5
373.0 111.0
373.0 111.0
372.5 111.0
372.0 111.0
372.0 111.0
372.0 110.5
372.0 110.0
372.0 110.0
371.5 110.0
371.0 110.0
371.0 110.0
371.0 109.5
371.0 109.0
371.0 109.0
370.5 109.0
370.0 109.0
370.0 109.0
370.0 108.5
370.0 108.0
370.0 108.0
369.5 108.0
369.0 108.0
369.0 108.0
369.0 107.5
369.0 107.0
369.0 107.0
369.0 106.5
369.0 106.0
369.0 106.0
368.5 106.0
368.0 106.0
368.0 106.0
368.0 105.5
368.0 105.0
368.0 105.0
368.0 104.5
368.0 104.0
368.0 104.0
368.0 103.5
368.0 103.0
368.0 103.0
368.0 102.5
368.0 102.0
368.0 102.0
368.0 101.5
368.0 101.0
368.0 101.0
368.5 101.0
369.0 101.0
369.0 101.0
369.0 100.5
369.0 100.0
369.0 100.0
369.0 99.5
369.0 99.0
369.0 99.0
369.5 99.0
370.0 99.0
370.0 99.0
370.0 98.5
370.0 98.0
370.0 98.0
370.5 98.0
371.0 98.0
371.0 98.0
371.0 97.5
371.0 97.0
371.0 97.0
371.5 97.0
372.0 97.0
372.0 97.0
372.0 96.5
372.0 96.0
372.0 96.0
372.5 96.0
373.0 96.0
373.0 96.0
373.0 95.5
373.0 95.0
373.0 95.0
373.5 95.0
374.0 95.0
374.0 95.0
374.5 95.0
375.0 95.0
375.0 95.0
375.0 94.5
375.0 94.0
375.0 94.0
375.5 94.0
376.0 94.0
376.0 94.0
376.0 93.5
376.0 93.0
376.0 93.0
376.5 93.0
377.0 93.0
377.0 93.0
377.5 93.0
378.0 93.0
378.0 93.0
378.5 93.0
379.0 93.0
379.0 93.0
379.5 93.0
380.0 93.0
380.0 93.0
380.0 92.5
380.0 92.0
380.0 92.0
380.5 92.0
381.0 92.0
381.0 92.0
381.5 92.0
382.0 92.0
382.0 92.0
382.5 92.0
383.0 92.0
383.0 92.0
383.5 92.0
384.0 92.0
384.0 92.0
384.0 91.5
384.0 91.0
384.0 91.0
384.5 91.0
385.0 91.0
385.0 91.0
385.5 91.0
386.0 91.0
386.0 91.0
386.5 91.0
387.0 91.0
387.0 91.0
387.5 91.0
388.0 91.0
388.0 91.0
388.5 91.0
389.0 91.0
389.0 91.0
389.5 91.0
390.0 91.0
390.0 91.0
390.5 91.0
391.0 91.0
391.0 91.0
391.0 90.5
391.0 90.0


4

510
510.0 115.0
510.5 115.0
511.0 115.0
511.0 115.0
511.5 115.0
512.0 115.0
512.0 115.0
512.5 115.0
513.0 115.0
513.0 115.0
513.5 115.0
514.0 115.0
514.0 115.0
514.0 115.5
514.0 116.0
514.0 116.0
514.5 116.0
515.0 116.0
515.0 116.0
515.5 116.0
516.0 116.0
516.0 116.0
516.5 116.0
517.0 116.0
517.0 116.0
517.5 116.0
518.0 116.0
518.0 116.0
518.0 116.5
518.0 117.0
518.0 117.0
518.5 117.0
519.0 117.0
519.0 117.0
519.5 117.0
520.0 117.0
520.0 117.0
520.0 117.5
520.0 118.0
520.0 118.0
520.5 118.0
521.0 118.0
521.0 118.0
521.0 118.5
521.0 119.0
521.0 119.0
521.5 119.0
522.0 119.0
522.0 119.0
522.0 119.5
522.0 120.0
522.0 120.0
522.5 120.0
523.0 120.0
523.0 120.0
523.0 120.5
523.0 121.0
523.0 121.0
523.5 121.0
524.0 121.0
524.0 121.0
524.0 121.5
524.0 122.0
524.0 122.0
524.0 122.5
524.0 123.0
524.0 123.0
524.5 123.0
525.0 123.0
525.0 123.0
525.0 123.5
525.0 124.0
525.0 124.0
525.5 124.0
526.0 124.0
526.0 124.0
526.0 124.5
526.0 125.0
526.0 125.0
526.0 125.5
526.0 126.0
526.0 126.0
526.5 126.0
527.0 126.0
527.0 126.0
527.0 126.5
527.0 127.0
527.0 127.0
527.0 127.5
527.0 128.0
527.0 128.0
527.5 128.0
528.0 128.0
528.0 128.0
528.0 128.5
528.0 129.0
528.0 129.0
528.0 129.5
528.0 130.0
528.0 130.0
528.0 130.5
528.0 131.0
528.0 131.0
528.5 131.0
529.0 131.0
529.0 131.0
529.0 131.5
529.0 132.0
529.0 132.0
529.0 132.5
529.0 133.0
529.0 133.0
529.0 133.5
529.0 134.0
529.0 134.0
529.5 134.0
530.0 134.0
530.0 134.0
530.0 134.5
530.0 135.0
530.0 135.0
530.0 135.5
530.0 136.0
530.0 136.0
530.0 136.5
530.0 137.0
530.0 137.0
530.0 137.5
530.0 138.0
530.0 138.0
530.0 138.5
530.0 139.0
530.0 139.0
530.0 139.5
530.0 140.0
530.0 140.0
530.0 140.5
530.0 141.0
530.0 141.0
530.0 141.5
530.0 142.0
530.0 142.0
530.0 142.5
530.0 143.0
530.0 143.0
530.0 143.5
530.0 144.0
530.0 144.0
530.0 144.5
530.0 145.0
530.0 145.0
530.0 145.5
530.0 146.0
530.0 146.0
530.0 146.5
530.0 147.0
530.0 147.0
530.0 147.5
530.0 148.0
530.0 148.0
530.0 148.5
530.0 149.0
530.0 149.0
530.0 149.5
530.0 150.0
530.0 150.0
530.0 150.5
530.0 151.0
530.0 151.0
530.0 151.5
530.0 152.0
530.0 152.0
529.5 152.0
529.0 152.0
529.0 152.0
529.0 152.5
529.0 153.0
529.0 153.0
529.0 153.5
529.0 154.0
529.0 154.0
529.0 154.5
529.0 155.0
529.0 155.0
528.5 155.0
528.0 155.0
528.0 155.0
528.0 155.5
528.0 156.0
528.0 156.0
528.0 156.5
528.0 157.0
528.0 157.0
527.5 157.0
527.0 157.0
527.0 157.0
527.0 157.5
527.0 158.0
527.0 158.0
527.0 158.5
527.0 159.0
527.0 159.0
526.5 159.0
526.0 159.0
526.0 159.0
526.0 159.5
526.0 160.0
526.0 160.0
526.0 160.5
526.0 161.0
526.0 161.0
525.5 161.0
525.0 161.0
525.0 161.0
525.0 161.5
525.0 162.0
525.0 162.0
524.5 162.0
524.0 162.0
524.0 162.0
524.0 162.5
524.0 163.0
524.0 163.0
523.5 163.0
523.0 163.0
523.0 163.0
523.0 163.5
523.0 164.0
523.0 164.0
522.5 164.0
522.0 164.0
522.0 164.0
522.0 164.5
522.0 165.0
522.0 165.0
521.5 165.0
521.0 165.0
521.0 165.0
521.0 165.5
521.0 166.0
521.0 166.0
520.5 166.0
520.0 166.0
520.0 166.0
519.5 166.0
519.0 166.0
519.0 166.0
519.0 166.5
519.0 167.0
519.0 167.0
518.5 167.0
518.0 167.0
518.0 167.0
517.5 167.0
517.0 167.0
517.0 167.0
516.5 167.0
516.0 167.0
516.0 167.0
515.5 167.0
515.0 167.0
515.0 167.0
514.5 167.0
514.0 167.0
514.0 167.0
513.5 167.0
513.0 167.0
513.0 167.0
512.5 167.0
512.0 167.0
512.0 167.0
511.5 167.0
511.0 167.0
511.0 167.0
511.0 166.5
511.0 166.0
511.0 166.0
510.5 166.0
510.0 166.0
510.0 166.0
509.5 166.0
509.0 166.0
509.0 166.0
508.5 166.0
508.0 166.0
508.0 166.0
508.0 165.5
508.0 165.0
508.0 165.0
507.5 165.0
507.0 165.0
507.0 165.0
507.0 164.5
507.0 164.0
507.0 164.0
506.5 164.0
506.0 164.0
506.0 164.0
505.5 164.0
505.0 164.0
505.0 164.0
505.0 163.5
505.0 163.0
505.0 163.0
504.5 163.0
504.0 163.0
504.0 163.0
504.0 162.5
504.0 162.0
504.0 162.0
503.5 162.0
503.0 162.0
503.0 162.0
503.0 161.5
503.0 161.0
503.0 161.0
503.0 160.5
503.0 160.0
503.0 160.0
502.5 160.0
502.0 160.0
502.0 160.0
502.0 159.5
502.0 159.0
502.0 159.0
501.5 159.0
501.0 159.0
501.0 159.0
501.0 158.5
501.0 158.0
501.0 158.0
501.0 157.5
501.0 157.0
501.0 157.0
500.5 157.0
500.0 157.0
500.0 157.0
500.0 156.5
500.0 156.0
500.0 156.0
500.0 155.5
500.0 155.0
500.0 155.0
499.5 155.0
499.0 155.0
499.0 155.0
499.0 154.5
499.0 154.0
499.0 154.0
499.0 153.5
499.0 153.0
499.0 153.0
498.5 153.0
498.0 153.0
498.0 153.0
498.0 152.5
498.0 152.0
498.0 152.0
498.0 151.5
498.0 151.0
498.0 151.0
498.0 150.5
498.0 150.0
498.0 150.0
498.0 149.5
498.0 149.0
498.0 149.0
497.5 149.0
497.0 149.0
497.0 149.0
497.0 148.5
497.0 148.0
497.0 148.0
497.0 147.5
497.0 147.0
497.0 147.0
497.0 146.5
497.0 146.0
497.0 146.0
497.0 145.5
497.0 145.0
497.0 145.0
497.0 144.5
497.0 144.0
497.0 144.0
497.0 143.5
497.0 143.0
497.0 143.0
497.0 142.5
497.0 142.0
497.0 142.0
497.0 141.5
497.0 141.0
497.0 141.0
497.0 140.5
497.0 140.0
497.0 140.0
497.0 139.5
497.0 139.0
497.0 139.0
497.0 138.5
497.0 138.0
497.0 138.0
497.0 137.5
497.0 137.0
497.0 137.0
497.0 136.5
497.0 136.0
497.0 136.0
497.0 135.5
497.0 135.0
497.0 135.0
497.0 134.5
497.0 134.0
497.0 134.0
497.0 133.5
497.0 133.0
497.0 133.0
497.0 132.5
497.0 132.0
497.0 132.0
497.0 131.5
497.0 131.0
497.0 131.0
497.0 130.5
497.0 130.0
497.0 130.0
497.5 130.0
498.0 130.0
498.0 130.0
498.0 129.5
498.0 129.0
498.0 129.0
498.0 128.5
498.0 128.0
498.0 128.0
498.0 127.5
498.0 127.0
498.0 127.0
498.5 127.0
499.0 127.0
499.0 127.0
499.0 126.5
499.0 126.0
499.0 126.0
499.0 125.5
499.0 125.0
499.0 125.0
499.5 125.0
500.0 125.0
500.0 125.0
500.0 124.5
500.0 124.0
500.0 124.0
500.0 123.5
500.0 123.0
500.0 123.0
500.5 123.0
501.0 123.0
501.0 123.0
501.0 122.5
501.0 122.0
501.0 122.0
501.0 121.5
501.0 121.0
501.0 121.0
501.5 121.0
502.0 121.0
502.0 121.0
502.0 120.5
502.0 120.0
502.0 120.0
502.5 120.0
503.0 120.0
503.0 120.0
503.0 119.5
503.0 119.0
503.0 119.0
503.5 119.0
504.0 119.0
504.0 119.0
504.0 118.5
504.0 118.0
504.0 118.0
504.5 118.0
505.0 118.0
505.0 118.0
505.0 117.5
505.0 117.0
505.0 117.0
505.5 117.0
506.0 117.0
506.0 117.0
506.5 117.0
507.0 117.0
507.0 117.0
507.0 116.5
507.0 116.0
507.0 116.0
507.5 116.0
508.0 116.0
508.0 116.0
508.5 116.0
509.0 116.0
509.0 116.0
509.5 116.0
510.0 116.0
510.0 116.0
510.0 115.5
510.0 115.0


5

561
232.0 119.0
273.3 134.2
250.0 166.0
250.0 166.0
297.2 187.5
286.0 148.0
286.0 148.0
286.0 147.5
286.0 147.0
286.0 147.0
286.5 147.0
287.0 147.0
287.0 147.0
287.0 146.5
287.0 146.0
287.0 146.0
287.5 146.0
288.0 146.0
288.0 146.0
288.0 145.5
288.0 145.0
288.0 145.0
288.0 144.5
288.0 144.0
288.0 144.0
288.5 144.0
289.0 144.0
289.0 144.0
289.0 143.5
289.0 143.0
289.0 143.0
289.5 143.0
290.0 143.0
290.0 143.0
290.0 142.5
290.0 142.0
290.0 142.0
290.5 142.0
291.0 142.0
291.0 142.0
291.0 141.5
291.0 141.0
291.0 141.0
291.5 141.0
292.0 141.0
292.0 141.0
292.0 140.5
292.0 140.0
292.0 140.0
292.5 140.0
293.0 140.0
293.0 140.0
293.0 139.5
293.0 139.0
293.0 139.0
293.5 139.0
294.0 139.0
294.0 139.0
294.5 139.0
295.0 139.0
295.0 139.0
295.0 138.5
295.0 138.0
295.0 138.0
295.5 138.0
296.0 138.0
296.0 138.0
296.5 138.0
297.0 138.0
297.0 138.0
297.5 138.0
298.0 138.0
298.0 138.0
298.5 138.0
299.0 138.0
299.0 138.0
299.0 137.5
299.0 137.0
299.0 137.0
299.5 137.0
300.0 137.0
300.0 137.0
300.5 137.0
301.0 137.0
301.0 137.0
337.3 153.7
316.0 179.0
316.0 179.0
316.5 179.0
317.0 179.0
317.0 179.0
317.0 179.5
317.0 180.0
317.0 180.0
317.5 180.0
318.0 180.0
318.0 180.0
318.5 180.0
319.0 180.0
319.0 180.0
319.5 180.0
320.0 180.0
320.0 180.0
320.5 180.0
321.0 180.0
321.0 180.0
321.5 180.0
322.0 180.0
322.0 180.0
322.0 180.5
322.0 181.0
322.0 181.0
322.5 181.0
323.0 181.0
323.0 181.0
323.5 181.0
324.0 181.0
324.0 181.0
324.5 181.0
325.0 181.0
325.0 181.0
325.0 181.5
325.0 182.0
325.0 182.0
325.5 182.0
326.0 182.0
326.0 182.0
326.5 182.0
327.0 182.0
327.0 182.0
327.5 182.0
328.0 182.0
328.0 182.0
328.0 182.5
328.0 183.0
328.0 183.0
328.5 183.0
329.0 183.0
329.0 183.0
329.5 183.0
330.0 183.0
330.0 183.0
330.5 183.0
331.0 183.0
331.0 183.0
331.5 183.0
332.0 183.0
332.0 183.0
332.5 183.0
333.0 183.0
333.0 183.0
333.0 183.5
333.0 184.0
333.0 184.0
333.5 184.0
334.0 184.0
334.0 184.0
334.5 184.0
335.0 184.0
335.0 184.0
335.5 184.0
336.0 184.0
336.0 184.0
336.0 184.5
336.0 185.0
336.0 185.0
336.5 185.0
337.0 185.0
337.0 185.0
337.5 185.0
338.0 185.0
338.0 185.0
338.5 185.0
339.0 185.0
339.0 185.0
339.5 185.0
340.0 185.0
340.0 185.0
340.5 185.0
341.0 185.0
341.0 185.0
341.0 185.5
341.0 186.0
341.0 186.0
341.5 186.0
342.0 186.0
342.0 186.0
342.5 186.0
343.0 186.0
343.0 186.0
343.5 186.0
344.0 186.0
344.0 186.0
344.0 186.5
344.0 187.0
344.0 187.0
344.5 187.0
345.0 187.0
345.0 187.0
345.5 187.0
346.0 187.0
346.0 187.0
346.5 187.0
347.0 187.0
347.0 187.0
347.0 186.5
347.0 186.0
347.0 186.0
347.0 185.5
347.0 185.0
347.0 185.0
347.0 184.5
347.0 184.0
347.0 184.0
347.0 183.5
347.0 183.0
347.0 183.0
347.0 182.5
347.0 182.0
347.0 182.0
347.0 181.5
347.0 181.0
347.0 181.0
347.0 180.5
347.0 180.0
347.0 180.0
347.0 179.5
347.0 179.0
347.0 179.0
347.0 178.5
347.0 178.0
347.0 178.0
347.0 177.5
347.0 177.0
347.0 177.0
347.0 176.5
347.0 176.0
347.0 176.0
347.0 175.5
347.0 175.0
347.0 175.0
347.0 174.5
347.0 174.0
347.0 174.0
347.0 173.5
347.0 173.0
347.0 173.0
347.0 172.5
347.0 172.0
347.0 172.0
347.0 171.5
347.0 171.0
347.0 171.0
347.0 170.5
347.0 170.0
347.0 170.0
347.5 170.0
348.0 170.0
348.0 170.0
348.0 169.5
348.0 169.0
348.0 169.0
348.0 168.5
348.0 168.0
348.0 168.0
348.0 167.5
348.0 167.0
348.0 167.0
348.5 167.0
349.0 167.0
349.0 167.0
349.0 166.5
349.0 166.0
349.0 166.0
349.0 165.5
349.0 165.0
349.0 165.0
349.0 164.5
349.0 164.0
349.0 164.0
349.5 164.0
350.0 164.0
350.0 164.0
350.0 163.5
350.0 163.0
350.0 163.0
350.0 162.5
350.0 162.0
350.0 162.0
350.0 161.5
350.0 161.0
350.0 161.0
350.5 161.0
351.0 161.0
351.0 161.0
351.0 160.5
351.0 160.0
351.0 160.0
351.5 160.0
352.0 160.0
352.0 160.0
352.0 159.5
352.0 159.0
352.0 159.0
352.5 159.0
353.0 159.0
353.0 159.0
353.0 158.5
353.0 158.0
353.0 158.0
353.5 158.0
354.0 158.0
354.0 158.0
354.0 157.5
354.0 157.0
354.0 157.0
354.5 157.0
355.0 157.0
355.0 157.0
355.0 156.5
355.0 156.0
355.0 156.0
355.5 156.0
356.0 156.0
356.0 156.0
356.0 155.5
356.0 155.0
356.0 155.0
356.5 155.0
357.0 155.0
357.0 155.0
357.0 154.5
357.0 154.0
357.0 154.0
357.5 154.0
358.0 154.0
358.0 154.0
358.5 154.0
359.0 154.0
359.0 154.0
359.5 154.0
360.0 154.0
360.0 154.0
360.0 153.5
360.0 153.0
360.0 153.0
360.5 153.0
361.0 153.0
361.0 153.0
361.5 153.0
362.0 153.0
362.0 153.0
362.5 153.0
363.0 153.0
363.0 153.0
363.5 153.0
364.0 153.0
364.0 153.0
364.5 153.0
365.0 153.0
365.0 153.0
365.5 153.0
366.0 153.0
366.0 153.0
366.5 153.0
367.0 153.0
367.0 153.0
367.5 153.0
368.0 153.0
368.0 153.0
405.0 175.6
378.0 197.0
378.0 197.0
378.5 197.0
379.0 197.0
379.0 197.0
379.0 197.5
379.0 198.0
379.0 198.0
379.5 198.0
380.0 198.0
380.0 198.0
380.5 198.0
381.0 198.0
381.0 198.0
381.5 198.0
382.0 198.0
382.0 198.0
382.0 198.5
382.0 199.0
382.0 199.0
382.5 199.0
383.0 199.0
383.0 199.0
383.5 199.0
384.0 199.0
384.0 199.0
384.0 199.5
384.0 200.0
384.0 200.0
384.5 200.0
385.0 200.0
385.0 200.0
385.5 200.0
386.0 200.0
386.0 200.0
386.5 200.0
387.0 200.0
387.0 200.0
387.0 200.5
387.0 201.0
387.0 201.0
387.5 201.0
388.0 201.0
388.0 201.0
388.5 201.0
389.0 201.0
389.0 201.0
389.5 201.0
390.0 201.0
390.0 201.0
390.0 201.5
390.0 202.0
390.0 202.0
390.5 202.0
391.0 202.0
391.0 202.0
391.5 202.0
392.0 202.0
392.0 202.0
392.0 202.5
392.0 203.0
392.0 203.0
392.5 203.0
393.0 203.0
393.0 203.0
393.5 203.0
394.0 203.0
394.0 203.0
394.5 203.0
395.0 203.0
395.0 203.0
395.0 203.5
395.0 204.0
395.0 204.0
395.5 204.0
396.0 204.0
396.0 204.0
396.5 204.0
397.0 204.0
397.0 204.0
397.5 204.0
398.0 204.0
398.0 204.0
398.0 204.5
398.0 205.0
398.0 205.0
398.5 205.0
399.0 205.0
399.0 205.0
399.5 205.0
400.0 205.0
400.0 205.0
400.0 205.5
400.0 206.0
400.0 206.0
400.5 206.0
401.0 206.0
401.0 206.0
401.5 206.0
402.0 206.0
402.0 206.0
419.3 180.7
396.0 143.0
396.0 143.0
331.0 99.0
215.0 92.0
215.0 92.0
210.1 128.0
204.0 171.0
204.0 171.0
242.2 177.9
221.0 134.0
221.0 134.0
221.5 134.0
222.0 134.0
222.0 134.0
222.0 133.5
222.0 133.0
222.0 133.0
222.0 132.5
222.0 132.0
222.0 132.0
222.0 131.5
222.0 131.0
222.0 131.0
222.5 131.0
223.0 131.0
223.0 131.0
223.0 130.5
223.0 130.0
223.0 130.0
223.0 129.5
223.0 129.0
223.0 129.0
223.5 129.0
224.0 129.0
224.0 129.0
224.0 128.5
224.0 128.0
224.0 128.0
224.5 128.0
225.0 128.0
225.0 128.0
225.0 127.5
225.0 127.0
225.0 127.0
225.0 126.5
225.0 126.0
225.0 126.0
225.0 125.5
225.0 125.0
225.0 125.0
225.5 125.0
226.0 125.0
226.0 125.0
226.0 124.5
226.0 124.0
226.0 124.0
226.5 124.0
227.0 124.0
227.0 124.0
227.0 123.5
227.0 123.0
227.0 123.0
227.5 123.0
228.0 123.0
228.0 123.0
228.0 122.5
228.0 122.0
228.0 122.0
228.5 122.0
229.0 122.0
229.0 122.0
229.0 121.5
229.0 121.0
229.0 121.0
229.5 121.0
230.0 121.0
230.0 121.0
230.5 121.0
231.0 121.0
231.0 121.0
231.0 120.5
231.0 120.0
231.0 120.0
231.5 120.0
232.0 120.0
232.0 120.0
232.0 119.5
232.0 119.0


6

417
404.0 142.0
424.4 211.0
430.0 274.0
430.0 274.0
430.0 274.5
430.0 275.0
430.0 275.0
430.5 275.0
431.0 275.0
431.0 275.0
431.5 275.0
432.0 275.0
432.0 275.0
432.0 274.5
432.0 274.0
432.0 274.0
432.5 274.0
433.0 274.0
433.0 274.0
433.5 274.0
434.0 274.0
434.0 274.0
434.5 274.0
435.0 274.0
435.0 274.0
435.0 273.5
435.0 273.0
435.0 273.0
435.5 273.0
436.0 273.0
436.0 273.0
436.5 273.0
437.0 273.0
437.0 273.0
437.5 273.0
438.0 273.0
438.0 273.0
438.5 273.0
439.0 273.0
439.0 273.0
439.5 273.0
440.0 273.0
440.0 273.0
440.5 273.0
441.0 273.0
441.0 273.0
441.5 273.0
442.0 273.0
442.0 273.0
442.5 273.0
443.0 273.0
443.0 273.0
443.5 273.0
444.0 273.0
444.0 273.0
444.0 273.5
444.0 274.0
444.0 274.0
444.5 274.0
445.0 274.0
445.0 274.0
445.5 274.0
446.0 274.0
446.0 274.0
446.0 274.5
446.0 275.0
446.0 275.0
446.5 275.0
447.0 275.0
447.0 275.0
447.5 275.0
448.0 275.0
448.0 275.0
448.0 275.5
448.0 276.0
448.0 276.0
448.5 276.0
449.0 276.0
449.0 276.0
449.0 276.5
449.0 277.0
449.0 277.0
449.5 277.0
450.0 277.0
450.0 277.0
450.0 277.5
450.0 278.0
450.0 278.0
450.5 278.0
451.0 278.0
451.0 278.0
451.0 278.5
451.0 279.0
451.0 279.0
451.0 279.5
451.0 280.0
451.0 280.0
451.5 280.0
452.0 280.0
452.0 280.0
452.0 280.5
452.0 281.0
452.0 281.0
452.5 281.0
453.0 281.0
453.0 281.0
453.0 281.5
453.0 282.0
453.0 282.0
453.5 282.0
454.0 282.0
454.0 282.0
454.0 282.5
454.0 283.0
454.0 283.0
454.0 283.5
454.0 284.0
454.0 284.0
454.5 284.0
455.0 284.0
455.0 284.0
455.0 284.5
455.0 285.0
455.0 285.0
455.0 285.5
455.0 286.0
455.0 286.0
455.0 286.5
455.0 287.0
455.0 287.0
455.5 287.0
456.0 287.0
456.0 287.0
456.0 287.5
456.0 288.0
456.0 288.0
456.0 288.5
456.0 289.0
456.0 289.0
456.0 289.5
456.0 290.0
456.0 290.0
456.5 290.0
457.0 290.0
457.0 290.0
457.0 290.5
457.0 291.0
457.0 291.0
457.0 291.5
457.0 292.0
457.0 292.0
457.0 292.5
457.0 293.0
457.0 293.0
457.0 293.5
457.0 294.0
457.0 294.0
457.0 294.5
457.0 295.0
457.0 295.0
457.5 295.0
458.0 295.0
458.0 295.0
458.0 295.5
458.0 296.0
458.0 296.0
458.0 296.5
458.0 297.0
458.0 297.0
458.0 297.5
458.0 298.0
458.0 298.0
458.0 298.5
458.0 299.0
458.0 299.0
458.0 299.5
458.0 300.0
458.0 300.0
458.0 300.5
458.0 301.0
458.0 301.0
458.0 301.5
458.0 302.0
458.0 302.0
458.0 302.5
458.0 303.0
458.0 303.0
458.0 303.5
458.0 304.0
458.0 304.0
458.0 304.5
458.0 305.0
458.0 305.0
457.5 305.0
457.0 305.0
457.0 305.0
457.0 305.5
457.0 306.0
457.0 306.0
457.0 306.5
457.0 307.0
457.0 307.0
457.0 307.5
457.0 308.0
457.0 308.0
457.0 308.5
457.0 309.0
457.0 309.0
457.0 309.5
457.0 310.0
457.0 310.0
457.0 310.5
457.0 311.0
457.0 311.0
456.5 311.0
456.0 311.0
456.0 311.0
456.0 311.5
456.0 312.0
456.0 312.0
456.0 312.5
456.0 313.0
456.0 313.0
456.0 313.5
456.0 314.0
456.0 314.0
455.5 314.0
455.0 314.0
455.0 314.0
455.0 314.5
455.0 315.0
455.0 315.0
455.0 315.5
455.0 316.0
455.0 316.0
455.0 316.5
455.0 317.0
455.0 317.0
454.5 317.0
454.0 317.0
454.0 317.0
454.0 317.5
454.0 318.0
454.0 318.0
453.5 318.0
453.0 318.0
453.0 318.0
453.0 318.5
453.0 319.0
453.0 319.0
453.0 319.5
453.0 320.0
453.0 320.0
452.5 320.0
452.0 320.0
452.0 320.0
452.0 320.5
452.0 321.0
452.0 321.0
452.0 321.5
452.0 322.0
452.0 322.0
451.5 322.0
451.0 322.0
451.0 322.0
451.0 322.5
451.0 323.0
451.0 323.0
450.5 323.0
450.0 323.0
450.0 323.0
450.0 323.5
450.0 324.0
450.0 324.0
449.5 324.0
449.0 324.0
449.0 324.0
448.5 324.0
448.0 324.0
448.0 324.0
448.0 324.5
448.0 325.0
448.0 325.0
447.5 325.0
447.0 325.0
447.0 325.0
446.5 325.0
446.0 325.0
446.0 325.0
446.0 325.5
446.0 326.0
446.0 326.0
445.5 326.0
445.0 326.0
445.0 326.0
444.5 326.0
444.0 326.0
444.0 326.0
444.0 326.5
444.0 327.0
444.0 327.0
443.5 327.0
443.0 327.0
443.0 327.0
442.5 327.0
442.0 327.0
442.0 327.0
441.5 327.0
441.0 327.0
441.0 327.0
440.5 327.0
440.0 327.0
440.0 327.0
439.5 327.0
439.0 327.0
439.0 327.0
438.5 327.0
438.0 327.0
438.0 327.0
437.5 327.0
437.0 327.0
437.0 327.0
437.0 326.5
437.0 326.0
437.0 326.0
436.5 326.0
436.0 326.0
436.0 326.0
435.5 326.0
435.0 326.0
435.0 326.0
434.5 326.0
434.0 326.0
434.0 326.0
433.5 326.0
433.0 326.0
433.0 326.0
433.0 326.5
433.0 327.0
433.0 327.0
433.0 327.5
433.0 328.0
433.0 328.0
433.0 328.5
433.0 329.0
433.0 329.0
433.0 329.5
433.0 330.0
433.0 330.0
433.0 330.5
433.0 331.0
433.0 331.0
433.0 331.5
433.0 332.0
433.0 332.0
433.0 332.5
433.0 333.0
433.0 333.0
433.0 333.5
433.0 334.0
433.0 334.0
433.0 334.5
433.0 335.0
433.0 335.0
433.0 335.5
433.0 336.0
433.0 336.0
433.0 336.5
433.0 337.0
433.0 337.0
433.0 337.5
433.0 338.0
433.0 338.0
433.0 338.5
433.0 339.0
433.0 339.0
433.0 339.5
433.0 340.0
433.0 340.0
433.0 340.5
433.0 341.0
433.0 341.0
433.0 341.5
433.0 342.0
433.0 342.0
433.0 342.5
433.0 343.0
433.0 343.0
433.0 343.5
433.0 344.0
433.0 344.0
433.0 344.5
433.0 345.0
433.0 345.0
433.0 345.5
433.0 346.0
433.0 346.0
433.0 346.5
433.0 347.0
433.0 347.0
433.0 347.5
433.0 348.0
433.0 348.0
433.0 348.5
433.0 349.0
433.0 349.0
433.0 349.5
433.0 350.0
433.0 350.0
500.0 333.0
540.0 292.0
540.0 292.0
564.2 194.3
533.0 96.0
533.0 96.0
463.0 106.0
404.0 142.0


7

243
433.0 143.0
490.9 170.8
437.0 195.0
437.0 195.0
436.5 195.0
436.0 195.0
436.0 195.0
436.0 194.5
436.0 194.0
436.0 194.0
435.5 194.0
435.0 194.0
435.0 194.0
434.5 194.0
434.0 194.0
434.0 194.0
433.5 194.0
433.0 194.0
433.0 194.0
433.0 193.5
433.0 193.0
433.0 193.0
432.5 193.0
432.0 193.0
432.0 193.0
432.0 192.5
432.0 192.0
432.0 192.0
431.5 192.0
431.0 192.0
431.0 192.0
430.5 192.0
430.0 192.0
430.0 192.0
430.0 191.5
430.0 191.0
430.0 191.0
429.5 191.0
429.0 191.0
429.0 191.0
429.0 190.5
429.0 190.0
429.0 190.0
429.0 189.5
429.0 189.0
429.0 189.0
428.5 189.0
428.0 189.0
428.0 189.0
428.0 188.5
428.0 188.0
428.0 188.0
427.5 188.0
427.0 188.0
427.0 188.0
427.0 187.5
427.0 187.0
427.0 187.0
426.5 187.0
426.0 187.0
426.0 187.0
426.0 186.5
426.0 186.0
426.0 186.0
426.0 185.5
426.0 185.0
426.0 185.0
425.5 185.0
425.0 185.0
425.0 185.0
425.0 184.5
425.0 184.0
425.0 184.0
425.0 183.5
425.0 183.0
425.0 183.0
424.5 183.0
424.0 183.0
424.0 183.0
424.0 182.5
424.0 182.0
424.0 182.0
424.0 181.5
424.0 181.0
424.0 181.0
424.0 180.5
424.0 180.0
424.0 180.0
423.5 180.0
423.0 180.0
423.0 180.0
423.0 179.5
423.0 179.0
423.0 179.0
423.0 178.5
423.0 178.0
423.0 178.0
422.5 178.0
422.0 178.0
422.0 178.0
422.0 177.5
422.0 177.0
422.0 177.0
422.0 176.5
422.0 176.0
422.0 176.0
422.0 175.5
422.0 175.0
422.0 175.0
422.0 174.5
422.0 174.0
422.0 174.0
422.0 173.5
422.0 173.0
422.0 173.0
422.0 172.5
422.0 172.0
422.0 172.0
422.0 171.5
422.0 171.0
422.0 171.0
422.0 170.5
422.0 170.0
422.0 170.0
421.5 170.0
421.0 170.0
421.0 170.0
421.0 169.5
421.0 169.0
421.0 169.0
421.0 168.5
421.0 168.0
421.0 168.0
421.0 167.5
421.0 167.0
421.0 167.0
421.0 166.5
421.0 166.0
421.0 166.0
421.0 165.5
421.0 165.0
421.0 165.0
421.0 164.5
421.0 164.0
421.0 164.0
421.0 163.5
421.0 163.0
421.0 163.0
421.5 163.0
422.0 163.0
422.0 163.0
422.0 162.5
422.0 162.0
422.0 162.0
422.0 161.5
422.0 161.0
422.0 161.0
422.0 160.5
422.0 160.0
422.0 160.0
422.0 159.5
422.0 159.0
422.0 159.0
422.0 158.5
422.0 158.0
422.0 158.0
422.0 157.5
422.0 157.0
422.0 157.0
422.5 157.0
423.0 157.0
423.0 157.0
423.0 156.5
423.0 156.0
423.0 156.0
423.0 155.5
423.0 155.0
423.0 155.0
423.0 154.5
423.0 154.0
423.0 154.0
423.5 154.0
424.0 154.0
424.0 154.0
424.0 153.5
424.0 153.0
424.0 153.0
424.0 152.5
424.0 152.0
424.0 152.0
424.5 152.0
425.0 152.0
425.0 152.0
425.0 151.5
425.0 151.0
425.0 151.0
425.0 150.5
425.0 150.0
425.0 150.0
425.5 150.0
426.0 150.0
426.0 150.0
426.0 149.5
426.0 149.0
426.0 149.0
426.5 149.0
427.0 149.0
427.0 149.0
427.0 148.5
427.0 148.0
427.0 148.0
427.0 147.5
427.0 147.0
427.0 147.0
427.5 147.0
428.0 147.0
428.0 147.0
428.5 147.0
429.0 147.0
429.0 147.0
429.0 146.5
429.0 146.0
429.0 146.0
429.0 145.5
429.0 145.0
429.0 145.0
429.5 145.0
430.0 145.0
430.0 145.0
430.0 144.5
430.0 144.0
430.0 144.0
430.5 144.0
431.0 144.0
431.0 144.0
431.5 144.0
432.0 144.0
432.0 144.0
432.5 144.0
433.0 144.0
433.0 144.0
433.0 143.5
433.0 143.0


8

216
258.0 197.0
326.4 214.1
264.0 224.0
264.0 224.0
263.5 224.0
263.0 224.0
263.0 224.0
262.5 224.0
262.0 224.0
262.0 224.0
262.0 223.5
262.0 223.0
262.0 223.0
261.5 223.0
261.0 223.0
261.0 223.0
260.5 223.0
260.0 223.0
260.0 223.0
259.5 223.0
259.0 223.0
259.0 223.0
258.5 223.0
258.0 223.0
258.0 223.0
257.5 223.0
257.0 223.0
257.0 223.0
256.5 223.0
256.0 223.0
256.0 223.0
255.5 223.0
255.0 223.0
255.0 223.0
254.5 223.0
254.0 223.0
254.0 223.0
254.0 222.5
254.0 222.0
254.0 222.0
253.5 222.0
253.0 222.0
253.0 222.0
252.5 222.0
252.0 222.0
252.0 222.0
251.5 222.0
251.0 222.0
251.0 222.0
250.5 222.0
250.0 222.0
250.0 222.0
250.0 221.5
250.0 221.0
250.0 221.0
249.5 221.0
249.0 221.0
249.0 221.0
248.5 221.0
248.0 221.0
248.0 221.0
248.0 220.5
248.0 220.0
248.0 220.0
247.5 220.0
247.0 220.0
247.0 220.0
246.5 220.0
246.0 220.0
246.0 220.0
245.5 220.0
245.0 220.0
245.0 220.0
245.0 219.5
245.0 219.0
245.0 219.0
244.5 219.0
244.0 219.0
244.0 219.0
244.0 218.5
244.0 218.0
244.0 218.0
243.5 218.0
243.0 218.0
243.0 218.0
243.0 217.5
243.0 217.0
243.0 217.0
242.5 217.0
242.0 217.0
242.0 217.0
242.0 216.5
242.0 216.0
242.0 216.0
241.5 216.0
241.0 216.0
241.0 216.0
240.5 216.0
240.0 216.0
240.0 216.0
240.0 215.5
240.0 215.0
240.0 215.0
240.0 214.5
240.0 214.0
240.0 214.0
239.5 214.0
239.0 214.0
239.0 214.0
239.0 213.5
239.0 213.0
239.0 213.0
239.0 212.5
239.0 212.0
239.0 212.0
239.0 211.5
239.0 211.0
239.0 211.0
239.0 210.5
239.0 210.0
239.0 210.0
239.0 209.5
239.0 209.0
239.0 209.0
239.0 208.5
239.0 208.0
239.0 208.0
239.0 207.5
239.0 207.0
239.0 207.0
239.5 207.0
240.0 207.0
240.0 207.0
240.0 206.5
240.0 206.0
240.0 206.0
240.0 205.5
240.0 205.0
240.0 205.0
240.5 205.0
241.0 205.0
241.0 205.0
241.0 204.5
241.0 204.0
241.0 204.0
241.5 204.0
242.0 204.0
242.0 204.0
242.0 203.5
242.0 203.0
242.0 203.0
242.5 203.0
243.0 203.0
243.0 203.0
243.5 203.0
244.0 203.0
244.0 203.0
244.0 202.5
244.0 202.0
244.0 202.0
244.5 202.0
245.0 202.0
245.0 202.0
245.0 201.5
245.0 201.0
245.0 201.0
245.5 201.0
246.0 201.0
246.0 201.0
246.5 201.0
247.0 201.0
247.0 201.0
247.0 200.5
247.0 200.0
247.0 200.0
247.5 200.0
248.0 200.0
248.0 200.0
248.5 200.0
249.0 200.0
249.0 200.0
249.0 199.5
249.0 199.0
249.0 199.0
249.5 199.0
250.0 199.0
250.0 199.0
250.5 199.0
251.0 199.0
251.0 199.0
251.5 199.0
252.0 199.0
252.0 199.0
252.5 199.0
253.0 199.0
253.0 199.0
253.0 198.5
253.0 198.0
253.0 198.0
253.5 198.0
254.0 198.0
254.0 198.0
254.5 198.0
255.0 198.0
255.0 198.0
255.5 198.0
256.0 198.0
256.0 198.0
256.5 198.0
257.0 198.0
257.0 198.0
257.5 198.0
258.0 198.0
258.0 198.0
258.0 197.5
258.0 197.0


9

9
108.0 215.0
203.7 228.4
270.0 262.0
270.0 262.0
333.8 238.1
402.0 219.0
402.0 219.0
257.9 142.8
108.0 215.0


10

540
514.0 234.0
514.5 234.0
515.0 234.0
515.0 234.0
515.5 234.0
516.0 234.0
516.0 234.0
516.5 234.0
517.0 234.0
517.0 234.0
517.5 234.0
518.0 234.0
518.0 234.0
518.0 234.5
518.0 235.0
518.0 235.0
518.5 235.0
519.0 235.0
519.0 235.0
519.5 235.0
520.0 235.0
520.0 235.0
520.5 235.0
521.0 235.0
521.0 235.0
521.0 235.5
521.0 236.0
521.0 236.0
521.5 236.0
522.0 236.0
522.0 236.0
522.0 236.5
522.0 237.0
522.0 237.0
522.5 237.0
523.0 237.0
523.0 237.0
523.0 237.5
523.0 238.0
523.0 238.0
523.5 238.0
524.0 238.0
524.0 238.0
524.5 238.0
525.0 238.0
525.0 238.0
525.0 238.5
525.0 239.0
525.0 239.0
525.5 239.0
526.0 239.0
526.0 239.0
526.0 239.5
526.0 240.0
526.0 240.0
526.5 240.0
527.0 240.0
527.0 240.0
527.0 240.5
527.0 241.0
527.0 241.0
527.0 241.5
527.0 242.0
527.0 242.0
527.5 242.0
528.0 242.0
528.0 242.0
528.0 242.5
528.0 243.0
528.0 243.0
528.5 243.0
529.0 243.0
529.0 243.0
529.0 243.5
529.0 244.0
529.0 244.0
529.0 244.5
529.0 245.0
529.0 245.0
529.5 245.0
530.0 245.0
530.0 245.0
530.0 245.5
530.0 246.0
530.0 246.0
530.0 246.5
530.0 247.0
530.0 247.0
530.5 247.0
531.0 247.0
531.0 247.0
531.0 247.5
531.0 248.0
531.0 248.0
531.0 248.5
531.0 249.0
531.0 249.0
531.0 249.5
531.0 250.0
531.0 250.0
531.5 250.0
532.0 250.0
532.0 250.0
532.0 250.5
532.0 251.0
532.0 251.0
532.0 251.5
532.0 252.0
532.0 252.0
532.0 252.5
532.0 253.0
532.0 253.0
532.5 253.0
533.0 253.0
533.0 253.0
533.0 253.5
533.0 254.0
533.0 254.0
533.0 254.5
533.0 255.0
533.0 255.0
533.0 255.5
533.0 256.0
533.0 256.0
533.0 256.5
533.0 257.0
533.0 257.0
533.0 257.5
533.0 258.0
533.0 258.0
533.5 258.0
534.0 258.0
534.0 258.0
534.0 258.5
534.0 259.0
534.0 259.0
534.0 259.5
534.0 260.0
534.0 260.0
534.0 260.5
534.0 261.0
534.0 261.0
534.0 261.5
534.0 262.0
534.0 262.0
533.5 262.0
533.0 262.0
533.0 262.0
533.0 262.5
533.0 263.0
533.0 263.0
533.0 263.5
533.0 264.0
533.0 264.0
533.5 264.0
534.0 264.0
534.0 264.0
534.0 264.5
534.0 265.0
534.0 265.0
534.0 265.5
534.0 266.0
534.0 266.0
534.0 266.5
534.0 267.0
534.0 267.0
534.0 267.5
534.0 268.0
534.0 268.0
533.5 268.0
533.0 268.0
533.0 268.0
533.0 268.5
533.0 269.0
533.0 269.0
533.0 269.5
533.0 270.0
533.0 270.0
533.0 270.5
533.0 271.0
533.0 271.0
533.0 271.5
533.0 272.0
533.0 272.0
532.5 272.0
532.0 272.0
532.0 272.0
532.0 272.5
532.0 273.0
532.0 273.0
532.0 273.5
532.0 274.0
532.0 274.0
532.0 274.5
532.0 275.0
532.0 275.0
532.0 275.5
532.0 276.0
532.0 276.0
531.5 276.0
531.0 276.0
531.0 276.0
531.0 276.5
531.0 277.0
531.0 277.0
531.0 277.5
531.0 278.0
531.0 278.0
530.5 278.0
530.0 278.0
530.0 278.0
530.0 278.5
530.0 279.0
530.0 279.0
530.0 279.5
530.0 280.0
530.0 280.0
529.5 280.0
529.0 280.0
529.0 280.0
529.0 280.5
529.0 281.0
529.0 281.0
529.0 281.5
529.0 282.0
529.0 282.0
528.5 282.0
528.0 282.0
528.0 282.0
528.0 282.5
528.0 283.0
528.0 283.0
527.5 283.0
527.0 283.0
527.0 283.0
527.0 283.5
527.0 284.0
527.0 284.0
526.5 284.0
526.0 284.0
526.0 284.0
526.0 284.5
526.0 285.0
526.0 285.0
525.5 285.0
525.0 285.0
525.0 285.0
525.0 285.5
525.0 286.0
525.0 286.0
524.5 286.0
524.0 286.0
524.0 286.0
523.5 286.0
523.0 286.0
523.0 286.0
523.0 286.5
523.0 287.0
523.0 287.0
522.5 287.0
522.0 287.0
522.0 287.0
521.5 287.0
521.0 287.0
521.0 287.0
521.0 287.5
521.0 288.0
521.0 288.0
520.5 288.0
520.0 288.0
520.0 288.0
519.5 288.0
519.0 288.0
519.0 288.0
518.5 288.0
518.0 288.0
518.0 288.0
517.5 288.0
517.0 288.0
517.0 288.0
516.5 288.0
516.0 288.0
516.0 288.0
515.5 288.0
515.0 288.0
515.0 288.0
514.5 288.0
514.0 288.0
514.0 288.0
514.0 287.5
514.0 287.0
514.0 287.0
513.5 287.0
513.0 287.0
513.0 287.0
512.5 287.0
512.0 287.0
512.0 287.0
512.0 286.5
512.0 286.0
512.0 286.0
511.5 286.0
511.0 286.0
511.0 286.0
510.5 286.0
510.0 286.0
510.0 286.0
510.0 285.5
510.0 285.0
510.0 285.0
509.5 285.0
509.0 285.0
509.0 285.0
508.5 285.0
508.0 285.0
508.0 285.0
508.0 284.5
508.0 284.0
508.0 284.0
508.0 283.5
508.0 283.0
508.0 283.0
507.5 283.0
507.0 283.0
507.0 283.0
507.0 282.5
507.0 282.0
507.0 282.0
506.5 282.0
506.0 282.0
506.0 282.0
506.0 281.5
506.0 281.0
506.0 281.0
505.5 281.0
505.0 281.0
505.0 281.0
505.0 280.5
505.0 280.0
505.0 280.0
504.5 280.0
504.0 280.0
504.0 280.0
504.0 279.5
504.0 279.0
504.0 279.0
504.0 278.5
504.0 278.0
504.0 278.0
503.5 278.0
503.0 278.0
503.0 278.0
503.0 277.5
503.0 277.0
503.0 277.0
502.5 277.0
502.0 277.0
502.0 277.0
502.0 276.5
502.0 276.0
502.0 276.0
502.0 275.5
502.0 275.0
502.0 275.0
502.0 274.5
502.0 274.0
502.0 274.0
501.5 274.0
501.0 274.0
501.0 274.0
501.0 273.5
501.0 273.0
501.0 273.0
501.0 272.5
501.0 272.0
501.0 272.0
501.0 271.5
501.0 271.0
501.0 271.0
501.0 270.5
501.0 270.0
501.0 270.0
500.5 270.0
500.0 270.0
500.0 270.0
500.0 269.5
500.0 269.0
500.0 269.0
500.0 268.5
500.0 268.0
500.0 268.0
500.0 267.5
500.0 267.0
500.0 267.0
500.0 266.5
500.0 266.0
500.0 266.0
499.5 266.0
499.0 266.0
499.0 266.0
499.0 265.5
499.0 265.0
499.0 265.0
499.0 264.5
499.0 264.0
499.0 264.0
499.0 263.5
499.0 263.0
499.0 263.0
499.0 262.5
499.0 262.0
499.0 262.0
499.0 261.5
499.0 261.0
499.0 261.0
499.0 260.5
499.0 260.0
499.0 260.0
499.0 259.5
499.0 259.0
499.0 259.0
499.0 258.5
499.0 258.0
499.0 258.0
499.0 257.5
499.0 257.0
499.0 257.0
499.0 256.5
499.0 256.0
499.0 256.0
499.0 255.5
499.0 255.0
499.0 255.0
499.0 254.5
499.0 254.0
499.0 254.0
499.5 254.0
500.0 254.0
500.0 254.0
500.0 253.5
500.0 253.0
500.0 253.0
500.0 252.5
500.0 252.0
500.0 252.0
500.0 251.5
500.0 251.0
500.0 251.0
500.0 250.5
500.0 250.0
500.0 250.0
500.0 249.5
500.0 249.0
500.0 249.0
500.0 248.5
500.0 248.0
500.0 248.0
500.5 248.0
501.0 248.0
501.0 248.0
501.0 247.5
501.0 247.0
501.0 247.0
501.5 247.0
502.0 247.0
502.0 247.0
502.0 246.5
502.0 246.0
502.0 246.0
502.0 245.5
502.0 245.0
502.0 245.0
502.0 244.5
502.0 244.0
502.0 244.0
502.5 244.0
503.0 244.0
503.0 244.0
503.0 243.5
503.0 243.0
503.0 243.0
503.0 242.5
503.0 242.0
503.0 242.0
503.5 242.0
504.0 242.0
504.0 242.0
504.0 241.5
504.0 241.0
504.0 241.0
504.0 240.5
504.0 240.0
504.0 240.0
504.5 240.0
505.0 240.0
505.0 240.0
505.0 239.5
505.0 239.0
505.0 239.0
505.5 239.0
506.0 239.0
506.0 239.0
506.5 239.0
507.0 239.0
507.0 239.0
507.0 238.5
507.0 238.0
507.0 238.0
507.0 237.5
507.0 237.0
507.0 237.0
507.5 237.0
508.0 237.0
508.0 237.0
508.5 237.0
509.0 237.0
509.0 237.0
509.0 236.5
509.0 236.0
509.0 236.0
509.5 236.0
510.0 236.0
510.0 236.0
510.5 236.0
511.0 236.0
511.0 236.0
511.0 235.5
511.0 235.0
511.0 235.0
511.5 235.0
512.0 235.0
512.0 235.0
512.5 235.0
513.0 235.0
513.0 235.0
513.5 235.0
514.0 235.0
514.0 235.0
514.0 234.5
514.0 234.0


11

309
387.0 242.0
387.5 242.0
388.0 242.0
388.0 242.0
388.5 242.0
389.0 242.0
389.0 242.0
389.5 242.0
390.0 242.0
390.0 242.0
390.5 242.0
391.0 242.0
391.0 242.0
391.5 242.0
392.0 242.0
392.0 242.0
392.5 242.0
393.0 242.0
393.0 242.0
393.5 242.0
394.0 242.0
394.0 242.0
394.5 242.0
395.0 242.0
395.0 242.0
395.0 242.5
395.0 243.0
395.0 243.0
395.5 243.0
396.0 243.0
396.0 243.0
396.0 243.5
396.0 244.0
396.0 244.0
396.5 244.0
397.0 244.0
397.0 244.0
397.5 244.0
398.0 244.0
398.0 244.0
398.0 244.5
398.0 245.0
398.0 245.0
398.5 245.0
399.0 245.0
399.0 245.0
399.5 245.0
400.0 245.0
400.0 245.0
400.0 245.5
400.0 246.0
400.0 246.0
400.0 246.5
400.0 247.0
400.0 247.0
400.5 247.0
401.0 247.0
401.0 247.0
401.0 247.5
401.0 248.0
401.0 248.0
401.5 248.0
402.0 248.0
402.0 248.0
402.0 248.5
402.0 249.0
402.0 249.0
402.5 249.0
403.0 249.0
403.0 249.0
403.0 249.5
403.0 250.0
403.0 250.0
403.0 250.5
403.0 251.0
403.0 251.0
403.5 251.0
404.0 251.0
404.0 251.0
404.0 251.5
404.0 252.0
404.0 252.0
404.0 252.5
404.0 253.0
404.0 253.0
404.5 253.0
405.0 253.0
405.0 253.0
432.8 305.7
383.0 293.0
383.0 293.0
383.0 292.5
383.0 292.0
383.0 292.0
382.5 292.0
382.0 292.0
382.0 292.0
382.0 291.5
382.0 291.0
382.0 291.0
381.5 291.0
381.0 291.0
381.0 291.0
381.0 290.5
381.0 290.0
381.0 290.0
381.0 289.5
381.0 289.0
381.0 289.0
380.5 289.0
380.0 289.0
380.0 289.0
380.0 288.5
380.0 288.0
380.0 288.0
379.5 288.0
379.0 288.0
379.0 288.0
379.0 287.5
379.0 287.0
379.0 287.0
378.5 287.0
378.0 287.0
378.0 287.0
378.0 286.5
378.0 286.0
378.0 286.0
378.0 285.5
378.0 285.0
378.0 285.0
377.5 285.0
377.0 285.0
377.0 285.0
377.0 284.5
377.0 284.0
377.0 284.0
377.0 283.5
377.0 283.0
377.0 283.0
376.5 283.0
376.0 283.0
376.0 283.0
376.0 282.5
376.0 282.0
376.0 282.0
376.0 281.5
376.0 281.0
376.0 281.0
376.0 280.5
376.0 280.0
376.0 280.0
375.5 280.0
375.0 280.0
375.0 280.0
375.0 279.5
375.0 279.0
375.0 279.0
375.0 278.5
375.0 278.0
375.0 278.0
375.0 277.5
375.0 277.0
375.0 277.0
374.5 277.0
374.0 277.0
374.0 277.0
374.0 276.5
374.0 276.0
374.0 276.0
374.0 275.5
374.0 275.0
374.0 275.0
374.0 274.5
374.0 274.0
374.0 274.0
374.0 273.5
374.0 273.0
374.0 273.0
374.0 272.5
374.0 272.0
374.0 272.0
374.0 271.5
374.0 271.0
374.0 271.0
374.0 270.5
374.0 270.0
374.0 270.0
374.0 269.5
374.0 269.0
374.0 269.0
374.0 268.5
374.0 268.0
374.0 268.0
374.0 267.5
374.0 267.0
374.0 267.0
374.0 266.5
374.0 266.0
374.0 266.0
374.0 265.5
374.0 265.0
374.0 265.0
374.0 264.5
374.0 264.0
374.0 264.0
374.0 263.5
374.0 263.0
374.0 263.0
374.0 262.5
374.0 262.0
374.0 262.0
374.0 261.5
374.0 261.0
374.0 261.0
374.0 260.5
374.0 260.0
374.0 260.0
374.0 259.5
374.0 259.0
374.0 259.0
374.5 259.0
375.0 259.0
375.0 259.0
375.0 258.5
375.0 258.0
375.0 258.0
375.0 257.5
375.0 257.0
375.0 257.0
375.0 256.5
375.0 256.0
375.0 256.0
375.5 256.0
376.0 256.0
376.0 256.0
376.0 255.5
376.0 255.0
376.0 255.0
376.0 254.5
376.0 254.0
376.0 254.0
376.0 253.5
376.0 253.0
376.0 253.0
376.0 252.5
376.0 252.0
376.0 252.0
376.5 252.0
377.0 252.0
377.0 252.0
377.0 251.5
377.0 251.0
377.0 251.0
377.5 251.0
378.0 251.0
378.0 251.0
378.0 250.5
378.0 250.0
378.0 250.0
378.0 249.5
378.0 249.0
378.0 249.0
378.5 249.0
379.0 249.0
379.0 249.0
379.0 248.5
379.0 248.0
379.0 248.0
379.5 248.0
380.0 248.0
380.0 248.0
380.0 247.5
380.0 247.0
380.0 247.0
380.5 247.0
381.0 247.0
381.0 247.0
381.0 246.5
381.0 246.0
381.0 246.0
381.5 246.0
382.0 246.0
382.0 246.0
382.0 245.5
382.0 245.0
382.0 245.0
382.5 245.0
383.0 245.0
383.0 245.0
383.0 244.5
383.0 244.0
383.0 244.0
383.5 244.0
384.0 244.0
384.0 244.0
384.0 243.5
384.0 243.0
384.0 243.0
384.5 243.0
385.0 243.0
385.0 243.0
385.5 243.0
386.0 243.0
386.0 243.0
386.5 243.0
387.0 243.0
387.0 243.0
387.0 242.5
387.0 242.0


12

207
106.0 251.0
106.5 251.0
107.0 251.0
107.0 251.0
107.5 251.0
108.0 251.0
108.0 251.0
108.5 251.0
109.0 251.0
109.0 251.0
109.5 251.0
110.0 251.0
110.0 251.0
110.5 251.0
111.0 251.0
111.0 251.0
111.5 251.0
112.0 251.0
112.0 251.0
112.5 251.0
113.0 251.0
113.0 251.0
113.5 251.0
114.0 251.0
114.0 251.0
114.5 251.0
115.0 251.0
115.0 251.0
115.0 251.5
115.0 252.0
115.0 252.0
115.5 252.0
116.0 252.0
116.0 252.0
116.0 252.5
116.0 253.0
116.0 253.0
116.5 253.0
117.0 253.0
117.0 253.0
117.5 253.0
118.0 253.0
118.0 253.0
118.0 253.5
118.0 254.0
118.0 254.0
118.5 254.0
119.0 254.0
119.0 254.0
119.5 254.0
120.0 254.0
120.0 254.0
120.0 254.5
120.0 255.0
120.0 255.0
120.0 255.5
120.0 256.0
120.0 256.0
120.5 256.0
121.0 256.0
121.0 256.0
121.5 256.0
122.0 256.0
122.0 256.0
122.0 256.5
122.0 257.0
122.0 257.0
122.0 257.5
122.0 258.0
122.0 258.0
122.5 258.0
123.0 258.0
123.0 258.0
123.0 258.5
123.0 259.0
123.0 259.0
123.0 259.5
123.0 260.0
123.0 260.0
123.5 260.0
124.0 260.0
124.0 260.0
124.0 260.5
124.0 261.0
124.0 261.0
124.5 261.0
125.0 261.0
125.0 261.0
125.0 261.5
125.0 262.0
125.0 262.0
125.0 262.5
125.0 263.0
125.0 263.0
125.0 263.5
125.0 264.0
125.0 264.0
125.5 264.0
126.0 264.0
126.0 264.0
120.2 339.2
93.0 273.0
93.0 273.0
93.0 272.5
93.0 272.0
93.0 272.0
93.5 272.0
94.0 272.0
94.0 272.0
94.0 271.5
94.0 271.0
94.0 271.0
94.0 270.5
94.0 270.0
94.0 270.0
94.0 269.5
94.0 269.0
94.0 269.0
94.0 268.5
94.0 268.0
94.0 268.0
94.0 267.5
94.0 267.0
94.0 267.0
94.5 267.0
95.0 267.0
95.0 267.0
95.0 266.5
95.0 266.0
95.0 266.0
95.0 265.5
95.0 265.0
95.0 265.0
95.0 264.5
95.0 264.0
95.0 264.0
95.5 264.0
96.0 264.0
96.0 264.0
96.0 263.5
96.0 263.0
96.0 263.0
96.0 262.5
96.0 262.0
96.0 262.0
96.5 262.0
97.0 262.0
97.0 262.0
97.0 261.5
97.0 261.0
97.0 261.0
97.0 260.5
97.0 260.0
97.0 260.0
97.5 260.0
98.0 260.0
98.0 260.0
98.0 259.5
98.0 259.0
98.0 259.0
98.0 258.5
98.0 258.0
98.0 258.0
98.5 258.0
99.0 258.0
99.0 258.0
99.0 257.5
99.0 257.0
99.0 257.0
99.5 257.0
100.0 257.0
100.0 257.0
100.0 256.5
100.0 256.0
100.0 256.0
100.5 256.0
101.0 256.0
101.0 256.0
101.0 255.5
101.0 255.0
101.0 255.0
101.5 255.0
102.0 255.0
102.0 255.0
102.0 254.5
102.0 254.0
102.0 254.0
102.5 254.0
103.0 254.0
103.0 254.0
103.0 253.5
103.0 253.0
103.0 253.0
103.5 253.0
104.0 253.0
104.0 253.0
104.0 252.5
104.0 252.0
104.0 252.0
104.5 252.0
105.0 252.0
105.0 252.0
105.5 252.0
106.0 252.0
106.0 252.0
106.0 251.5
106.0 251.0


13

12
280.0 275.0
299.8 389.3
279.0 499.0
279.0 499.0
359.6 479.8
415.0 429.0
415.0 429.0
439.1 331.6
413.0 228.0
413.0 228.0
338.7 237.7
280.0 275.0


14

210
232.0 286.0
232.5 286.0
233.0 286.0
233.0 286.0
233.5 286.0
234.0 286.0
234.0 286.0
234.5 286.0
235.0 286.0
235.0 286.0
235.5 286.0
236.0 286.0
236.0 286.0
236.5 286.0
237.0 286.0
237.0 286.0
237.5 286.0
238.0 286.0
238.0 286.0
238.5 286.0
239.0 286.0
239.0 286.0
239.5 286.0
240.0 286.0
240.0 286.0
240.5 286.0
241.0 286.0
241.0 286.0
241.5 286.0
242.0 286.0
242.0 286.0
242.0 286.5
242.0 287.0
242.0 287.0
242.5 287.0
243.0 287.0
243.0 287.0
243.5 287.0
244.0 287.0
244.0 287.0
244.5 287.0
245.0 287.0
245.0 287.0
245.0 287.5
245.0 288.0
245.0 288.0
245.5 288.0
246.0 288.0
246.0 288.0
246.0 288.5
246.0 289.0
246.0 289.0
246.5 289.0
247.0 289.0
247.0 289.0
247.0 289.5
247.0 290.0
247.0 290.0
247.5 290.0
248.0 290.0
248.0 290.0
248.0 290.5
248.0 291.0
248.0 291.0
248.5 291.0
249.0 291.0
249.0 291.0
249.0 291.5
249.0 292.0
249.0 292.0
249.5 292.0
250.0 292.0
250.0 292.0
250.0 292.5
250.0 293.0
250.0 293.0
250.5 293.0
251.0 293.0
251.0 293.0
251.0 293.5
251.0 294.0
251.0 294.0
251.0 294.5
251.0 295.0
251.0 295.0
251.5 295.0
252.0 295.0
252.0 295.0
252.0 295.5
252.0 296.0
252.0 296.0
252.5 296.0
253.0 296.0
253.0 296.0
253.0 296.5
253.0 297.0
253.0 297.0
253.0 297.5
253.0 298.0
253.0 298.0
253.0 298.5
253.0 299.0
253.0 299.0
253.5 299.0
254.0 299.0
254.0 299.0
254.0 299.5
254.0 300.0
254.0 300.0
254.0 300.5
254.0 301.0
254.0 301.0
254.0 301.5
254.0 302.0
254.0 302.0
254.5 302.0
255.0 302.0
255.0 302.0
247.7 378.1
221.0 305.0
221.0 305.0
221.0 304.5
221.0 304.0
221.0 304.0
221.5 304.0
222.0 304.0
222.0 304.0
222.0 303.5
222.0 303.0
222.0 303.0
222.0 302.5
222.0 302.0
222.0 302.0
222.0 301.5
222.0 301.0
222.0 301.0
222.5 301.0
223.0 301.0
223.0 301.0
223.0 300.5
223.0 300.0
223.0 300.0
223.0 299.5
223.0 299.0
223.0 299.0
223.0 298.5
223.0 298.0
223.0 298.0
223.5 298.0
224.0 298.0
224.0 298.0
224.0 297.5
224.0 297.0
224.0 297.0
224.0 296.5
224.0 296.0
224.0 296.0
224.5 296.0
225.0 296.0
225.0 296.0
225.0 295.5
225.0 295.0
225.0 295.0
225.0 294.5
225.0 294.0
225.0 294.0
225.5 294.0
226.0 294.0
226.0 294.0
226.0 293.5
226.0 293.0
226.0 293.0
226.5 293.0
227.0 293.0
227.0 293.0
227.0 292.5
227.0 292.0
227.0 292.0
227.0 291.5
227.0 291.0
227.0 291.0
227.5 291.0
228.0 291.0
228.0 291.0
228.0 290.5
228.0 290.0
228.0 290.0
228.5 290.0
229.0 290.0
229.0 290.0
229.0 289.5
229.0 289.0
229.0 289.0
229.5 289.0
230.0 289.0
230.0 289.0
230.0 288.5
230.0 288.0
230.0 288.0
230.5 288.0
231.0 288.0
231.0 288.0
231.0 287.5
231.0 287.0
231.0 287.0
231.5 287.0
232.0 287.0
232.0 287.0
232.0 286.5
232.0 286.0


15

15
75.0 310.0
72.3 385.4
84.0 439.0
84.0 439.0
166.2 486.2
266.0 503.0
266.0 503.0
291.9 397.3
270.0 273.0
270.0 273.0
200.9 233.1
88.0 223.0
88.0 223.0
80.2 269.2
75.0 310.0


16

300
352.0 327.0
352.5 327.0
353.0 327.0
353.0 327.0
353.5 327.0
354.0 327.0
354.0 327.0
354.5 327.0
355.0 327.0
355.0 327.0
355.5 327.0
356.0 327.0
356.0 327.0
356.5 327.0
357.0 327.0
357.0 327.0
357.5 327.0
358.0 327.0
358.0 327.0
358.5 327.0
359.0 327.0
359.0 327.0
359.5 327.0
360.0 327.0
360.0 327.0
360.5 327.0
361.0 327.0
361.0 327.0
361.0 327.5
361.0 328.0
361.0 328.0
361.5 328.0
362.0 328.0
362.0 328.0
362.5 328.0
363.0 328.0
363.0 328.0
363.0 328.5
363.0 329.0
363.0 329.0
363.5 329.0
364.0 329.0
364.0 329.0
364.5 329.0
365.0 329.0
365.0 329.0
365.0 329.5
365.0 330.0
365.0 330.0
365.5 330.0
366.0 330.0
366.0 330.0
366.0 330.5
366.0 331.0
366.0 331.0
366.5 331.0
367.0 331.0
367.0 331.0
367.0 331.5
367.0 332.0
367.0 332.0
367.5 332.0
368.0 332.0
368.0 332.0
368.0 332.5
368.0 333.0
368.0 333.0
368.0 333.5
368.0 334.0
368.0 334.0
368.5 334.0
369.0 334.0
369.0 334.0
369.0 334.5
369.0 335.0
369.0 335.0
369.0 335.5
369.0 336.0
369.0 336.0
369.5 336.0
370.0 336.0
370.0 336.0
370.5 336.0
371.0 336.0
371.0 336.0
397.0 395.9
347.0 377.0
347.0 377.0
347.0 376.5
347.0 376.0
347.0 376.0
346.5 376.0
346.0 376.0
346.0 376.0
346.0 375.5
346.0 375.0
346.0 375.0
346.0 374.5
346.0 374.0
346.0 374.0
345.5 374.0
345.0 374.0
345.0 374.0
345.0 373.5
345.0 373.0
345.0 373.0
344.5 373.0
344.0 373.0
344.0 373.0
344.0 372.5
344.0 372.0
344.0 372.0
344.0 371.5
344.0 371.0
344.0 371.0
343.5 371.0
343.0 371.0
343.0 371.0
343.0 370.5
343.0 370.0
343.0 370.0
343.0 369.5
343.0 369.0
343.0 369.0
342.5 369.0
342.0 369.0
342.0 369.0
342.0 368.5
342.0 368.0
342.0 368.0
342.0 367.5
342.0 367.0
342.0 367.0
342.0 366.5
342.0 366.0
342.0 366.0
341.5 366.0
341.0 366.0
341.0 366.0
341.0 365.5
341.0 365.0
341.0 365.0
341.0 364.5
341.0 364.0
341.0 364.0
341.0 363.5
341.0 363.0
341.0 363.0
341.0 362.5
341.0 362.0
341.0 362.0
340.5 362.0
340.0 362.0
340.0 362.0
340.0 361.5
340.0 361.0
340.0 361.0
340.0 360.5
340.0 360.0
340.0 360.0
340.0 359.5
340.0 359.0
340.0 359.0
340.0 358.5
340.0 358.0
340.0 358.0
340.0 357.5
340.0 357.0
340.0 357.0
340.0 356.5
340.0 356.0
340.0 356.0
340.0 355.5
340.0 355.0
340.0 355.0
339.5 355.0
339.0 355.0
339.0 355.0
339.0 354.5
339.0 354.0
339.0 354.0
339.0 353.5
339.0 353.0
339.0 353.0
339.0 352.5
339.0 352.0
339.0 352.0
339.5 352.0
340.0 352.0
340.0 352.0
340.0 351.5
340.0 351.0
340.0 351.0
340.0 350.5
340.0 350.0
340.0 350.0
340.0 349.5
340.0 349.0
340.0 349.0
340.0 348.5
340.0 348.0
340.0 348.0
340.0 347.5
340.0 347.0
340.0 347.0
340.0 346.5
340.0 346.0
340.0 346.0
340.5 346.0
341.0 346.0
341.0 346.0
341.0 345.5
341.0 345.0
341.0 345.0
341.0 344.5
341.0 344.0
341.0 344.0
341.0 343.5
341.0 343.0
341.0 343.0
341.0 342.5
341.0 342.0
341.0 342.0
341.0 341.5
341.0 341.0
341.0 341.0
341.5 341.0
342.0 341.0
342.0 341.0
342.0 340.5
342.0 340.0
342.0 340.0
342.0 339.5
342.0 339.0
342.0 339.0
342.5 339.0
343.0 339.0
343.0 339.0
343.0 338.5
343.0 338.0
343.0 338.0
343.0 337.5
343.0 337.0
343.0 337.0
343.0 336.5
343.0 336.0
343.0 336.0
343.5 336.0
344.0 336.0
344.0 336.0
344.0 335.5
344.0 335.0
344.0 335.0
344.0 334.5
344.0 334.0
344.0 334.0
344.5 334.0
345.0 334.0
345.0 334.0
345.0 333.5
345.0 333.0
345.0 333.0
345.5 333.0
346.0 333.0
346.0 333.0
346.0 332.5
346.0 332.0
346.0 332.0
346.5 332.0
347.0 332.0
347.0 332.0
347.0 331.5
347.0 331.0
347.0 331.0
347.5 331.0
348.0 331.0
348.0 331.0
348.0 330.5
348.0 330.0
348.0 330.0
348.5 330.0
349.0 330.0
349.0 330.0
349.0 329.5
349.0 329.0
349.0 329.0
349.5 329.0
350.0 329.0
350.0 329.0
350.0 328.5
350.0 328.0
350.0 328.0
350.5 328.0
351.0 328.0
351.0 328.0
351.5 328.0
352.0 328.0
352.0 328.0
352.0 327.5
352.0 327.0


17

207
168.0 331.0
168.5 331.0
169.0 331.0
169.0 331.0
169.5 331.0
170.0 331.0
170.0 331.0
170.5 331.0
171.0 331.0
171.0 331.0
171.5 331.0
172.0 331.0
172.0 331.0
172.5 331.0
173.0 331.0
173.0 331.0
173.5 331.0
174.0 331.0
174.0 331.0
174.5 331.0
175.0 331.0
175.0 331.0
175.5 331.0
176.0 331.0
176.0 331.0
176.0 331.5
176.0 332.0
176.0 332.0
176.5 332.0
177.0 332.0
177.0 332.0
177.5 332.0
178.0 332.0
178.0 332.0
178.0 332.5
178.0 333.0
178.0 333.0
178.5 333.0
179.0 333.0
179.0 333.0
179.0 333.5
179.0 334.0
179.0 334.0
179.5 334.0
180.0 334.0
180.0 334.0
180.5 334.0
181.0 334.0
181.0 334.0
181.0 334.5
181.0 335.0
181.0 335.0
181.5 335.0
182.0 335.0
182.0 335.0
182.0 335.5
182.0 336.0
182.0 336.0
182.5 336.0
183.0 336.0
183.0 336.0
183.0 336.5
183.0 337.0
183.0 337.0
183.5 337.0
184.0 337.0
184.0 337.0
184.0 337.5
184.0 338.0
184.0 338.0
184.5 338.0
185.0 338.0
185.0 338.0
185.0 338.5
185.0 339.0
185.0 339.0
185.0 339.5
185.0 340.0
185.0 340.0
185.5 340.0
186.0 340.0
186.0 340.0
186.0 340.5
186.0 341.0
186.0 341.0
186.0 341.5
186.0 342.0
186.0 342.0
186.5 342.0
187.0 342.0
187.0 342.0
187.0 342.5
187.0 343.0
187.0 343.0
187.0 343.5
187.0 344.0
187.0 344.0
187.5 344.0
188.0 344.0
188.0 344.0
184.2 423.6
155.0 353.0
155.0 353.0
155.0 352.5
155.0 352.0
155.0 352.0
155.5 352.0
156.0 352.0
156.0 352.0
156.0 351.5
156.0 351.0
156.0 351.0
156.0 350.5
156.0 350.0
156.0 350.0
156.0 349.5
156.0 349.0
156.0 349.0
156.0 348.5
156.0 348.0
156.0 348.0
156.0 347.5
156.0 347.0
156.0 347.0
156.5 347.0
157.0 347.0
157.0 347.0
157.0 346.5
157.0 346.0
157.0 346.0
157.0 345.5
157.0 345.0
157.0 345.0
157.0 344.5
157.0 344.0
157.0 344.0
157.5 344.0
158.0 344.0
158.0 344.0
158.0 343.5
158.0 343.0
158.0 343.0
158.0 342.5
158.0 342.0
158.0 342.0
158.0 341.5
158.0 341.0
158.0 341.0
158.5 341.0
159.0 341.0
159.0 341.0
159.0 340.5
159.0 340.0
159.0 340.0
159.5 340.0
160.0 340.0
160.0 340.0
160.0 339.5
160.0 339.0
160.0 339.0
160.0 338.5
160.0 338.0
160.0 338.0
160.5 338.0
161.0 338.0
161.0 338.0
161.0 337.5
161.0 337.0
161.0 337.0
161.0 336.5
161.0 336.0
161.0 336.0
161.5 336.0
162.0 336.0
162.0 336.0
162.0 335.5
162.0 335.0
162.0 335.0
162.5 335.0
163.0 335.0
163.0 335.0
163.5 335.0
164.0 335.0
164.0 335.0
164.0 334.5
164.0 334.0
164.0 334.0
164.5 334.0
165.0 334.0
165.0 334.0
165.0 333.5
165.0 333.0
165.0 333.0
165.5 333.0
166.0 333.0
166.0 333.0
166.0 332.5
166.0 332.0
166.0 332.0
166.5 332.0
167.0 332.0
167.0 332.0
167.5 332.0
168.0 332.0
168.0 332.0
168.0 331.5
168.0 331.0


18

195
105.0 373.0
105.5 373.0
106.0 373.0
106.0 373.0
106.5 373.0
107.0 373.0
107.0 373.0
107.5 373.0
108.0 373.0
108.0 373.0
108.5 373.0
109.0 373.0
109.0 373.0
109.5 373.0
110.0 373.0
110.0 373.0
110.0 373.5
110.0 374.0
110.0 374.0
110.5 374.0
111.0 374.0
111.0 374.0
111.5 374.0
112.0 374.0
112.0 374.0
112.5 374.0
113.0 374.0
113.0 374.0
113.0 374.5
113.0 375.0
113.0 375.0
113.5 375.0
114.0 375.0
114.0 375.0
114.5 375.0
115.0 375.0
115.0 375.0
115.0 375.5
115.0 376.0
115.0 376.0
115.5 376.0
116.0 376.0
116.0 376.0
116.5 376.0
117.0 376.0
117.0 376.0
117.0 376.5
117.0 377.0
117.0 377.0
117.0 377.5
117.0 378.0
117.0 378.0
117.5 378.0
118.0 378.0
118.0 378.0
118.0 378.5
118.0 379.0
118.0 379.0
118.5 379.0
119.0 379.0
119.0 379.0
119.5 379.0
120.0 379.0
120.0 379.0
120.0 379.5
120.0 380.0
120.0 380.0
120.0 380.5
120.0 381.0
120.0 381.0
120.5 381.0
121.0 381.0
121.0 381.0
121.0 381.5
121.0 382.0
121.0 382.0
121.0 382.5
121.0 383.0
121.0 383.0
121.0 383.5
121.0 384.0
121.0 384.0
121.5 384.0
122.0 384.0
122.0 384.0
122.5 384.0
123.0 384.0
123.0 384.0
118.2 468.7
91.0 394.0
91.0 394.0
91.0 393.5
91.0 393.0
91.0 393.0
91.0 392.5
91.0 392.0
91.0 392.0
91.5 392.0
92.0 392.0
92.0 392.0
92.0 391.5
92.0 391.0
92.0 391.0
92.0 390.5
92.0 390.0
92.0 390.0
92.0 389.5
92.0 389.0
92.0 389.0
92.0 388.5
92.0 388.0
92.0 388.0
92.0 387.5
92.0 387.0
92.0 387.0
92.5 387.0
93.0 387.0
93.0 387.0
93.0 386.5
93.0 386.0
93.0 386.0
93.5 386.0
94.0 386.0
94.0 386.0
94.0 385.5
94.0 385.0
94.0 385.0
94.0 384.5
94.0 384.0
94.0 384.0
94.5 384.0
95.0 384.0
95.0 384.0
95.0 383.5
95.0 383.0
95.0 383.0
95.0 382.5
95.0 382.0
95.0 382.0
95.5 382.0
96.0 382.0
96.0 382.0
96.0 381.5
96.0 381.0
96.0 381.0
96.0 380.5
96.0 380.0
96.0 380.0
96.5 380.0
97.0 380.0
97.0 380.0
97.0 379.5
97.0 379.0
97.0 379.0
97.5 379.0
98.0 379.0
98.0 379.0
98.0 378.5
98.0 378.0
98.0 378.0
98.5 378.0
99.0 378.0
99.0 378.0
99.0 377.5
99.0 377.0
99.0 377.0
99.0 376.5
99.0 376.0
99.0 376.0
99.5 376.0
100.0 376.0
100.0 376.0
100.5 376.0
101.0 376.0
101.0 376.0
101.5 376.0
102.0 376.0
102.0 376.0
102.0 375.5
102.0 375.0
102.0 375.0
102.5 375.0
103.0 375.0
103.0 375.0
103.0 374.5
103.0 374.0
103.0 374.0
103.5 374.0
104.0 374.0
104.0 374.0
104.5 374.0
105.0 374.0
105.0 374.0
105.0 373.5
105.0 373.0


19

291
311.0 412.0
311.5 412.0
312.0 412.0
312.0 412.0
312.5 412.0
313.0 412.0
313.0 412.0
313.0 412.5
313.0 413.0
313.0 413.0
313.5 413.0
314.0 413.0
314.0 413.0
314.5 413.0
315.0 413.0
315.0 413.0
315.5 413.0
316.0 413.0
316.0 413.0
316.5 413.0
317.0 413.0
317.0 413.0
317.0 413.5
317.0 414.0
317.0 414.0
317.5 414.0
318.0 414.0
318.0 414.0
318.5 414.0
319.0 414.0
319.0 414.0
319.0 414.5
319.0 415.0
319.0 415.0
319.5 415.0
320.0 415.0
320.0 415.0
320.0 415.5
320.0 416.0
320.0 416.0
320.5 416.0
321.0 416.0
321.0 416.0
321.0 416.5
321.0 417.0
321.0 417.0
321.5 417.0
322.0 417.0
322.0 417.0
322.5 417.0
323.0 417.0
323.0 417.0
323.0 417.5
323.0 418.0
323.0 418.0
323.0 418.5
323.0 419.0
323.0 419.0
323.5 419.0
324.0 419.0
324.0 419.0
324.0 419.5
324.0 420.0
324.0 420.0
324.5 420.0
325.0 420.0
325.0 420.0
325.0 420.5
325.0 421.0
325.0 421.0
325.5 421.0
326.0 421.0
326.0 421.0
349.6 486.9
301.0 462.0
301.0 462.0
301.0 461.5
301.0 461.0
301.0 461.0
300.5 461.0
300.0 461.0
300.0 461.0
300.0 460.5
300.0 460.0
300.0 460.0
300.0 459.5
300.0 459.0
300.0 459.0
299.5 459.0
299.0 459.0
299.0 459.0
299.0 458.5
299.0 458.0
299.0 458.0
298.5 458.0
298.0 458.0
298.0 458.0
298.0 457.5
298.0 457.0
298.0 457.0
298.0 456.5
298.0 456.0
298.0 456.0
297.5 456.0
297.0 456.0
297.0 456.0
297.0 455.5
297.0 455.0
297.0 455.0
297.0 454.5
297.0 454.0
297.0 454.0
297.0 453.5
297.0 453.0
297.0 453.0
296.5 453.0
296.0 453.0
296.0 453.0
296.0 452.5
296.0 452.0
296.0 452.0
296.0 451.5
296.0 451.0
296.0 451.0
296.0 450.5
296.0 450.0
296.0 450.0
296.0 449.5
296.0 449.0
296.0 449.0
295.5 449.0
295.0 449.0
295.0 449.0
295.0 448.5
295.0 448.0
295.0 448.0
295.0 447.5
295.0 447.0
295.0 447.0
295.0 446.5
295.0 446.0
295.0 446.0
295.0 445.5
295.0 445.0
295.0 445.0
295.0 444.5
295.0 444.0
295.0 444.0
295.0 443.5
295.0 443.0
295.0 443.0
295.0 442.5
295.0 442.0
295.0 442.0
295.0 441.5
295.0 441.0
295.0 441.0
295.0 440.5
295.0 440.0
295.0 440.0
295.0 439.5
295.0 439.0
295.0 439.0
295.0 438.5
295.0 438.0
295.0 438.0
295.0 437.5
295.0 437.0
295.0 437.0
295.0 436.5
295.0 436.0
295.0 436.0
295.0 435.5
295.0 435.0
295.0 435.0
295.0 434.5
295.0 434.0
295.0 434.0
295.0 433.5
295.0 433.0
295.0 433.0
295.0 432.5
295.0 432.0
295.0 432.0
295.0 431.5
295.0 431.0
295.0 431.0
295.5 431.0
296.0 431.0
296.0 431.0
296.0 430.5
296.0 430.0
296.0 430.0
296.0 429.5
296.0 429.0
296.0 429.0
296.0 428.5
296.0 428.0
296.0 428.0
296.0 427.5
296.0 427.0
296.0 427.0
296.5 427.0
297.0 427.0
297.0 427.0
297.0 426.5
297.0 426.0
297.0 426.0
297.0 425.5
297.0 425.0
297.0 425.0
297.0 424.5
297.0 424.0
297.0 424.0
297.5 424.0
298.0 424.0
298.0 424.0
298.0 423.5
298.0 423.0
298.0 423.0
298.5 423.0
299.0 423.0
299.0 423.0
299.0 422.5
299.0 422.0
299.0 422.0
299.0 421.5
299.0 421.0
299.0 421.0
299.5 421.0
300.0 421.0
300.0 421.0
300.0 420.5
300.0 420.0
300.0 420.0
300.0 419.5
300.0 419.0
300.0 419.0
300.5 419.0
301.0 419.0
301.0 419.0
301.0 418.5
301.0 418.0
301.0 418.0
301.5 418.0
302.0 418.0
302.0 418.0
302.0 417.5
302.0 417.0
302.0 417.0
302.5 417.0
303.0 417.0
303.0 417.0
303.0 416.5
303.0 416.0
303.0 416.0
303.5 416.0
304.0 416.0
304.0 416.0
304.0 415.5
304.0 415.0
304.0 415.0
304.5 415.0
305.0 415.0
305.0 415.0
305.5 415.0
306.0 415.0
306.0 415.0
306.0 414.5
306.0 414.0
306.0 414.0
306.5 414.0
307.0 414.0
307.0 414.0
307.0 413.5
307.0 413.0
307.0 413.0
307.5 413.0
308.0 413.0
308.0 413.0
308.5 413.0
309.0 413.0
309.0 413.0
309.5 413.0
310.0 413.0
310.0 413.0
310.5 413.0
311.0 413.0
311.0 413.0
311.0 412.5
311.0 412.0


20

219
231.0 420.0
231.5 420.0
232.0 420.0
232.0 420.0
232.5 420.0
233.0 420.0
233.0 420.0
233.5 420.0
234.0 420.0
234.0 420.0
234.5 420.0
235.0 420.0
235.0 420.0
235.5 420.0
236.0 420.0
236.0 420.0
236.5 420.0
237.0 420.0
237.0 420.0
237.5 420.0
238.0 420.0
238.0 420.0
238.5 420.0
239.0 420.0
239.0 420.0
239.5 420.0
240.0 420.0
240.0 420.0
240.0 420.5
240.0 421.0
240.0 421.0
240.5 421.0
241.0 421.0
241.0 421.0
241.0 421.5
241.0 422.0
241.0 422.0
241.5 422.0
242.0 422.0
242.0 422.0
242.5 422.0
243.0 422.0
243.0 422.0
243.0 422.5
243.0 423.0
243.0 423.0
243.5 423.0
244.0 423.0
244.0 423.0
244.0 423.5
244.0 424.0
244.0 424.0
244.5 424.0
245.0 424.0
245.0 424.0
245.5 424.0
246.0 424.0
246.0 424.0
246.0 424.5
246.0 425.0
246.0 425.0
246.0 425.5
246.0 426.0
246.0 426.0
246.5 426.0
247.0 426.0
247.0 426.0
247.0 426.5
247.0 427.0
247.0 427.0
247.5 427.0
248.0 427.0
248.0 427.0
248.0 427.5
248.0 428.0
248.0 428.0
248.5 428.0
249.0 428.0
249.0 428.0
249.0 428.5
249.0 429.0
249.0 429.0
249.0 429.5
249.0 430.0
249.0 430.0
249.0 430.5
249.0 431.0
249.0 431.0
249.5 431.0
250.0 431.0
250.0 431.0
250.0 431.5
250.0 432.0
250.0 432.0
250.5 432.0
251.0 432.0
251.0 432.0
251.0 432.5
251.0 433.0
251.0 433.0
251.0 433.5
251.0 434.0
251.0 434.0
251.0 434.5
251.0 435.0
251.0 435.0
251.0 435.5
251.0 436.0
251.0 436.0
251.5 436.0
252.0 436.0
252.0 436.0
246.8 516.8
218.0 442.0
218.0 442.0
218.0 441.5
218.0 441.0
218.0 441.0
218.0 440.5
218.0 440.0
218.0 440.0
218.5 440.0
219.0 440.0
219.0 440.0
219.0 439.5
219.0 439.0
219.0 439.0
219.0 438.5
219.0 438.0
219.0 438.0
219.0 437.5
219.0 437.0
219.0 437.0
219.0 436.5
219.0 436.0
219.0 436.0
219.0 435.5
219.0 435.0
219.0 435.0
219.5 435.0
220.0 435.0
220.0 435.0
220.0 434.5
220.0 434.0
220.0 434.0
220.0 433.5
220.0 433.0
220.0 433.0
220.0 432.5
220.0 432.0
220.0 432.0
220.5 432.0
221.0 432.0
221.0 432.0
221.0 431.5
221.0 431.0
221.0 431.0
221.0 430.5
221.0 430.0
221.0 430.0
221.5 430.0
222.0 430.0
222.0 430.0
222.0 429.5
222.0 429.0
222.0 429.0
222.0 428.5
222.0 428.0
222.0 428.0
222.5 428.0
223.0 428.0
223.0 428.0
223.0 427.5
223.0 427.0
223.0 427.0
223.0 426.5
223.0 426.0
223.0 426.0
223.5 426.0
224.0 426.0
224.0 426.0
224.0 425.5
224.0 425.0
224.0 425.0
224.0 424.5
224.0 424.0
224.0 424.0
224.5 424.0
225.0 424.0
225.0 424.0
225.5 424.0
226.0 424.0
226.0 424.0
226.0 423.5
226.0 423.0
226.0 423.0
226.5 423.0
227.0 423.0
227.0 423.0
227.5 423.0
228.0 423.0
228.0 423.0
228.0 422.5
228.0 422.0
228.0 422.0
228.5 422.0
229.0 422.0
229.0 422.0
229.0 421.5
229.0 421.0
229.0 421.0
229.5 421.0
230.0 421.0
230.0 421.0
230.5 421.0
231.0 421.0
231.0 421.0
231.0 420.5
231.0 420.0


