1

380
44.0 25.0
56.0 25.0
56.0 25.0
62.0 27.0
62.0 27.0
73.0 38.0
73.0 38.0
76.0 52.0
76.0 52.0
77.0 72.0
77.0 72.0
84.0 98.0
84.0 98.0
98.0 126.0
98.0 126.0
105.0 134.0
105.0 134.0
107.0 139.0
107.0 139.0
110.0 141.0
110.0 141.0
110.0 143.0
110.0 143.0
117.0 149.0
117.0 149.0
117.0 151.0
117.0 151.0
143.0 175.0
143.0 175.0
145.0 175.0
145.0 175.0
151.0 181.0
151.0 181.0
161.0 186.0
161.0 186.0
165.0 190.0
165.0 190.0
169.0 191.0
169.0 191.0
170.0 193.0
170.0 193.0
188.0 202.0
188.0 202.0
196.0 204.0
196.0 204.0
200.0 207.0
200.0 207.0
224.0 215.0
224.0 215.0
226.0 215.0
226.0 215.0
227.0 192.0
227.0 192.0
234.0 147.0
234.0 147.0
238.0 131.0
238.0 131.0
243.0 119.0
243.0 119.0
243.0 115.0
243.0 115.0
247.0 108.0
247.0 108.0
249.0 100.0
249.0 100.0
258.0 82.0
258.0 82.0
260.0 81.0
260.0 81.0
268.0 67.0
268.0 67.0
287.0 47.0
287.0 47.0
296.0 42.0
296.0 42.0
298.0 39.0
298.0 39.0
314.0 31.0
314.0 31.0
337.0 25.0
337.0 25.0
363.0 25.0
363.0 25.0
374.0 27.0
374.0 27.0
388.0 31.0
388.0 31.0
409.0 41.0
409.0 41.0
410.0 43.0
410.0 43.0
421.0 49.0
421.0 49.0
423.0 52.0
423.0 52.0
425.0 52.0
425.0 52.0
442.0 68.0
442.0 68.0
442.0 70.0
442.0 70.0
448.0 75.0
448.0 75.0
448.0 77.0
448.0 77.0
451.0 79.0
451.0 79.0
451.0 81.0
451.0 81.0
459.0 91.0
459.0 91.0
466.0 105.0
466.0 105.0
472.0 122.0
472.0 122.0
475.0 137.0
475.0 137.0
475.0 162.0
475.0 162.0
473.0 174.0
473.0 174.0
471.0 177.0
471.0 177.0
469.0 187.0
469.0 187.0
460.0 205.0
460.0 205.0
453.0 213.0
453.0 213.0
453.0 215.0
453.0 215.0
450.0 217.0
450.0 217.0
450.0 219.0
450.0 219.0
430.0 238.0
430.0 238.0
428.0 238.0
428.0 238.0
426.0 241.0
426.0 241.0
424.0 241.0
424.0 241.0
417.0 247.0
417.0 247.0
413.0 248.0
413.0 248.0
412.0 250.0
412.0 250.0
391.0 260.0
391.0 260.0
385.0 261.0
385.0 261.0
383.0 263.0
383.0 263.0
358.0 270.0
358.0 270.0
332.0 274.0
332.0 274.0
275.0 274.0
275.0 274.0
271.0 325.0
271.0 325.0
264.0 359.0
264.0 359.0
334.0 395.0
334.0 395.0
337.0 395.0
337.0 395.0
343.0 399.0
343.0 399.0
346.0 399.0
346.0 399.0
363.0 407.0
363.0 407.0
372.0 409.0
372.0 409.0
374.0 411.0
374.0 411.0
416.0 422.0
416.0 422.0
457.0 425.0
457.0 425.0
459.0 427.0
459.0 427.0
462.0 427.0
462.0 427.0
471.0 435.0
471.0 435.0
475.0 444.0
475.0 444.0
475.0 457.0
475.0 457.0
471.0 465.0
471.0 465.0
465.0 471.0
465.0 471.0
456.0 475.0
456.0 475.0
432.0 475.0
432.0 475.0
407.0 472.0
407.0 472.0
370.0 463.0
370.0 463.0
346.0 455.0
346.0 455.0
344.0 453.0
344.0 453.0
326.0 447.0
326.0 447.0
320.0 443.0
320.0 443.0
317.0 443.0
317.0 443.0
311.0 439.0
311.0 439.0
308.0 439.0
308.0 439.0
266.0 418.0
266.0 418.0
265.0 416.0
265.0 416.0
253.0 411.0
253.0 411.0
248.0 407.0
248.0 407.0
246.0 408.0
246.0 408.0
242.0 418.0
242.0 418.0
240.0 419.0
240.0 419.0
232.0 433.0
232.0 433.0
213.0 453.0
213.0 453.0
204.0 458.0
204.0 458.0
202.0 461.0
202.0 461.0
186.0 469.0
186.0 469.0
168.0 474.0
168.0 474.0
126.0 475.0
126.0 475.0
91.0 470.0
91.0 470.0
74.0 465.0
74.0 465.0
59.0 458.0
59.0 458.0
40.0 443.0
40.0 443.0
40.0 441.0
40.0 441.0
34.0 435.0
34.0 435.0
27.0 419.0
27.0 419.0
25.0 410.0
25.0 410.0
25.0 388.0
25.0 388.0
31.0 366.0
31.0 366.0
40.0 348.0
40.0 348.0
42.0 347.0
42.0 347.0
48.0 336.0
48.0 336.0
53.0 332.0
53.0 332.0
53.0 330.0
53.0 330.0
66.0 317.0
66.0 317.0
68.0 317.0
68.0 317.0
71.0 313.0
71.0 313.0
73.0 313.0
73.0 313.0
75.0 310.0
75.0 310.0
82.0 307.0
82.0 307.0
83.0 305.0
83.0 305.0
105.0 296.0
105.0 296.0
116.0 294.0
116.0 294.0
136.0 294.0
136.0 294.0
160.0 301.0
160.0 301.0
172.0 307.0
172.0 307.0
173.0 309.0
173.0 309.0
191.0 317.0
191.0 317.0
192.0 319.0
192.0 319.0
202.0 323.0
202.0 323.0
203.0 325.0
203.0 325.0
211.0 328.0
211.0 328.0
212.0 330.0
212.0 330.0
218.0 332.0
218.0 332.0
224.0 285.0
224.0 285.0
223.0 266.0
223.0 266.0
214.0 265.0
214.0 265.0
205.0 261.0
205.0 261.0
201.0 261.0
201.0 261.0
186.0 256.0
186.0 256.0
167.0 247.0
167.0 247.0
164.0 247.0
164.0 247.0
158.0 244.0
158.0 244.0
157.0 242.0
157.0 242.0
141.0 235.0
141.0 235.0
137.0 231.0
137.0 231.0
133.0 230.0
133.0 230.0
132.0 228.0
132.0 228.0
118.0 220.0
118.0 220.0
106.0 209.0
106.0 209.0
104.0 209.0
104.0 209.0
97.0 201.0
97.0 201.0
95.0 201.0
95.0 201.0
74.0 179.0
74.0 179.0
74.0 177.0
74.0 177.0
69.0 173.0
69.0 173.0
64.0 164.0
64.0 164.0
61.0 162.0
61.0 162.0
59.0 157.0
59.0 157.0
56.0 155.0
56.0 155.0
36.0 115.0
36.0 115.0
26.0 75.0
26.0 75.0
25.0 44.0
25.0 44.0
27.0 38.0
27.0 38.0
35.0 29.0
35.0 29.0
44.0 25.0


2

98
424.0 152.0
425.0 148.0
425.0 148.0
423.0 135.0
423.0 135.0
417.0 120.0
417.0 120.0
415.0 119.0
415.0 119.0
410.0 109.0
410.0 109.0
406.0 106.0
406.0 106.0
406.0 104.0
406.0 104.0
391.0 90.0
391.0 90.0
389.0 90.0
389.0 90.0
388.0 88.0
388.0 88.0
386.0 88.0
386.0 88.0
385.0 86.0
385.0 86.0
381.0 85.0
381.0 85.0
376.0 81.0
376.0 81.0
360.0 76.0
360.0 76.0
348.0 75.0
348.0 75.0
331.0 79.0
331.0 79.0
324.0 83.0
324.0 83.0
323.0 85.0
323.0 85.0
321.0 85.0
321.0 85.0
310.0 96.0
310.0 96.0
310.0 98.0
310.0 98.0
303.0 106.0
303.0 106.0
300.0 114.0
300.0 114.0
298.0 115.0
298.0 115.0
297.0 120.0
297.0 120.0
292.0 129.0
292.0 129.0
287.0 144.0
287.0 144.0
281.0 171.0
281.0 171.0
277.0 200.0
277.0 200.0
276.0 224.0
276.0 224.0
306.0 225.0
306.0 225.0
333.0 223.0
333.0 223.0
357.0 218.0
357.0 218.0
374.0 212.0
374.0 212.0
378.0 209.0
378.0 209.0
381.0 209.0
381.0 209.0
382.0 207.0
382.0 207.0
390.0 204.0
390.0 204.0
398.0 197.0
398.0 197.0
400.0 197.0
400.0 197.0
412.0 185.0
412.0 185.0
412.0 183.0
412.0 183.0
415.0 181.0
415.0 181.0
416.0 177.0
416.0 177.0
418.0 176.0
418.0 176.0
421.0 170.0
421.0 170.0
424.0 160.0
424.0 160.0
424.0 152.0


3

64
202.0 383.0
203.0 382.0
203.0 382.0
201.0 382.0
201.0 382.0
200.0 380.0
200.0 380.0
192.0 377.0
192.0 377.0
191.0 375.0
191.0 375.0
183.0 372.0
183.0 372.0
182.0 370.0
182.0 370.0
174.0 367.0
174.0 367.0
173.0 365.0
173.0 365.0
159.0 359.0
159.0 359.0
158.0 357.0
158.0 357.0
138.0 347.0
138.0 347.0
135.0 347.0
135.0 347.0
133.0 345.0
133.0 345.0
119.0 345.0
119.0 345.0
101.0 354.0
101.0 354.0
90.0 365.0
90.0 365.0
90.0 367.0
90.0 367.0
87.0 369.0
87.0 369.0
79.0 383.0
79.0 383.0
75.0 401.0
75.0 401.0
76.0 406.0
76.0 406.0
80.0 411.0
80.0 411.0
100.0 420.0
100.0 420.0
124.0 424.0
124.0 424.0
160.0 424.0
160.0 424.0
169.0 421.0
169.0 421.0
176.0 417.0
176.0 417.0
177.0 415.0
177.0 415.0
179.0 415.0
179.0 415.0
193.0 400.0
193.0 400.0
202.0 383.0


