1

144
44.0 25.0
62.0 27.0
62.0 27.0
73.0 38.0
73.0 38.0
77.0 72.0
77.0 72.0
84.0 98.0
84.0 98.0
98.0 126.0
98.0 126.0
117.0 151.0
117.0 151.0
143.0 175.0
143.0 175.0
170.0 193.0
170.0 193.0
224.0 215.0
224.0 215.0
234.0 147.0
234.0 147.0
249.0 100.0
249.0 100.0
268.0 67.0
268.0 67.0
298.0 39.0
298.0 39.0
314.0 31.0
314.0 31.0
337.0 25.0
337.0 25.0
374.0 27.0
374.0 27.0
409.0 41.0
409.0 41.0
442.0 68.0
442.0 68.0
466.0 105.0
466.0 105.0
475.0 137.0
475.0 137.0
473.0 174.0
473.0 174.0
460.0 205.0
460.0 205.0
450.0 219.0
450.0 219.0
430.0 238.0
430.0 238.0
412.0 250.0
412.0 250.0
383.0 263.0
383.0 263.0
332.0 274.0
332.0 274.0
275.0 274.0
275.0 274.0
271.0 325.0
271.0 325.0
264.0 359.0
264.0 359.0
334.0 395.0
334.0 395.0
374.0 411.0
374.0 411.0
416.0 422.0
416.0 422.0
462.0 427.0
462.0 427.0
471.0 435.0
471.0 435.0
475.0 444.0
475.0 444.0
475.0 457.0
475.0 457.0
465.0 471.0
465.0 471.0
456.0 475.0
456.0 475.0
432.0 475.0
432.0 475.0
370.0 463.0
370.0 463.0
308.0 439.0
308.0 439.0
248.0 407.0
248.0 407.0
232.0 433.0
232.0 433.0
213.0 453.0
213.0 453.0
186.0 469.0
186.0 469.0
168.0 474.0
168.0 474.0
126.0 475.0
126.0 475.0
91.0 470.0
91.0 470.0
59.0 458.0
59.0 458.0
40.0 443.0
40.0 443.0
27.0 419.0
27.0 419.0
25.0 388.0
25.0 388.0
31.0 366.0
31.0 366.0
40.0 348.0
40.0 348.0
66.0 317.0
66.0 317.0
83.0 305.0
83.0 305.0
105.0 296.0
105.0 296.0
136.0 294.0
136.0 294.0
160.0 301.0
160.0 301.0
218.0 332.0
218.0 332.0
224.0 285.0
224.0 285.0
223.0 266.0
223.0 266.0
186.0 256.0
186.0 256.0
133.0 230.0
133.0 230.0
95.0 201.0
95.0 201.0
56.0 155.0
56.0 155.0
36.0 115.0
36.0 115.0
26.0 75.0
26.0 75.0
27.0 38.0
27.0 38.0
35.0 29.0
35.0 29.0
44.0 25.0


2

36
424.0 152.0
423.0 135.0
423.0 135.0
417.0 120.0
417.0 120.0
406.0 104.0
406.0 104.0
391.0 90.0
391.0 90.0
376.0 81.0
376.0 81.0
360.0 76.0
360.0 76.0
348.0 75.0
348.0 75.0
331.0 79.0
331.0 79.0
310.0 96.0
310.0 96.0
292.0 129.0
292.0 129.0
281.0 171.0
281.0 171.0
276.0 224.0
276.0 224.0
333.0 223.0
333.0 223.0
381.0 209.0
381.0 209.0
400.0 197.0
400.0 197.0
412.0 185.0
412.0 185.0
421.0 170.0
421.0 170.0
424.0 152.0


3

26
202.0 383.0
138.0 347.0
138.0 347.0
119.0 345.0
119.0 345.0
101.0 354.0
101.0 354.0
90.0 365.0
90.0 365.0
79.0 383.0
79.0 383.0
75.0 401.0
75.0 401.0
80.0 411.0
80.0 411.0
100.0 420.0
100.0 420.0
124.0 424.0
124.0 424.0
160.0 424.0
160.0 424.0
179.0 415.0
179.0 415.0
193.0 400.0
193.0 400.0
202.0 383.0


