1

7143
92.0 3.0
93.0 3.0
94.0 3.0
95.0 3.0
96.0 3.0
97.0 3.0
98.0 3.0
99.0 3.0
100.0 3.0
101.0 3.0
101.0 4.0
102.0 4.0
102.0 5.0
103.0 5.0
103.0 6.0
103.0 7.0
104.0 7.0
104.0 8.0
104.0 9.0
104.0 10.0
104.0 11.0
105.0 11.0
105.0 12.0
105.0 13.0
105.0 14.0
106.0 14.0
106.0 15.0
106.0 16.0
106.0 17.0
107.0 17.0
107.0 18.0
107.0 19.0
107.0 20.0
107.0 21.0
108.0 21.0
108.0 22.0
108.0 23.0
108.0 24.0
108.0 25.0
109.0 25.0
109.0 26.0
109.0 27.0
109.0 28.0
110.0 28.0
110.0 29.0
110.0 30.0
111.0 30.0
111.0 31.0
111.0 32.0
112.0 32.0
112.0 33.0
112.0 34.0
112.0 35.0
113.0 35.0
113.0 36.0
113.0 37.0
114.0 37.0
114.0 38.0
114.0 39.0
114.0 40.0
115.0 40.0
115.0 41.0
115.0 42.0
116.0 42.0
116.0 43.0
116.0 44.0
116.0 45.0
117.0 45.0
117.0 46.0
117.0 47.0
118.0 47.0
118.0 48.0
118.0 49.0
118.0 50.0
119.0 50.0
119.0 51.0
119.0 52.0
120.0 52.0
120.0 53.0
120.0 54.0
121.0 54.0
121.0 55.0
121.0 56.0
122.0 56.0
122.0 57.0
122.0 58.0
123.0 58.0
123.0 59.0
123.0 60.0
124.0 60.0
124.0 61.0
124.0 62.0
125.0 62.0
125.0 63.0
125.0 64.0
126.0 64.0
126.0 65.0
126.0 66.0
127.0 66.0
127.0 67.0
128.0 67.0
128.0 68.0
128.0 69.0
129.0 69.0
129.0 70.0
130.0 70.0
130.0 71.0
130.0 72.0
130.0 73.0
131.0 73.0
131.0 74.0
132.0 74.0
132.0 75.0
133.0 75.0
133.0 76.0
133.0 77.0
134.0 77.0
134.0 78.0
135.0 78.0
135.0 79.0
135.0 80.0
136.0 80.0
136.0 81.0
136.0 82.0
137.0 82.0
137.0 83.0
138.0 83.0
138.0 84.0
138.0 85.0
139.0 85.0
139.0 86.0
140.0 86.0
140.0 87.0
140.0 88.0
141.0 88.0
141.0 89.0
141.0 90.0
142.0 90.0
142.0 91.0
143.0 91.0
143.0 92.0
143.0 93.0
144.0 93.0
144.0 94.0
145.0 94.0
145.0 95.0
145.0 96.0
146.0 96.0
146.0 97.0
147.0 97.0
147.0 98.0
147.0 99.0
148.0 99.0
148.0 100.0
148.0 101.0
149.0 101.0
149.0 102.0
150.0 102.0
150.0 103.0
150.0 104.0
151.0 104.0
151.0 105.0
152.0 105.0
152.0 106.0
152.0 107.0
153.0 107.0
153.0 108.0
153.0 109.0
154.0 109.0
154.0 110.0
155.0 110.0
155.0 111.0
156.0 111.0
156.0 112.0
156.0 113.0
157.0 113.0
157.0 114.0
158.0 114.0
158.0 115.0
159.0 115.0
159.0 116.0
159.0 117.0
160.0 117.0
160.0 118.0
161.0 118.0
161.0 119.0
161.0 120.0
162.0 120.0
162.0 121.0
163.0 121.0
163.0 122.0
164.0 122.0
164.0 123.0
164.0 124.0
165.0 124.0
165.0 125.0
166.0 125.0
166.0 126.0
167.0 126.0
167.0 127.0
167.0 128.0
168.0 128.0
169.0 128.0
169.0 129.0
169.0 130.0
170.0 130.0
170.0 131.0
171.0 131.0
171.0 132.0
171.0 133.0
172.0 133.0
172.0 134.0
173.0 134.0
173.0 135.0
174.0 135.0
174.0 136.0
175.0 136.0
175.0 137.0
175.0 138.0
176.0 138.0
176.0 139.0
177.0 139.0
177.0 140.0
178.0 140.0
178.0 141.0
178.0 142.0
179.0 142.0
179.0 143.0
180.0 143.0
180.0 144.0
181.0 144.0
181.0 145.0
182.0 145.0
182.0 146.0
183.0 146.0
183.0 147.0
184.0 147.0
184.0 148.0
184.0 149.0
185.0 149.0
185.0 150.0
186.0 150.0
186.0 151.0
186.0 152.0
187.0 152.0
187.0 153.0
188.0 153.0
188.0 154.0
189.0 154.0
189.0 155.0
190.0 155.0
190.0 156.0
191.0 156.0
191.0 157.0
191.0 158.0
192.0 158.0
192.0 159.0
193.0 159.0
193.0 160.0
194.0 160.0
194.0 161.0
195.0 161.0
195.0 162.0
196.0 162.0
196.0 163.0
197.0 163.0
197.0 164.0
198.0 164.0
198.0 165.0
198.0 166.0
199.0 166.0
199.0 167.0
200.0 167.0
200.0 168.0
201.0 168.0
201.0 169.0
202.0 169.0
202.0 170.0
202.0 171.0
203.0 171.0
203.0 172.0
204.0 172.0
204.0 173.0
205.0 173.0
205.0 174.0
206.0 174.0
206.0 175.0
207.0 175.0
207.0 176.0
207.0 177.0
208.0 177.0
208.0 178.0
209.0 178.0
209.0 179.0
210.0 179.0
210.0 180.0
210.0 181.0
211.0 181.0
211.0 182.0
212.0 182.0
212.0 183.0
212.0 184.0
213.0 184.0
213.0 185.0
214.0 185.0
214.0 186.0
214.0 187.0
215.0 187.0
215.0 188.0
215.0 189.0
215.0 190.0
216.0 190.0
216.0 191.0
216.0 192.0
217.0 192.0
217.0 193.0
218.0 193.0
218.0 194.0
218.0 195.0
218.0 196.0
219.0 196.0
219.0 197.0
219.0 198.0
219.0 199.0
220.0 199.0
220.0 200.0
220.0 201.0
220.0 202.0
220.0 203.0
221.0 203.0
221.0 204.0
221.0 205.0
222.0 205.0
222.0 206.0
222.0 207.0
222.0 208.0
223.0 208.0
223.0 209.0
223.0 210.0
223.0 211.0
223.0 212.0
224.0 212.0
224.0 213.0
224.0 214.0
224.0 215.0
224.0 216.0
224.0 217.0
224.0 218.0
224.0 219.0
224.0 220.0
224.0 221.0
225.0 221.0
225.0 222.0
225.0 223.0
225.0 224.0
225.0 225.0
225.0 226.0
225.0 227.0
225.0 228.0
225.0 229.0
225.0 230.0
225.0 231.0
225.0 232.0
225.0 233.0
225.0 234.0
225.0 235.0
225.0 236.0
225.0 237.0
225.0 238.0
225.0 239.0
225.0 240.0
225.0 241.0
225.0 242.0
225.0 243.0
225.0 244.0
225.0 245.0
225.0 246.0
225.0 247.0
225.0 248.0
224.0 248.0
224.0 249.0
224.0 250.0
224.0 251.0
224.0 252.0
224.0 253.0
223.0 253.0
223.0 254.0
223.0 255.0
223.0 256.0
223.0 257.0
222.0 257.0
222.0 258.0
222.0 259.0
222.0 260.0
221.0 260.0
221.0 261.0
221.0 262.0
221.0 263.0
220.0 263.0
220.0 264.0
220.0 265.0
221.0 265.0
222.0 265.0
222.0 264.0
223.0 264.0
223.0 263.0
224.0 263.0
224.0 262.0
225.0 262.0
225.0 261.0
226.0 261.0
227.0 261.0
227.0 260.0
228.0 260.0
228.0 259.0
229.0 259.0
230.0 259.0
230.0 258.0
231.0 258.0
231.0 257.0
232.0 257.0
233.0 257.0
233.0 256.0
234.0 256.0
234.0 255.0
235.0 255.0
236.0 255.0
236.0 254.0
237.0 254.0
238.0 254.0
238.0 253.0
239.0 253.0
240.0 253.0
241.0 253.0
241.0 252.0
242.0 252.0
243.0 252.0
244.0 252.0
244.0 251.0
245.0 251.0
246.0 251.0
247.0 251.0
247.0 250.0
248.0 250.0
249.0 250.0
250.0 250.0
251.0 250.0
252.0 250.0
252.0 249.0
253.0 249.0
254.0 249.0
255.0 249.0
256.0 249.0
257.0 249.0
258.0 249.0
259.0 249.0
260.0 249.0
261.0 249.0
262.0 249.0
262.0 248.0
262.0 247.0
261.0 247.0
260.0 247.0
260.0 246.0
259.0 246.0
259.0 245.0
258.0 245.0
258.0 244.0
257.0 244.0
257.0 243.0
257.0 242.0
256.0 242.0
256.0 241.0
256.0 240.0
256.0 239.0
255.0 239.0
255.0 238.0
255.0 237.0
254.0 237.0
254.0 236.0
254.0 235.0
254.0 234.0
254.0 233.0
254.0 232.0
254.0 231.0
255.0 231.0
255.0 230.0
255.0 229.0
256.0 229.0
256.0 228.0
257.0 228.0
257.0 227.0
257.0 226.0
258.0 226.0
258.0 225.0
257.0 225.0
257.0 224.0
256.0 224.0
256.0 223.0
256.0 222.0
255.0 222.0
255.0 221.0
254.0 221.0
254.0 220.0
253.0 220.0
253.0 219.0
252.0 219.0
252.0 218.0
251.0 218.0
251.0 217.0
251.0 216.0
250.0 216.0
250.0 215.0
249.0 215.0
249.0 214.0
249.0 213.0
248.0 213.0
248.0 212.0
248.0 211.0
247.0 211.0
247.0 210.0
247.0 209.0
246.0 209.0
246.0 208.0
246.0 207.0
245.0 207.0
245.0 206.0
245.0 205.0
245.0 204.0
244.0 204.0
244.0 203.0
244.0 202.0
244.0 201.0
243.0 201.0
243.0 200.0
243.0 199.0
243.0 198.0
244.0 198.0
244.0 197.0
244.0 196.0
244.0 195.0
245.0 195.0
245.0 194.0
245.0 193.0
245.0 192.0
246.0 192.0
246.0 191.0
246.0 190.0
247.0 190.0
247.0 189.0
248.0 189.0
249.0 189.0
249.0 188.0
250.0 188.0
250.0 187.0
249.0 187.0
249.0 186.0
249.0 185.0
248.0 185.0
248.0 184.0
247.0 184.0
247.0 183.0
247.0 182.0
246.0 182.0
246.0 181.0
246.0 180.0
245.0 180.0
245.0 179.0
244.0 179.0
244.0 178.0
244.0 177.0
243.0 177.0
243.0 176.0
242.0 176.0
242.0 175.0
242.0 174.0
242.0 173.0
241.0 173.0
241.0 172.0
241.0 171.0
240.0 171.0
240.0 170.0
240.0 169.0
239.0 169.0
239.0 168.0
239.0 167.0
239.0 166.0
238.0 166.0
238.0 165.0
238.0 164.0
238.0 163.0
238.0 162.0
238.0 161.0
237.0 161.0
237.0 160.0
237.0 159.0
237.0 158.0
237.0 157.0
237.0 156.0
237.0 155.0
237.0 154.0
237.0 153.0
237.0 152.0
238.0 152.0
238.0 151.0
238.0 150.0
238.0 149.0
238.0 148.0
239.0 148.0
239.0 147.0
239.0 146.0
240.0 146.0
240.0 145.0
241.0 145.0
242.0 145.0
242.0 144.0
243.0 144.0
244.0 144.0
244.0 145.0
245.0 145.0
245.0 146.0
245.0 147.0
244.0 147.0
244.0 148.0
244.0 149.0
244.0 150.0
244.0 151.0
243.0 151.0
243.0 152.0
243.0 153.0
243.0 154.0
243.0 155.0
243.0 156.0
243.0 157.0
243.0 158.0
243.0 159.0
243.0 160.0
243.0 161.0
243.0 162.0
243.0 163.0
243.0 164.0
244.0 164.0
244.0 165.0
244.0 166.0
244.0 167.0
244.0 168.0
245.0 168.0
245.0 169.0
245.0 170.0
245.0 171.0
245.0 172.0
246.0 172.0
246.0 173.0
246.0 174.0
246.0 175.0
247.0 175.0
247.0 176.0
247.0 177.0
247.0 178.0
248.0 178.0
248.0 179.0
248.0 180.0
249.0 180.0
249.0 181.0
250.0 181.0
250.0 182.0
250.0 183.0
251.0 183.0
251.0 184.0
251.0 185.0
251.0 186.0
252.0 186.0
252.0 187.0
253.0 187.0
253.0 188.0
253.0 189.0
254.0 189.0
254.0 190.0
255.0 190.0
255.0 191.0
256.0 191.0
256.0 192.0
257.0 192.0
257.0 193.0
257.0 194.0
258.0 194.0
258.0 195.0
259.0 195.0
259.0 196.0
260.0 196.0
260.0 197.0
260.0 198.0
261.0 198.0
261.0 199.0
262.0 199.0
262.0 200.0
263.0 200.0
263.0 201.0
264.0 201.0
264.0 202.0
265.0 202.0
265.0 203.0
266.0 203.0
266.0 204.0
267.0 204.0
267.0 205.0
268.0 205.0
268.0 206.0
269.0 206.0
269.0 207.0
268.0 207.0
267.0 207.0
266.0 207.0
266.0 206.0
265.0 206.0
265.0 205.0
264.0 205.0
264.0 204.0
263.0 204.0
263.0 203.0
262.0 203.0
262.0 202.0
261.0 202.0
261.0 201.0
260.0 201.0
260.0 200.0
259.0 200.0
259.0 199.0
258.0 199.0
258.0 198.0
257.0 198.0
257.0 197.0
257.0 196.0
256.0 196.0
256.0 195.0
255.0 195.0
255.0 194.0
254.0 194.0
254.0 193.0
254.0 192.0
253.0 192.0
253.0 191.0
252.0 191.0
251.0 191.0
251.0 192.0
250.0 192.0
250.0 193.0
250.0 194.0
250.0 195.0
249.0 195.0
249.0 196.0
249.0 197.0
249.0 198.0
249.0 199.0
249.0 200.0
249.0 201.0
249.0 202.0
249.0 203.0
249.0 204.0
250.0 204.0
250.0 205.0
250.0 206.0
250.0 207.0
250.0 208.0
251.0 208.0
251.0 209.0
251.0 210.0
251.0 211.0
252.0 211.0
252.0 212.0
252.0 213.0
253.0 213.0
253.0 214.0
253.0 215.0
254.0 215.0
254.0 216.0
254.0 217.0
255.0 217.0
255.0 218.0
256.0 218.0
256.0 219.0
256.0 220.0
257.0 220.0
257.0 221.0
258.0 221.0
258.0 222.0
259.0 222.0
259.0 223.0
259.0 224.0
260.0 224.0
260.0 225.0
261.0 225.0
261.0 226.0
262.0 226.0
262.0 227.0
263.0 227.0
263.0 228.0
264.0 228.0
264.0 229.0
265.0 229.0
265.0 230.0
266.0 230.0
266.0 231.0
266.0 232.0
265.0 232.0
264.0 232.0
264.0 231.0
263.0 231.0
263.0 230.0
262.0 230.0
262.0 229.0
261.0 229.0
261.0 228.0
260.0 228.0
260.0 227.0
259.0 227.0
259.0 228.0
259.0 229.0
259.0 230.0
259.0 231.0
259.0 232.0
259.0 233.0
259.0 234.0
259.0 235.0
260.0 235.0
260.0 236.0
260.0 237.0
260.0 238.0
260.0 239.0
261.0 239.0
261.0 240.0
261.0 241.0
262.0 241.0
262.0 242.0
263.0 242.0
263.0 243.0
264.0 243.0
264.0 244.0
264.0 245.0
265.0 245.0
265.0 246.0
266.0 246.0
266.0 247.0
266.0 248.0
267.0 248.0
267.0 249.0
268.0 249.0
269.0 249.0
270.0 249.0
271.0 249.0
272.0 249.0
273.0 249.0
273.0 250.0
274.0 250.0
275.0 250.0
276.0 250.0
277.0 250.0
277.0 251.0
278.0 251.0
279.0 251.0
280.0 251.0
280.0 252.0
281.0 252.0
282.0 252.0
283.0 252.0
284.0 252.0
285.0 252.0
285.0 251.0
286.0 251.0
286.0 250.0
286.0 249.0
287.0 249.0
287.0 248.0
287.0 247.0
288.0 247.0
288.0 246.0
288.0 245.0
288.0 244.0
289.0 244.0
289.0 243.0
289.0 242.0
290.0 242.0
290.0 241.0
290.0 240.0
291.0 240.0
291.0 239.0
291.0 238.0
291.0 237.0
291.0 236.0
292.0 236.0
292.0 235.0
292.0 234.0
292.0 233.0
293.0 233.0
293.0 232.0
293.0 231.0
293.0 230.0
294.0 230.0
294.0 229.0
294.0 228.0
294.0 227.0
295.0 227.0
295.0 226.0
295.0 225.0
295.0 224.0
296.0 224.0
296.0 223.0
296.0 222.0
296.0 221.0
296.0 220.0
296.0 219.0
296.0 218.0
296.0 217.0
297.0 217.0
297.0 216.0
297.0 215.0
297.0 214.0
297.0 213.0
297.0 212.0
297.0 211.0
297.0 210.0
297.0 209.0
297.0 208.0
298.0 208.0
298.0 207.0
298.0 206.0
298.0 205.0
298.0 204.0
298.0 203.0
298.0 202.0
298.0 201.0
298.0 200.0
298.0 199.0
298.0 198.0
298.0 197.0
298.0 196.0
299.0 196.0
299.0 195.0
299.0 194.0
299.0 193.0
299.0 192.0
299.0 191.0
299.0 190.0
299.0 189.0
299.0 188.0
299.0 187.0
298.0 187.0
298.0 186.0
298.0 185.0
298.0 184.0
298.0 183.0
298.0 182.0
298.0 181.0
298.0 180.0
298.0 179.0
298.0 178.0
298.0 177.0
297.0 177.0
297.0 176.0
297.0 175.0
297.0 174.0
297.0 173.0
297.0 172.0
297.0 171.0
296.0 171.0
296.0 170.0
296.0 169.0
296.0 168.0
296.0 167.0
296.0 166.0
296.0 165.0
295.0 165.0
295.0 164.0
295.0 163.0
294.0 163.0
294.0 162.0
294.0 161.0
294.0 160.0
293.0 160.0
293.0 159.0
293.0 158.0
293.0 157.0
292.0 157.0
292.0 156.0
292.0 155.0
291.0 155.0
291.0 154.0
291.0 153.0
291.0 152.0
290.0 152.0
290.0 151.0
290.0 150.0
289.0 150.0
289.0 149.0
289.0 148.0
289.0 147.0
288.0 147.0
288.0 146.0
288.0 145.0
287.0 145.0
287.0 144.0
287.0 143.0
287.0 142.0
286.0 142.0
286.0 141.0
286.0 140.0
285.0 140.0
285.0 139.0
285.0 138.0
284.0 138.0
284.0 137.0
283.0 137.0
283.0 136.0
283.0 135.0
283.0 134.0
282.0 134.0
282.0 133.0
282.0 132.0
281.0 132.0
281.0 131.0
281.0 130.0
281.0 129.0
280.0 129.0
280.0 128.0
279.0 128.0
279.0 127.0
279.0 126.0
279.0 125.0
278.0 125.0
278.0 124.0
278.0 123.0
278.0 122.0
277.0 122.0
277.0 121.0
277.0 120.0
276.0 120.0
276.0 119.0
276.0 118.0
275.0 118.0
275.0 117.0
275.0 116.0
275.0 115.0
274.0 115.0
274.0 114.0
274.0 113.0
274.0 112.0
273.0 112.0
273.0 111.0
273.0 110.0
272.0 110.0
272.0 109.0
272.0 108.0
272.0 107.0
271.0 107.0
271.0 106.0
271.0 105.0
271.0 104.0
270.0 104.0
270.0 103.0
270.0 102.0
269.0 102.0
269.0 101.0
269.0 100.0
269.0 99.0
269.0 98.0
268.0 98.0
268.0 97.0
268.0 96.0
268.0 95.0
268.0 94.0
267.0 94.0
267.0 93.0
267.0 92.0
267.0 91.0
266.0 91.0
266.0 90.0
266.0 89.0
266.0 88.0
266.0 87.0
265.0 87.0
265.0 86.0
265.0 85.0
265.0 84.0
265.0 83.0
264.0 83.0
264.0 82.0
264.0 81.0
263.0 81.0
263.0 80.0
263.0 79.0
263.0 78.0
263.0 77.0
262.0 77.0
262.0 76.0
262.0 75.0
262.0 74.0
261.0 74.0
261.0 73.0
261.0 72.0
261.0 71.0
261.0 70.0
261.0 69.0
260.0 69.0
260.0 68.0
260.0 67.0
260.0 66.0
260.0 65.0
260.0 64.0
259.0 64.0
259.0 63.0
259.0 62.0
259.0 61.0
259.0 60.0
259.0 59.0
259.0 58.0
259.0 57.0
258.0 57.0
258.0 56.0
258.0 55.0
258.0 54.0
258.0 53.0
258.0 52.0
258.0 51.0
258.0 50.0
258.0 49.0
258.0 48.0
257.0 48.0
257.0 47.0
257.0 46.0
257.0 45.0
257.0 44.0
257.0 43.0
257.0 42.0
257.0 41.0
257.0 40.0
257.0 39.0
257.0 38.0
257.0 37.0
257.0 36.0
257.0 35.0
257.0 34.0
257.0 33.0
257.0 32.0
257.0 31.0
257.0 30.0
257.0 29.0
257.0 28.0
257.0 27.0
256.0 27.0
256.0 26.0
257.0 26.0
257.0 25.0
257.0 24.0
257.0 23.0
257.0 22.0
257.0 21.0
257.0 20.0
257.0 19.0
257.0 18.0
257.0 17.0
257.0 16.0
257.0 15.0
257.0 14.0
257.0 13.0
258.0 13.0
258.0 12.0
258.0 11.0
258.0 10.0
258.0 9.0
258.0 8.0
257.0 8.0
256.0 8.0
255.0 8.0
254.0 8.0
254.0 9.0
253.0 9.0
253.0 10.0
252.0 10.0
252.0 11.0
251.0 11.0
251.0 12.0
251.0 13.0
250.0 13.0
250.0 14.0
250.0 15.0
249.0 15.0
249.0 16.0
249.0 17.0
248.0 17.0
248.0 18.0
248.0 19.0
248.0 20.0
247.0 20.0
247.0 21.0
247.0 22.0
247.0 23.0
247.0 24.0
246.0 24.0
246.0 25.0
246.0 26.0
246.0 27.0
246.0 28.0
245.0 28.0
245.0 29.0
245.0 30.0
245.0 31.0
245.0 32.0
245.0 33.0
245.0 34.0
245.0 35.0
245.0 36.0
244.0 36.0
244.0 37.0
244.0 38.0
244.0 39.0
244.0 40.0
244.0 41.0
244.0 42.0
244.0 43.0
244.0 44.0
244.0 45.0
244.0 46.0
244.0 47.0
244.0 48.0
244.0 49.0
244.0 50.0
244.0 51.0
245.0 51.0
245.0 52.0
245.0 53.0
245.0 54.0
245.0 55.0
245.0 56.0
245.0 57.0
245.0 58.0
245.0 59.0
245.0 60.0
245.0 61.0
245.0 62.0
245.0 63.0
246.0 63.0
246.0 64.0
246.0 65.0
246.0 66.0
246.0 67.0
246.0 68.0
247.0 68.0
247.0 69.0
247.0 70.0
247.0 71.0
247.0 72.0
247.0 73.0
247.0 74.0
247.0 75.0
248.0 75.0
248.0 76.0
248.0 77.0
248.0 78.0
248.0 79.0
249.0 79.0
249.0 80.0
249.0 81.0
249.0 82.0
249.0 83.0
250.0 83.0
250.0 84.0
250.0 85.0
250.0 86.0
251.0 86.0
251.0 87.0
251.0 88.0
251.0 89.0
252.0 89.0
252.0 90.0
252.0 91.0
252.0 92.0
252.0 93.0
252.0 94.0
253.0 94.0
253.0 95.0
253.0 96.0
254.0 96.0
254.0 97.0
254.0 98.0
254.0 99.0
255.0 99.0
255.0 100.0
255.0 101.0
255.0 102.0
256.0 102.0
256.0 103.0
256.0 104.0
256.0 105.0
256.0 106.0
257.0 106.0
257.0 107.0
257.0 108.0
257.0 109.0
258.0 109.0
258.0 110.0
258.0 111.0
258.0 112.0
259.0 112.0
259.0 113.0
259.0 114.0
259.0 115.0
260.0 115.0
260.0 116.0
260.0 117.0
260.0 118.0
261.0 118.0
261.0 119.0
261.0 120.0
261.0 121.0
262.0 121.0
262.0 122.0
262.0 123.0
262.0 124.0
262.0 125.0
263.0 125.0
263.0 126.0
263.0 127.0
263.0 128.0
264.0 128.0
264.0 129.0
264.0 130.0
264.0 131.0
265.0 131.0
265.0 132.0
265.0 133.0
265.0 134.0
266.0 134.0
266.0 135.0
266.0 136.0
266.0 137.0
267.0 137.0
267.0 138.0
267.0 139.0
267.0 140.0
268.0 140.0
268.0 141.0
268.0 142.0
268.0 143.0
269.0 143.0
269.0 144.0
269.0 145.0
269.0 146.0
270.0 146.0
270.0 147.0
270.0 148.0
270.0 149.0
271.0 149.0
271.0 150.0
271.0 151.0
272.0 151.0
272.0 152.0
272.0 153.0
271.0 153.0
270.0 153.0
270.0 152.0
270.0 151.0
269.0 151.0
269.0 150.0
269.0 149.0
269.0 148.0
268.0 148.0
268.0 147.0
268.0 146.0
267.0 146.0
267.0 145.0
267.0 144.0
267.0 143.0
266.0 143.0
266.0 142.0
266.0 141.0
265.0 141.0
265.0 140.0
265.0 139.0
265.0 138.0
264.0 138.0
264.0 137.0
264.0 136.0
264.0 135.0
263.0 135.0
263.0 134.0
263.0 133.0
262.0 133.0
262.0 132.0
262.0 131.0
262.0 130.0
261.0 130.0
261.0 129.0
261.0 128.0
260.0 128.0
260.0 127.0
260.0 126.0
260.0 125.0
260.0 124.0
259.0 124.0
259.0 123.0
259.0 122.0
259.0 121.0
259.0 120.0
258.0 120.0
258.0 119.0
257.0 119.0
257.0 118.0
257.0 117.0
257.0 116.0
256.0 116.0
256.0 115.0
256.0 114.0
256.0 113.0
255.0 113.0
255.0 112.0
255.0 111.0
255.0 110.0
254.0 110.0
254.0 109.0
254.0 108.0
254.0 107.0
254.0 106.0
253.0 106.0
253.0 105.0
253.0 104.0
252.0 104.0
252.0 103.0
252.0 102.0
252.0 101.0
252.0 100.0
251.0 100.0
251.0 99.0
251.0 98.0
251.0 97.0
250.0 97.0
250.0 96.0
250.0 95.0
249.0 95.0
249.0 94.0
249.0 93.0
249.0 92.0
248.0 92.0
248.0 91.0
248.0 90.0
248.0 89.0
248.0 88.0
247.0 88.0
247.0 87.0
247.0 86.0
246.0 86.0
245.0 86.0
245.0 85.0
244.0 85.0
243.0 85.0
242.0 85.0
241.0 85.0
240.0 85.0
240.0 86.0
240.0 87.0
239.0 87.0
239.0 88.0
239.0 89.0
238.0 89.0
238.0 90.0
238.0 91.0
238.0 92.0
238.0 93.0
238.0 94.0
238.0 95.0
238.0 96.0
238.0 97.0
238.0 98.0
238.0 99.0
238.0 100.0
238.0 101.0
238.0 102.0
238.0 103.0
238.0 104.0
238.0 105.0
238.0 106.0
238.0 107.0
238.0 108.0
239.0 108.0
239.0 109.0
239.0 110.0
239.0 111.0
239.0 112.0
239.0 113.0
239.0 114.0
239.0 115.0
240.0 115.0
240.0 116.0
240.0 117.0
240.0 118.0
240.0 119.0
241.0 119.0
241.0 120.0
241.0 121.0
241.0 122.0
241.0 123.0
242.0 123.0
242.0 124.0
242.0 125.0
242.0 126.0
242.0 127.0
242.0 128.0
243.0 128.0
243.0 129.0
243.0 130.0
244.0 130.0
244.0 131.0
244.0 132.0
244.0 133.0
244.0 134.0
245.0 134.0
245.0 135.0
245.0 136.0
246.0 136.0
246.0 137.0
246.0 138.0
246.0 139.0
247.0 139.0
247.0 140.0
247.0 141.0
248.0 141.0
248.0 142.0
248.0 143.0
249.0 143.0
249.0 144.0
249.0 145.0
250.0 145.0
250.0 146.0
250.0 147.0
251.0 147.0
251.0 148.0
251.0 149.0
252.0 149.0
252.0 150.0
252.0 151.0
253.0 151.0
253.0 152.0
253.0 153.0
254.0 153.0
254.0 154.0
254.0 155.0
255.0 155.0
255.0 156.0
256.0 156.0
256.0 157.0
256.0 158.0
257.0 158.0
257.0 159.0
258.0 159.0
258.0 160.0
258.0 161.0
259.0 161.0
259.0 162.0
260.0 162.0
260.0 163.0
260.0 164.0
261.0 164.0
261.0 165.0
262.0 165.0
262.0 166.0
263.0 166.0
263.0 167.0
264.0 167.0
264.0 166.0
264.0 165.0
265.0 165.0
265.0 164.0
266.0 164.0
266.0 163.0
267.0 163.0
268.0 163.0
268.0 162.0
269.0 162.0
270.0 162.0
271.0 162.0
272.0 162.0
273.0 162.0
273.0 163.0
274.0 163.0
275.0 163.0
275.0 164.0
276.0 164.0
277.0 164.0
277.0 165.0
278.0 165.0
278.0 166.0
278.0 167.0
277.0 167.0
276.0 167.0
276.0 166.0
275.0 166.0
275.0 165.0
274.0 165.0
273.0 165.0
273.0 164.0
272.0 164.0
271.0 164.0
270.0 164.0
269.0 164.0
269.0 165.0
268.0 165.0
268.0 166.0
267.0 166.0
267.0 167.0
266.0 167.0
266.0 168.0
266.0 169.0
265.0 169.0
265.0 170.0
265.0 171.0
265.0 172.0
265.0 173.0
265.0 174.0
265.0 175.0
265.0 176.0
265.0 177.0
265.0 178.0
265.0 179.0
265.0 180.0
265.0 181.0
265.0 182.0
265.0 183.0
265.0 184.0
265.0 185.0
266.0 185.0
266.0 186.0
266.0 187.0
266.0 188.0
266.0 189.0
267.0 189.0
267.0 190.0
267.0 191.0
268.0 191.0
268.0 192.0
268.0 193.0
268.0 194.0
269.0 194.0
269.0 195.0
269.0 196.0
270.0 196.0
270.0 197.0
270.0 198.0
270.0 199.0
271.0 199.0
271.0 200.0
271.0 201.0
272.0 201.0
272.0 202.0
272.0 203.0
272.0 204.0
273.0 204.0
273.0 205.0
274.0 205.0
274.0 206.0
274.0 207.0
275.0 207.0
275.0 208.0
275.0 209.0
276.0 209.0
276.0 210.0
276.0 211.0
277.0 211.0
277.0 212.0
278.0 212.0
278.0 213.0
278.0 214.0
279.0 214.0
279.0 215.0
278.0 215.0
277.0 215.0
277.0 214.0
276.0 214.0
276.0 213.0
275.0 213.0
275.0 212.0
275.0 211.0
274.0 211.0
273.0 211.0
272.0 211.0
271.0 211.0
271.0 212.0
270.0 212.0
270.0 213.0
269.0 213.0
269.0 214.0
268.0 214.0
268.0 215.0
268.0 216.0
268.0 217.0
267.0 217.0
267.0 218.0
267.0 219.0
267.0 220.0
267.0 221.0
267.0 222.0
268.0 222.0
268.0 223.0
268.0 224.0
268.0 225.0
269.0 225.0
269.0 226.0
269.0 227.0
269.0 228.0
270.0 228.0
270.0 229.0
270.0 230.0
270.0 231.0
271.0 231.0
271.0 232.0
271.0 233.0
272.0 233.0
272.0 234.0
273.0 234.0
273.0 235.0
274.0 235.0
274.0 236.0
274.0 237.0
275.0 237.0
275.0 238.0
276.0 238.0
276.0 239.0
277.0 239.0
277.0 240.0
276.0 240.0
276.0 241.0
275.0 241.0
275.0 240.0
274.0 240.0
274.0 239.0
273.0 239.0
273.0 238.0
272.0 238.0
272.0 237.0
271.0 237.0
271.0 236.0
270.0 236.0
270.0 235.0
270.0 234.0
269.0 234.0
269.0 233.0
268.0 233.0
268.0 232.0
268.0 231.0
267.0 231.0
267.0 230.0
267.0 229.0
266.0 229.0
266.0 228.0
266.0 227.0
266.0 226.0
265.0 226.0
265.0 225.0
265.0 224.0
264.0 224.0
264.0 223.0
264.0 222.0
264.0 221.0
264.0 220.0
264.0 219.0
264.0 218.0
264.0 217.0
264.0 216.0
264.0 215.0
265.0 215.0
265.0 214.0
265.0 213.0
265.0 212.0
266.0 212.0
266.0 211.0
267.0 211.0
267.0 210.0
268.0 210.0
269.0 210.0
269.0 209.0
270.0 209.0
271.0 209.0
271.0 208.0
272.0 208.0
272.0 207.0
272.0 206.0
271.0 206.0
271.0 205.0
270.0 205.0
270.0 204.0
270.0 203.0
269.0 203.0
269.0 202.0
269.0 201.0
268.0 201.0
268.0 200.0
268.0 199.0
267.0 199.0
267.0 198.0
267.0 197.0
266.0 197.0
266.0 196.0
266.0 195.0
265.0 195.0
265.0 194.0
265.0 193.0
265.0 192.0
264.0 192.0
264.0 191.0
264.0 190.0
264.0 189.0
263.0 189.0
263.0 188.0
263.0 187.0
263.0 186.0
262.0 186.0
262.0 185.0
262.0 184.0
262.0 183.0
262.0 182.0
262.0 181.0
262.0 180.0
261.0 180.0
261.0 179.0
261.0 178.0
261.0 177.0
261.0 176.0
261.0 175.0
261.0 174.0
261.0 173.0
262.0 173.0
262.0 172.0
262.0 171.0
262.0 170.0
262.0 169.0
262.0 168.0
262.0 167.0
261.0 167.0
260.0 167.0
260.0 166.0
260.0 165.0
259.0 165.0
259.0 164.0
258.0 164.0
258.0 163.0
257.0 163.0
257.0 162.0
256.0 162.0
256.0 161.0
256.0 160.0
255.0 160.0
255.0 159.0
254.0 159.0
254.0 158.0
254.0 157.0
253.0 157.0
253.0 156.0
252.0 156.0
252.0 155.0
252.0 154.0
251.0 154.0
251.0 153.0
250.0 153.0
250.0 152.0
250.0 151.0
249.0 151.0
249.0 150.0
248.0 150.0
248.0 149.0
248.0 148.0
247.0 148.0
247.0 147.0
247.0 146.0
246.0 146.0
246.0 145.0
246.0 144.0
245.0 144.0
245.0 143.0
245.0 142.0
244.0 142.0
244.0 141.0
244.0 140.0
243.0 140.0
243.0 139.0
242.0 139.0
242.0 138.0
242.0 137.0
242.0 136.0
241.0 136.0
241.0 135.0
241.0 134.0
241.0 133.0
240.0 133.0
240.0 132.0
240.0 131.0
239.0 131.0
239.0 130.0
239.0 129.0
238.0 129.0
238.0 128.0
238.0 127.0
238.0 126.0
237.0 126.0
237.0 125.0
237.0 124.0
237.0 123.0
236.0 123.0
236.0 122.0
236.0 121.0
236.0 120.0
236.0 119.0
235.0 119.0
235.0 118.0
235.0 117.0
235.0 116.0
235.0 115.0
234.0 115.0
234.0 114.0
234.0 113.0
234.0 112.0
234.0 111.0
234.0 110.0
233.0 110.0
233.0 109.0
233.0 108.0
233.0 107.0
233.0 106.0
233.0 105.0
233.0 104.0
233.0 103.0
233.0 102.0
233.0 101.0
232.0 101.0
232.0 100.0
232.0 99.0
232.0 98.0
232.0 97.0
232.0 96.0
232.0 95.0
232.0 94.0
233.0 94.0
233.0 93.0
233.0 92.0
233.0 91.0
233.0 90.0
233.0 89.0
234.0 89.0
234.0 88.0
234.0 87.0
235.0 87.0
235.0 86.0
235.0 85.0
236.0 85.0
236.0 84.0
237.0 84.0
237.0 83.0
238.0 83.0
238.0 82.0
239.0 82.0
240.0 82.0
240.0 81.0
241.0 81.0
242.0 81.0
243.0 81.0
243.0 82.0
244.0 82.0
245.0 82.0
245.0 81.0
245.0 80.0
245.0 79.0
244.0 79.0
244.0 78.0
244.0 77.0
244.0 76.0
243.0 76.0
243.0 75.0
243.0 74.0
243.0 73.0
243.0 72.0
242.0 72.0
242.0 71.0
242.0 70.0
242.0 69.0
242.0 68.0
242.0 67.0
241.0 67.0
241.0 66.0
241.0 65.0
241.0 64.0
241.0 63.0
241.0 62.0
240.0 62.0
240.0 61.0
240.0 60.0
240.0 59.0
240.0 58.0
240.0 57.0
240.0 56.0
240.0 55.0
239.0 55.0
239.0 54.0
239.0 53.0
239.0 52.0
239.0 51.0
239.0 50.0
239.0 49.0
239.0 48.0
239.0 47.0
239.0 46.0
239.0 45.0
239.0 44.0
239.0 43.0
239.0 42.0
239.0 41.0
239.0 40.0
239.0 39.0
239.0 38.0
239.0 37.0
239.0 36.0
240.0 36.0
240.0 35.0
240.0 34.0
240.0 33.0
240.0 32.0
240.0 31.0
240.0 30.0
241.0 30.0
241.0 29.0
241.0 28.0
241.0 27.0
241.0 26.0
241.0 25.0
242.0 25.0
242.0 24.0
242.0 23.0
242.0 22.0
242.0 21.0
243.0 21.0
243.0 20.0
243.0 19.0
244.0 19.0
244.0 18.0
244.0 17.0
245.0 17.0
245.0 16.0
245.0 15.0
246.0 15.0
246.0 14.0
246.0 13.0
247.0 13.0
247.0 12.0
247.0 11.0
248.0 11.0
248.0 10.0
249.0 10.0
249.0 9.0
250.0 9.0
250.0 8.0
251.0 8.0
251.0 7.0
252.0 7.0
252.0 6.0
253.0 6.0
254.0 6.0
255.0 6.0
256.0 6.0
256.0 5.0
257.0 5.0
258.0 5.0
259.0 5.0
260.0 5.0
260.0 6.0
261.0 6.0
261.0 7.0
261.0 8.0
261.0 9.0
261.0 10.0
261.0 11.0
261.0 12.0
261.0 13.0
261.0 14.0
261.0 15.0
261.0 16.0
261.0 17.0
261.0 18.0
261.0 19.0
261.0 20.0
261.0 21.0
261.0 22.0
261.0 23.0
261.0 24.0
261.0 25.0
261.0 26.0
261.0 27.0
261.0 28.0
261.0 29.0
261.0 30.0
261.0 31.0
262.0 31.0
262.0 32.0
262.0 33.0
262.0 34.0
262.0 35.0
262.0 36.0
262.0 37.0
262.0 38.0
262.0 39.0
262.0 40.0
262.0 41.0
262.0 42.0
262.0 43.0
262.0 44.0
262.0 45.0
262.0 46.0
262.0 47.0
262.0 48.0
262.0 49.0
262.0 50.0
263.0 50.0
263.0 51.0
263.0 52.0
263.0 53.0
263.0 54.0
263.0 55.0
263.0 56.0
263.0 57.0
264.0 57.0
264.0 58.0
264.0 59.0
264.0 60.0
264.0 61.0
264.0 62.0
264.0 63.0
264.0 64.0
265.0 64.0
265.0 65.0
265.0 66.0
265.0 67.0
265.0 68.0
265.0 69.0
266.0 69.0
266.0 70.0
266.0 71.0
266.0 72.0
266.0 73.0
267.0 73.0
267.0 74.0
267.0 75.0
267.0 76.0
267.0 77.0
267.0 78.0
268.0 78.0
268.0 79.0
268.0 80.0
268.0 81.0
269.0 81.0
269.0 82.0
269.0 83.0
269.0 84.0
269.0 85.0
270.0 85.0
270.0 86.0
270.0 87.0
270.0 88.0
270.0 89.0
271.0 89.0
271.0 90.0
271.0 91.0
271.0 92.0
271.0 93.0
272.0 93.0
272.0 94.0
272.0 95.0
272.0 96.0
273.0 96.0
273.0 97.0
273.0 98.0
273.0 99.0
273.0 100.0
274.0 100.0
274.0 101.0
274.0 102.0
274.0 103.0
275.0 103.0
275.0 104.0
275.0 105.0
275.0 106.0
276.0 106.0
276.0 107.0
276.0 108.0
276.0 109.0
277.0 109.0
277.0 110.0
277.0 111.0
278.0 111.0
278.0 112.0
278.0 113.0
278.0 114.0
278.0 115.0
279.0 115.0
279.0 116.0
279.0 117.0
280.0 117.0
280.0 118.0
280.0 119.0
281.0 119.0
281.0 120.0
281.0 121.0
282.0 121.0
282.0 122.0
282.0 123.0
282.0 124.0
283.0 124.0
283.0 125.0
283.0 126.0
283.0 127.0
284.0 127.0
284.0 128.0
284.0 129.0
285.0 129.0
285.0 130.0
285.0 131.0
285.0 132.0
286.0 132.0
286.0 133.0
286.0 134.0
287.0 134.0
287.0 135.0
287.0 136.0
287.0 137.0
288.0 137.0
288.0 138.0
288.0 139.0
289.0 139.0
289.0 140.0
289.0 141.0
289.0 142.0
290.0 142.0
290.0 143.0
290.0 144.0
291.0 144.0
291.0 145.0
291.0 146.0
292.0 146.0
292.0 147.0
292.0 148.0
292.0 149.0
292.0 150.0
293.0 150.0
293.0 151.0
293.0 152.0
293.0 153.0
294.0 153.0
294.0 154.0
294.0 155.0
295.0 155.0
295.0 156.0
295.0 157.0
295.0 158.0
296.0 158.0
296.0 159.0
296.0 160.0
296.0 161.0
297.0 161.0
297.0 162.0
297.0 163.0
297.0 164.0
298.0 164.0
298.0 165.0
298.0 166.0
299.0 166.0
299.0 167.0
299.0 168.0
299.0 169.0
299.0 170.0
300.0 170.0
300.0 171.0
300.0 172.0
300.0 173.0
300.0 174.0
300.0 175.0
301.0 175.0
301.0 176.0
301.0 177.0
301.0 178.0
301.0 179.0
301.0 180.0
302.0 180.0
302.0 181.0
302.0 182.0
302.0 183.0
302.0 184.0
302.0 185.0
302.0 186.0
303.0 186.0
303.0 187.0
303.0 188.0
303.0 189.0
303.0 190.0
303.0 191.0
303.0 192.0
303.0 193.0
303.0 194.0
303.0 195.0
304.0 195.0
304.0 196.0
304.0 197.0
303.0 197.0
303.0 198.0
303.0 199.0
303.0 200.0
303.0 201.0
303.0 202.0
303.0 203.0
303.0 204.0
303.0 205.0
303.0 206.0
303.0 207.0
303.0 208.0
303.0 209.0
303.0 210.0
303.0 211.0
303.0 212.0
303.0 213.0
302.0 213.0
302.0 214.0
302.0 215.0
302.0 216.0
302.0 217.0
302.0 218.0
302.0 219.0
302.0 220.0
301.0 220.0
301.0 221.0
301.0 222.0
301.0 223.0
301.0 224.0
300.0 224.0
300.0 225.0
300.0 226.0
300.0 227.0
299.0 227.0
299.0 228.0
299.0 229.0
299.0 230.0
298.0 230.0
298.0 231.0
298.0 232.0
298.0 233.0
297.0 233.0
297.0 234.0
297.0 235.0
296.0 235.0
296.0 236.0
296.0 237.0
296.0 238.0
295.0 238.0
295.0 239.0
295.0 240.0
294.0 240.0
294.0 241.0
294.0 242.0
293.0 242.0
293.0 243.0
293.0 244.0
292.0 244.0
292.0 245.0
292.0 246.0
291.0 246.0
291.0 247.0
291.0 248.0
290.0 248.0
290.0 249.0
289.0 249.0
289.0 250.0
289.0 251.0
288.0 251.0
288.0 252.0
288.0 253.0
289.0 253.0
289.0 254.0
290.0 254.0
291.0 254.0
291.0 255.0
292.0 255.0
293.0 255.0
293.0 256.0
294.0 256.0
295.0 256.0
295.0 257.0
296.0 257.0
296.0 258.0
297.0 258.0
298.0 258.0
298.0 259.0
299.0 259.0
300.0 259.0
300.0 258.0
300.0 257.0
300.0 256.0
300.0 255.0
300.0 254.0
300.0 253.0
301.0 253.0
301.0 252.0
301.0 251.0
301.0 250.0
301.0 249.0
301.0 248.0
302.0 248.0
302.0 247.0
302.0 246.0
303.0 246.0
303.0 245.0
303.0 244.0
304.0 244.0
304.0 243.0
304.0 242.0
304.0 241.0
305.0 241.0
305.0 240.0
305.0 239.0
306.0 239.0
306.0 238.0
306.0 237.0
307.0 237.0
307.0 236.0
307.0 235.0
308.0 235.0
308.0 234.0
308.0 233.0
309.0 233.0
309.0 232.0
310.0 232.0
310.0 231.0
310.0 230.0
311.0 230.0
311.0 229.0
312.0 229.0
312.0 228.0
313.0 228.0
313.0 227.0
314.0 227.0
314.0 226.0
315.0 226.0
315.0 225.0
316.0 225.0
316.0 224.0
317.0 224.0
317.0 223.0
318.0 223.0
318.0 222.0
319.0 222.0
320.0 222.0
320.0 221.0
321.0 221.0
322.0 221.0
323.0 221.0
324.0 221.0
325.0 221.0
326.0 221.0
326.0 222.0
326.0 223.0
326.0 224.0
326.0 225.0
325.0 225.0
324.0 225.0
323.0 225.0
323.0 226.0
322.0 226.0
321.0 226.0
321.0 227.0
320.0 227.0
319.0 227.0
319.0 228.0
318.0 228.0
317.0 228.0
317.0 229.0
316.0 229.0
316.0 230.0
315.0 230.0
315.0 231.0
314.0 231.0
314.0 232.0
313.0 232.0
313.0 233.0
312.0 233.0
312.0 234.0
311.0 234.0
311.0 235.0
310.0 235.0
310.0 236.0
310.0 237.0
309.0 237.0
309.0 238.0
308.0 238.0
308.0 239.0
308.0 240.0
307.0 240.0
307.0 241.0
307.0 242.0
307.0 243.0
306.0 243.0
306.0 244.0
306.0 245.0
305.0 245.0
305.0 246.0
305.0 247.0
304.0 247.0
304.0 248.0
304.0 249.0
303.0 249.0
303.0 250.0
303.0 251.0
303.0 252.0
302.0 252.0
302.0 253.0
302.0 254.0
302.0 255.0
302.0 256.0
301.0 256.0
301.0 257.0
301.0 258.0
301.0 259.0
301.0 260.0
301.0 261.0
301.0 262.0
301.0 263.0
302.0 263.0
302.0 262.0
303.0 262.0
303.0 261.0
304.0 261.0
304.0 260.0
305.0 260.0
305.0 259.0
306.0 259.0
306.0 258.0
307.0 258.0
307.0 257.0
308.0 257.0
308.0 256.0
309.0 256.0
309.0 255.0
310.0 255.0
310.0 254.0
311.0 254.0
311.0 253.0
312.0 253.0
313.0 253.0
313.0 252.0
314.0 252.0
314.0 251.0
315.0 251.0
315.0 250.0
316.0 250.0
317.0 250.0
317.0 249.0
318.0 249.0
318.0 248.0
319.0 248.0
319.0 247.0
320.0 247.0
321.0 247.0
321.0 246.0
322.0 246.0
323.0 246.0
323.0 245.0
324.0 245.0
325.0 245.0
325.0 244.0
326.0 244.0
327.0 244.0
327.0 243.0
328.0 243.0
329.0 243.0
330.0 243.0
330.0 242.0
331.0 242.0
332.0 242.0
333.0 242.0
333.0 241.0
334.0 241.0
335.0 241.0
336.0 241.0
337.0 241.0
338.0 241.0
339.0 241.0
340.0 241.0
341.0 241.0
342.0 241.0
343.0 241.0
343.0 242.0
344.0 242.0
344.0 243.0
344.0 244.0
344.0 245.0
344.0 246.0
343.0 246.0
342.0 246.0
341.0 246.0
340.0 246.0
340.0 245.0
339.0 245.0
338.0 245.0
337.0 245.0
336.0 245.0
335.0 245.0
334.0 245.0
333.0 245.0
332.0 245.0
331.0 245.0
331.0 246.0
330.0 246.0
329.0 246.0
328.0 246.0
327.0 246.0
327.0 247.0
326.0 247.0
325.0 247.0
325.0 248.0
324.0 248.0
323.0 248.0
323.0 249.0
322.0 249.0
321.0 249.0
321.0 250.0
320.0 250.0
319.0 250.0
319.0 251.0
318.0 251.0
318.0 252.0
317.0 252.0
316.0 252.0
316.0 253.0
315.0 253.0
315.0 254.0
314.0 254.0
313.0 254.0
313.0 255.0
312.0 255.0
312.0 256.0
311.0 256.0
311.0 257.0
310.0 257.0
310.0 258.0
309.0 258.0
309.0 259.0
308.0 259.0
308.0 260.0
307.0 260.0
307.0 261.0
306.0 261.0
306.0 262.0
305.0 262.0
305.0 263.0
304.0 263.0
304.0 264.0
304.0 265.0
305.0 265.0
306.0 265.0
306.0 266.0
307.0 266.0
307.0 267.0
307.0 268.0
306.0 268.0
305.0 268.0
304.0 268.0
304.0 267.0
303.0 267.0
303.0 266.0
302.0 266.0
301.0 266.0
301.0 267.0
302.0 267.0
302.0 268.0
303.0 268.0
303.0 269.0
302.0 269.0
302.0 270.0
301.0 270.0
300.0 270.0
299.0 270.0
298.0 270.0
297.0 270.0
296.0 270.0
296.0 269.0
295.0 269.0
294.0 269.0
294.0 268.0
293.0 268.0
293.0 267.0
293.0 266.0
294.0 266.0
294.0 267.0
295.0 267.0
296.0 267.0
297.0 267.0
297.0 268.0
298.0 268.0
298.0 267.0
299.0 267.0
299.0 266.0
299.0 265.0
299.0 264.0
298.0 264.0
298.0 263.0
297.0 263.0
296.0 263.0
296.0 262.0
295.0 262.0
294.0 262.0
294.0 261.0
293.0 261.0
292.0 261.0
292.0 260.0
291.0 260.0
290.0 260.0
290.0 259.0
289.0 259.0
288.0 259.0
287.0 259.0
286.0 259.0
286.0 258.0
285.0 258.0
284.0 258.0
284.0 257.0
283.0 257.0
282.0 257.0
281.0 257.0
281.0 256.0
280.0 256.0
279.0 256.0
278.0 256.0
277.0 256.0
277.0 255.0
276.0 255.0
275.0 255.0
274.0 255.0
273.0 255.0
272.0 255.0
272.0 254.0
271.0 254.0
270.0 254.0
269.0 254.0
268.0 254.0
267.0 254.0
266.0 254.0
265.0 254.0
264.0 254.0
263.0 254.0
262.0 254.0
261.0 254.0
260.0 254.0
259.0 254.0
258.0 254.0
257.0 254.0
256.0 254.0
255.0 254.0
254.0 254.0
253.0 254.0
252.0 254.0
251.0 254.0
250.0 254.0
250.0 255.0
249.0 255.0
248.0 255.0
247.0 255.0
246.0 255.0
245.0 255.0
245.0 256.0
244.0 256.0
243.0 256.0
242.0 256.0
242.0 257.0
241.0 257.0
240.0 257.0
239.0 257.0
238.0 257.0
238.0 258.0
237.0 258.0
236.0 258.0
236.0 259.0
235.0 259.0
234.0 259.0
233.0 259.0
233.0 260.0
232.0 260.0
231.0 260.0
231.0 261.0
230.0 261.0
230.0 262.0
229.0 262.0
228.0 262.0
228.0 263.0
227.0 263.0
227.0 264.0
226.0 264.0
225.0 264.0
225.0 265.0
224.0 265.0
224.0 266.0
223.0 266.0
223.0 267.0
222.0 267.0
222.0 268.0
221.0 268.0
220.0 268.0
220.0 269.0
219.0 269.0
219.0 270.0
219.0 271.0
218.0 271.0
218.0 272.0
218.0 273.0
218.0 274.0
217.0 274.0
217.0 275.0
217.0 276.0
216.0 276.0
216.0 277.0
216.0 278.0
215.0 278.0
215.0 279.0
215.0 280.0
215.0 281.0
214.0 281.0
214.0 282.0
214.0 283.0
213.0 283.0
213.0 284.0
214.0 284.0
214.0 285.0
215.0 285.0
215.0 286.0
216.0 286.0
217.0 286.0
217.0 287.0
218.0 287.0
218.0 288.0
218.0 289.0
219.0 289.0
219.0 290.0
220.0 290.0
220.0 291.0
220.0 292.0
221.0 292.0
221.0 293.0
221.0 294.0
221.0 295.0
221.0 296.0
222.0 296.0
222.0 297.0
222.0 298.0
222.0 299.0
222.0 300.0
222.0 301.0
222.0 302.0
222.0 303.0
222.0 304.0
222.0 305.0
222.0 306.0
222.0 307.0
222.0 308.0
222.0 309.0
222.0 310.0
222.0 311.0
221.0 311.0
221.0 312.0
221.0 313.0
221.0 314.0
221.0 315.0
220.0 315.0
220.0 316.0
220.0 317.0
220.0 318.0
219.0 318.0
219.0 319.0
219.0 320.0
218.0 320.0
218.0 321.0
217.0 321.0
217.0 322.0
216.0 322.0
215.0 322.0
215.0 323.0
214.0 323.0
213.0 323.0
212.0 323.0
211.0 323.0
210.0 323.0
210.0 322.0
209.0 322.0
209.0 321.0
208.0 321.0
208.0 320.0
207.0 320.0
207.0 319.0
206.0 319.0
206.0 318.0
206.0 317.0
206.0 316.0
205.0 316.0
205.0 315.0
205.0 314.0
204.0 314.0
204.0 313.0
204.0 312.0
204.0 311.0
204.0 310.0
204.0 309.0
203.0 309.0
203.0 308.0
203.0 307.0
203.0 306.0
203.0 305.0
203.0 304.0
203.0 303.0
203.0 302.0
203.0 301.0
203.0 300.0
203.0 299.0
203.0 298.0
203.0 297.0
202.0 297.0
202.0 298.0
202.0 299.0
202.0 300.0
202.0 301.0
202.0 302.0
202.0 303.0
202.0 304.0
202.0 305.0
202.0 306.0
202.0 307.0
202.0 308.0
202.0 309.0
202.0 310.0
202.0 311.0
202.0 312.0
202.0 313.0
202.0 314.0
202.0 315.0
202.0 316.0
202.0 317.0
203.0 317.0
203.0 318.0
203.0 319.0
203.0 320.0
203.0 321.0
204.0 321.0
204.0 322.0
204.0 323.0
204.0 324.0
204.0 325.0
205.0 325.0
205.0 326.0
205.0 327.0
205.0 328.0
206.0 328.0
206.0 329.0
206.0 330.0
206.0 331.0
207.0 331.0
207.0 332.0
208.0 332.0
208.0 333.0
208.0 334.0
208.0 335.0
208.0 336.0
208.0 337.0
209.0 337.0
209.0 338.0
210.0 338.0
211.0 338.0
212.0 338.0
212.0 339.0
212.0 340.0
212.0 341.0
213.0 341.0
213.0 342.0
213.0 343.0
213.0 344.0
213.0 345.0
214.0 345.0
214.0 346.0
215.0 346.0
216.0 346.0
216.0 347.0
216.0 348.0
216.0 349.0
217.0 349.0
217.0 350.0
217.0 351.0
218.0 351.0
218.0 352.0
219.0 352.0
219.0 353.0
220.0 353.0
220.0 354.0
220.0 355.0
221.0 355.0
222.0 355.0
222.0 354.0
222.0 353.0
221.0 353.0
221.0 352.0
221.0 351.0
221.0 350.0
220.0 350.0
220.0 349.0
220.0 348.0
220.0 347.0
220.0 346.0
220.0 345.0
220.0 344.0
221.0 344.0
221.0 343.0
221.0 342.0
221.0 341.0
221.0 340.0
221.0 339.0
221.0 338.0
222.0 338.0
222.0 337.0
222.0 336.0
222.0 335.0
222.0 334.0
222.0 333.0
223.0 333.0
223.0 332.0
223.0 331.0
223.0 330.0
224.0 330.0
224.0 329.0
224.0 328.0
224.0 327.0
224.0 326.0
225.0 326.0
225.0 325.0
225.0 324.0
226.0 324.0
226.0 323.0
226.0 322.0
226.0 321.0
227.0 321.0
227.0 320.0
227.0 319.0
228.0 319.0
228.0 318.0
228.0 317.0
229.0 317.0
229.0 316.0
229.0 315.0
229.0 314.0
230.0 314.0
230.0 313.0
230.0 312.0
231.0 312.0
231.0 311.0
232.0 311.0
232.0 310.0
232.0 309.0
233.0 309.0
233.0 308.0
233.0 307.0
234.0 307.0
234.0 306.0
234.0 305.0
235.0 305.0
235.0 304.0
236.0 304.0
236.0 303.0
236.0 302.0
237.0 302.0
237.0 301.0
237.0 300.0
238.0 300.0
238.0 299.0
239.0 299.0
239.0 298.0
240.0 298.0
240.0 297.0
240.0 296.0
241.0 296.0
241.0 295.0
242.0 295.0
242.0 294.0
243.0 294.0
243.0 293.0
244.0 293.0
244.0 292.0
245.0 292.0
245.0 291.0
245.0 290.0
244.0 290.0
244.0 289.0
244.0 288.0
244.0 287.0
244.0 286.0
245.0 286.0
245.0 285.0
246.0 285.0
246.0 286.0
247.0 286.0
247.0 287.0
247.0 288.0
247.0 289.0
247.0 290.0
247.0 291.0
248.0 291.0
248.0 292.0
248.0 293.0
248.0 294.0
249.0 294.0
249.0 295.0
249.0 296.0
250.0 296.0
250.0 297.0
250.0 298.0
251.0 298.0
251.0 299.0
251.0 300.0
252.0 300.0
252.0 301.0
253.0 301.0
253.0 302.0
254.0 302.0
254.0 303.0
254.0 304.0
254.0 305.0
253.0 305.0
253.0 304.0
252.0 304.0
252.0 303.0
251.0 303.0
251.0 302.0
250.0 302.0
250.0 301.0
249.0 301.0
249.0 300.0
248.0 300.0
248.0 299.0
248.0 298.0
247.0 298.0
247.0 297.0
247.0 296.0
246.0 296.0
246.0 295.0
246.0 294.0
245.0 294.0
244.0 294.0
244.0 295.0
243.0 295.0
243.0 296.0
243.0 297.0
242.0 297.0
242.0 298.0
241.0 298.0
241.0 299.0
241.0 300.0
240.0 300.0
240.0 301.0
240.0 302.0
239.0 302.0
239.0 303.0
238.0 303.0
238.0 304.0
238.0 305.0
237.0 305.0
237.0 306.0
237.0 307.0
236.0 307.0
236.0 308.0
236.0 309.0
235.0 309.0
235.0 310.0
234.0 310.0
234.0 311.0
234.0 312.0
234.0 313.0
233.0 313.0
233.0 314.0
233.0 315.0
234.0 315.0
235.0 315.0
236.0 315.0
237.0 315.0
238.0 315.0
238.0 316.0
239.0 316.0
240.0 316.0
241.0 316.0
241.0 317.0
242.0 317.0
243.0 317.0
244.0 317.0
244.0 318.0
245.0 318.0
245.0 319.0
246.0 319.0
247.0 319.0
247.0 320.0
248.0 320.0
249.0 320.0
249.0 321.0
250.0 321.0
250.0 322.0
251.0 322.0
252.0 322.0
252.0 323.0
253.0 323.0
253.0 324.0
254.0 324.0
255.0 324.0
255.0 325.0
256.0 325.0
256.0 326.0
257.0 326.0
257.0 327.0
258.0 327.0
258.0 328.0
259.0 328.0
259.0 329.0
260.0 329.0
260.0 330.0
261.0 330.0
262.0 330.0
262.0 331.0
263.0 331.0
263.0 332.0
264.0 332.0
264.0 333.0
265.0 333.0
265.0 334.0
266.0 334.0
266.0 335.0
267.0 335.0
267.0 336.0
267.0 337.0
268.0 337.0
268.0 338.0
269.0 338.0
270.0 338.0
270.0 339.0
271.0 339.0
271.0 340.0
272.0 340.0
273.0 340.0
273.0 341.0
274.0 341.0
274.0 342.0
275.0 342.0
275.0 343.0
275.0 344.0
274.0 344.0
273.0 344.0
272.0 344.0
272.0 343.0
271.0 343.0
270.0 343.0
270.0 342.0
269.0 342.0
268.0 342.0
268.0 341.0
267.0 341.0
267.0 340.0
266.0 340.0
265.0 340.0
265.0 339.0
264.0 339.0
263.0 339.0
262.0 339.0
262.0 338.0
261.0 338.0
260.0 338.0
260.0 337.0
259.0 337.0
258.0 337.0
257.0 337.0
256.0 337.0
255.0 337.0
255.0 338.0
256.0 338.0
257.0 338.0
257.0 339.0
258.0 339.0
258.0 340.0
259.0 340.0
260.0 340.0
260.0 341.0
261.0 341.0
261.0 342.0
262.0 342.0
262.0 343.0
263.0 343.0
263.0 344.0
264.0 344.0
264.0 345.0
265.0 345.0
265.0 346.0
266.0 346.0
266.0 347.0
267.0 347.0
267.0 348.0
268.0 348.0
268.0 349.0
269.0 349.0
269.0 350.0
270.0 350.0
270.0 351.0
270.0 352.0
271.0 352.0
271.0 353.0
272.0 353.0
272.0 354.0
272.0 355.0
273.0 355.0
273.0 356.0
273.0 357.0
274.0 357.0
274.0 358.0
274.0 359.0
274.0 360.0
275.0 360.0
275.0 361.0
275.0 362.0
275.0 363.0
276.0 363.0
276.0 364.0
276.0 365.0
276.0 366.0
276.0 367.0
277.0 367.0
277.0 368.0
277.0 369.0
277.0 370.0
277.0 371.0
278.0 371.0
278.0 372.0
277.0 372.0
277.0 373.0
277.0 374.0
277.0 375.0
278.0 375.0
278.0 376.0
278.0 377.0
278.0 378.0
278.0 379.0
277.0 379.0
277.0 378.0
276.0 378.0
276.0 377.0
276.0 376.0
275.0 376.0
275.0 375.0
275.0 374.0
274.0 374.0
274.0 373.0
274.0 372.0
274.0 371.0
273.0 371.0
273.0 370.0
272.0 370.0
272.0 369.0
271.0 369.0
271.0 368.0
271.0 367.0
270.0 367.0
270.0 366.0
269.0 366.0
269.0 365.0
268.0 365.0
268.0 364.0
267.0 364.0
267.0 365.0
267.0 366.0
268.0 366.0
268.0 367.0
268.0 368.0
268.0 369.0
269.0 369.0
269.0 370.0
269.0 371.0
269.0 372.0
269.0 373.0
270.0 373.0
270.0 374.0
270.0 375.0
270.0 376.0
270.0 377.0
270.0 378.0
270.0 379.0
270.0 380.0
270.0 381.0
269.0 381.0
269.0 382.0
269.0 383.0
269.0 384.0
268.0 384.0
268.0 385.0
268.0 386.0
268.0 387.0
267.0 387.0
267.0 388.0
267.0 389.0
267.0 390.0
267.0 391.0
267.0 392.0
266.0 392.0
265.0 392.0
265.0 391.0
265.0 390.0
265.0 389.0
265.0 388.0
265.0 387.0
265.0 386.0
265.0 385.0
264.0 385.0
264.0 384.0
264.0 383.0
264.0 382.0
263.0 382.0
263.0 381.0
263.0 380.0
262.0 380.0
262.0 379.0
262.0 378.0
262.0 377.0
261.0 377.0
261.0 376.0
261.0 375.0
260.0 375.0
260.0 374.0
260.0 373.0
259.0 373.0
259.0 372.0
259.0 371.0
258.0 371.0
258.0 370.0
258.0 369.0
258.0 368.0
259.0 368.0
259.0 369.0
260.0 369.0
260.0 370.0
261.0 370.0
261.0 371.0
261.0 372.0
262.0 372.0
262.0 373.0
262.0 374.0
263.0 374.0
263.0 375.0
263.0 376.0
264.0 376.0
264.0 377.0
264.0 378.0
265.0 378.0
265.0 379.0
265.0 380.0
265.0 381.0
265.0 382.0
266.0 382.0
266.0 383.0
267.0 383.0
267.0 382.0
267.0 381.0
267.0 380.0
267.0 379.0
267.0 378.0
267.0 377.0
267.0 376.0
267.0 375.0
266.0 375.0
266.0 374.0
266.0 373.0
266.0 372.0
266.0 371.0
265.0 371.0
265.0 370.0
265.0 369.0
265.0 368.0
265.0 367.0
264.0 367.0
264.0 366.0
264.0 365.0
264.0 364.0
264.0 363.0
263.0 363.0
263.0 362.0
262.0 362.0
262.0 361.0
262.0 360.0
261.0 360.0
261.0 359.0
261.0 358.0
262.0 358.0
262.0 357.0
263.0 357.0
263.0 358.0
264.0 358.0
265.0 358.0
265.0 359.0
266.0 359.0
266.0 360.0
267.0 360.0
267.0 361.0
268.0 361.0
268.0 362.0
269.0 362.0
269.0 363.0
270.0 363.0
270.0 364.0
271.0 364.0
271.0 365.0
272.0 365.0
272.0 366.0
273.0 366.0
273.0 367.0
273.0 368.0
274.0 368.0
274.0 367.0
274.0 366.0
274.0 365.0
273.0 365.0
273.0 364.0
273.0 363.0
273.0 362.0
272.0 362.0
272.0 361.0
272.0 360.0
271.0 360.0
271.0 359.0
270.0 359.0
270.0 358.0
270.0 357.0
269.0 357.0
269.0 356.0
269.0 355.0
268.0 355.0
268.0 354.0
267.0 354.0
267.0 353.0
267.0 352.0
266.0 352.0
266.0 351.0
265.0 351.0
265.0 350.0
264.0 350.0
264.0 349.0
264.0 348.0
263.0 348.0
263.0 347.0
262.0 347.0
262.0 346.0
261.0 346.0
261.0 345.0
260.0 345.0
260.0 344.0
259.0 344.0
259.0 343.0
258.0 343.0
257.0 343.0
257.0 342.0
256.0 342.0
256.0 341.0
255.0 341.0
255.0 340.0
254.0 340.0
254.0 339.0
253.0 339.0
252.0 339.0
252.0 338.0
251.0 338.0
251.0 337.0
251.0 336.0
250.0 336.0
250.0 335.0
250.0 334.0
251.0 334.0
252.0 334.0
253.0 334.0
254.0 334.0
255.0 334.0
256.0 334.0
257.0 334.0
257.0 335.0
258.0 335.0
259.0 335.0
260.0 335.0
261.0 335.0
261.0 336.0
262.0 336.0
263.0 336.0
263.0 335.0
262.0 335.0
262.0 334.0
261.0 334.0
261.0 333.0
260.0 333.0
260.0 332.0
259.0 332.0
258.0 332.0
258.0 331.0
257.0 331.0
257.0 330.0
256.0 330.0
255.0 330.0
255.0 329.0
254.0 329.0
254.0 328.0
253.0 328.0
253.0 327.0
252.0 327.0
251.0 327.0
251.0 326.0
250.0 326.0
250.0 325.0
249.0 325.0
249.0 324.0
248.0 324.0
247.0 324.0
247.0 323.0
246.0 323.0
246.0 322.0
245.0 322.0
244.0 322.0
244.0 321.0
243.0 321.0
242.0 321.0
242.0 320.0
241.0 320.0
240.0 320.0
240.0 319.0
239.0 319.0
238.0 319.0
237.0 319.0
237.0 318.0
236.0 318.0
235.0 318.0
234.0 318.0
234.0 317.0
233.0 317.0
233.0 316.0
232.0 316.0
232.0 317.0
231.0 317.0
231.0 318.0
231.0 319.0
231.0 320.0
230.0 320.0
230.0 321.0
230.0 322.0
229.0 322.0
229.0 323.0
229.0 324.0
229.0 325.0
228.0 325.0
228.0 326.0
228.0 327.0
228.0 328.0
227.0 328.0
227.0 329.0
227.0 330.0
226.0 330.0
226.0 331.0
226.0 332.0
226.0 333.0
225.0 333.0
225.0 334.0
225.0 335.0
225.0 336.0
225.0 337.0
224.0 337.0
224.0 338.0
224.0 339.0
224.0 340.0
224.0 341.0
224.0 342.0
224.0 343.0
223.0 343.0
223.0 344.0
223.0 345.0
223.0 346.0
223.0 347.0
223.0 348.0
223.0 349.0
223.0 350.0
223.0 351.0
223.0 352.0
223.0 353.0
224.0 353.0
224.0 354.0
224.0 355.0
223.0 355.0
223.0 356.0
224.0 356.0
224.0 357.0
225.0 357.0
226.0 357.0
227.0 357.0
228.0 357.0
229.0 357.0
230.0 357.0
231.0 357.0
232.0 357.0
232.0 358.0
233.0 358.0
234.0 358.0
235.0 358.0
236.0 358.0
236.0 359.0
237.0 359.0
238.0 359.0
239.0 359.0
239.0 360.0
240.0 360.0
241.0 360.0
242.0 360.0
242.0 361.0
243.0 361.0
244.0 361.0
245.0 361.0
245.0 362.0
246.0 362.0
247.0 362.0
247.0 363.0
248.0 363.0
249.0 363.0
249.0 364.0
250.0 364.0
251.0 364.0
251.0 365.0
252.0 365.0
252.0 366.0
253.0 366.0
253.0 367.0
254.0 367.0
254.0 368.0
255.0 368.0
255.0 369.0
256.0 369.0
256.0 370.0
256.0 371.0
257.0 371.0
257.0 372.0
257.0 373.0
258.0 373.0
258.0 374.0
258.0 375.0
259.0 375.0
259.0 376.0
259.0 377.0
259.0 378.0
259.0 379.0
259.0 380.0
259.0 381.0
259.0 382.0
259.0 383.0
258.0 383.0
258.0 382.0
257.0 382.0
257.0 381.0
256.0 381.0
256.0 380.0
255.0 380.0
255.0 379.0
254.0 379.0
254.0 378.0
253.0 378.0
253.0 377.0
252.0 377.0
252.0 376.0
251.0 376.0
251.0 375.0
250.0 375.0
249.0 375.0
249.0 374.0
249.0 373.0
249.0 372.0
250.0 372.0
250.0 373.0
251.0 373.0
251.0 374.0
252.0 374.0
252.0 375.0
253.0 375.0
254.0 375.0
254.0 376.0
254.0 377.0
255.0 377.0
255.0 378.0
256.0 378.0
257.0 378.0
257.0 377.0
256.0 377.0
256.0 376.0
256.0 375.0
255.0 375.0
255.0 374.0
254.0 374.0
254.0 373.0
253.0 373.0
253.0 372.0
252.0 372.0
252.0 371.0
251.0 371.0
251.0 370.0
250.0 370.0
250.0 369.0
249.0 369.0
248.0 369.0
248.0 368.0
247.0 368.0
247.0 367.0
246.0 367.0
245.0 367.0
245.0 366.0
244.0 366.0
243.0 366.0
243.0 365.0
242.0 365.0
241.0 365.0
241.0 364.0
240.0 364.0
239.0 364.0
238.0 364.0
238.0 363.0
237.0 363.0
236.0 363.0
235.0 363.0
235.0 362.0
234.0 362.0
233.0 362.0
232.0 362.0
231.0 362.0
230.0 362.0
229.0 362.0
229.0 361.0
228.0 361.0
227.0 361.0
226.0 361.0
225.0 361.0
224.0 361.0
223.0 361.0
222.0 361.0
221.0 361.0
220.0 361.0
219.0 361.0
218.0 361.0
217.0 361.0
216.0 361.0
215.0 361.0
215.0 362.0
214.0 362.0
213.0 362.0
212.0 362.0
211.0 362.0
210.0 362.0
210.0 363.0
209.0 363.0
208.0 363.0
207.0 363.0
207.0 364.0
206.0 364.0
205.0 364.0
205.0 365.0
204.0 365.0
204.0 366.0
203.0 366.0
202.0 366.0
202.0 367.0
201.0 367.0
201.0 368.0
200.0 368.0
200.0 369.0
199.0 369.0
199.0 370.0
198.0 370.0
198.0 371.0
198.0 372.0
197.0 372.0
197.0 373.0
196.0 373.0
196.0 374.0
196.0 375.0
195.0 375.0
195.0 376.0
194.0 376.0
194.0 377.0
194.0 378.0
193.0 378.0
193.0 379.0
193.0 380.0
193.0 381.0
192.0 381.0
192.0 382.0
192.0 383.0
192.0 384.0
192.0 385.0
192.0 386.0
191.0 386.0
191.0 387.0
191.0 388.0
191.0 389.0
191.0 390.0
191.0 391.0
191.0 392.0
191.0 393.0
191.0 394.0
192.0 394.0
192.0 395.0
192.0 396.0
192.0 397.0
192.0 398.0
193.0 398.0
193.0 399.0
193.0 400.0
193.0 401.0
194.0 401.0
194.0 402.0
195.0 402.0
195.0 403.0
196.0 403.0
196.0 404.0
196.0 405.0
197.0 405.0
197.0 406.0
198.0 406.0
198.0 407.0
199.0 407.0
199.0 408.0
200.0 408.0
200.0 409.0
201.0 409.0
201.0 410.0
202.0 410.0
202.0 411.0
203.0 411.0
204.0 411.0
204.0 412.0
205.0 412.0
205.0 413.0
206.0 413.0
206.0 414.0
207.0 414.0
208.0 414.0
208.0 415.0
209.0 415.0
210.0 415.0
210.0 416.0
211.0 416.0
212.0 416.0
212.0 417.0
213.0 417.0
214.0 417.0
214.0 418.0
215.0 418.0
216.0 418.0
216.0 419.0
217.0 419.0
218.0 419.0
219.0 419.0
220.0 419.0
220.0 420.0
221.0 420.0
222.0 420.0
223.0 420.0
224.0 420.0
225.0 420.0
226.0 420.0
227.0 420.0
228.0 420.0
229.0 420.0
230.0 420.0
231.0 420.0
232.0 420.0
233.0 420.0
234.0 420.0
235.0 420.0
236.0 420.0
236.0 419.0
237.0 419.0
238.0 419.0
239.0 419.0
240.0 419.0
241.0 419.0
241.0 418.0
242.0 418.0
243.0 418.0
243.0 417.0
244.0 417.0
245.0 417.0
245.0 416.0
246.0 416.0
247.0 416.0
247.0 415.0
248.0 415.0
249.0 415.0
249.0 414.0
250.0 414.0
250.0 413.0
251.0 413.0
251.0 412.0
252.0 412.0
252.0 411.0
253.0 411.0
253.0 410.0
254.0 410.0
254.0 409.0
254.0 408.0
254.0 407.0
255.0 407.0
255.0 406.0
255.0 405.0
255.0 404.0
256.0 404.0
257.0 404.0
257.0 405.0
257.0 406.0
257.0 407.0
258.0 407.0
258.0 408.0
257.0 408.0
257.0 409.0
257.0 410.0
258.0 410.0
258.0 411.0
258.0 412.0
259.0 412.0
259.0 413.0
259.0 414.0
259.0 415.0
259.0 416.0
260.0 416.0
260.0 417.0
260.0 418.0
260.0 419.0
260.0 420.0
260.0 421.0
261.0 421.0
261.0 422.0
261.0 423.0
261.0 424.0
262.0 424.0
262.0 425.0
263.0 425.0
263.0 426.0
263.0 427.0
264.0 427.0
264.0 428.0
265.0 428.0
265.0 429.0
266.0 429.0
266.0 430.0
267.0 430.0
267.0 431.0
268.0 431.0
269.0 431.0
269.0 432.0
270.0 432.0
271.0 432.0
271.0 433.0
272.0 433.0
272.0 434.0
273.0 434.0
274.0 434.0
275.0 434.0
276.0 434.0
276.0 433.0
276.0 432.0
276.0 431.0
277.0 431.0
277.0 430.0
277.0 429.0
277.0 428.0
277.0 427.0
278.0 427.0
278.0 426.0
278.0 425.0
278.0 424.0
278.0 423.0
279.0 423.0
279.0 422.0
279.0 421.0
279.0 420.0
280.0 420.0
280.0 419.0
280.0 418.0
281.0 418.0
281.0 417.0
281.0 416.0
282.0 416.0
282.0 415.0
282.0 414.0
283.0 414.0
283.0 413.0
283.0 412.0
284.0 412.0
284.0 411.0
284.0 410.0
285.0 410.0
285.0 409.0
286.0 409.0
286.0 408.0
286.0 407.0
287.0 407.0
287.0 406.0
288.0 406.0
288.0 405.0
289.0 405.0
289.0 404.0
289.0 403.0
290.0 403.0
290.0 402.0
291.0 402.0
291.0 401.0
292.0 401.0
292.0 400.0
292.0 399.0
291.0 399.0
291.0 398.0
290.0 398.0
290.0 397.0
289.0 397.0
289.0 396.0
288.0 396.0
288.0 395.0
288.0 394.0
287.0 394.0
287.0 393.0
286.0 393.0
285.0 393.0
285.0 394.0
284.0 394.0
284.0 395.0
283.0 395.0
283.0 396.0
282.0 396.0
282.0 397.0
282.0 398.0
281.0 398.0
281.0 399.0
280.0 399.0
280.0 400.0
279.0 400.0
279.0 401.0
279.0 402.0
279.0 403.0
278.0 403.0
278.0 404.0
277.0 404.0
277.0 405.0
276.0 405.0
276.0 404.0
276.0 403.0
276.0 402.0
277.0 402.0
277.0 401.0
277.0 400.0
277.0 399.0
277.0 398.0
277.0 397.0
278.0 397.0
278.0 396.0
278.0 395.0
279.0 395.0
279.0 394.0
279.0 393.0
280.0 393.0
280.0 392.0
281.0 392.0
281.0 391.0
281.0 390.0
282.0 390.0
282.0 389.0
283.0 389.0
283.0 388.0
284.0 388.0
284.0 387.0
285.0 387.0
285.0 386.0
286.0 386.0
286.0 385.0
287.0 385.0
288.0 385.0
288.0 384.0
289.0 384.0
289.0 383.0
290.0 383.0
291.0 383.0
292.0 383.0
293.0 383.0
294.0 383.0
295.0 383.0
296.0 383.0
296.0 384.0
297.0 384.0
297.0 385.0
298.0 385.0
298.0 386.0
297.0 386.0
297.0 387.0
296.0 387.0
296.0 388.0
295.0 388.0
294.0 388.0
294.0 389.0
293.0 389.0
292.0 389.0
291.0 389.0
291.0 390.0
290.0 390.0
289.0 390.0
289.0 391.0
289.0 392.0
290.0 392.0
290.0 393.0
291.0 393.0
291.0 394.0
292.0 394.0
292.0 395.0
293.0 395.0
293.0 396.0
294.0 396.0
294.0 397.0
295.0 397.0
295.0 398.0
296.0 398.0
297.0 398.0
298.0 398.0
298.0 397.0
299.0 397.0
299.0 398.0
300.0 398.0
300.0 399.0
301.0 399.0
301.0 400.0
302.0 400.0
303.0 400.0
303.0 399.0
303.0 398.0
304.0 398.0
305.0 398.0
305.0 399.0
306.0 399.0
306.0 400.0
307.0 400.0
308.0 400.0
309.0 400.0
310.0 400.0
310.0 399.0
311.0 399.0
312.0 399.0
312.0 400.0
313.0 400.0
314.0 400.0
315.0 400.0
316.0 400.0
317.0 400.0
317.0 399.0
318.0 399.0
319.0 399.0
319.0 398.0
320.0 398.0
321.0 398.0
322.0 398.0
322.0 397.0
323.0 397.0
324.0 397.0
324.0 396.0
325.0 396.0
325.0 395.0
326.0 395.0
326.0 394.0
327.0 394.0
327.0 393.0
328.0 393.0
328.0 392.0
328.0 391.0
329.0 391.0
329.0 390.0
330.0 390.0
330.0 389.0
330.0 388.0
330.0 387.0
331.0 387.0
331.0 386.0
331.0 385.0
331.0 384.0
331.0 383.0
331.0 382.0
331.0 381.0
331.0 380.0
331.0 379.0
330.0 379.0
330.0 378.0
330.0 377.0
330.0 376.0
329.0 376.0
329.0 375.0
329.0 374.0
328.0 374.0
328.0 373.0
328.0 372.0
327.0 372.0
327.0 371.0
327.0 370.0
326.0 370.0
326.0 369.0
326.0 368.0
325.0 368.0
325.0 367.0
324.0 367.0
324.0 366.0
323.0 366.0
323.0 365.0
322.0 365.0
322.0 364.0
321.0 364.0
321.0 363.0
320.0 363.0
319.0 363.0
319.0 362.0
318.0 362.0
318.0 361.0
317.0 361.0
316.0 361.0
316.0 360.0
315.0 360.0
314.0 360.0
314.0 359.0
313.0 359.0
312.0 359.0
312.0 358.0
311.0 358.0
310.0 358.0
309.0 358.0
308.0 358.0
307.0 358.0
307.0 357.0
306.0 357.0
305.0 357.0
304.0 357.0
303.0 357.0
302.0 357.0
301.0 357.0
300.0 357.0
299.0 357.0
298.0 357.0
297.0 357.0
296.0 357.0
295.0 357.0
295.0 358.0
294.0 358.0
293.0 358.0
292.0 358.0
291.0 358.0
291.0 357.0
291.0 356.0
292.0 356.0
293.0 356.0
294.0 356.0
294.0 355.0
295.0 355.0
296.0 355.0
297.0 355.0
298.0 355.0
299.0 355.0
299.0 354.0
299.0 353.0
298.0 353.0
297.0 353.0
297.0 352.0
297.0 351.0
296.0 351.0
295.0 351.0
295.0 350.0
294.0 350.0
294.0 349.0
294.0 348.0
293.0 348.0
293.0 347.0
292.0 347.0
292.0 346.0
291.0 346.0
291.0 345.0
291.0 344.0
290.0 344.0
290.0 343.0
289.0 343.0
289.0 342.0
289.0 341.0
288.0 341.0
288.0 340.0
288.0 339.0
287.0 339.0
287.0 338.0
286.0 338.0
286.0 337.0
286.0 336.0
285.0 336.0
285.0 335.0
284.0 335.0
284.0 334.0
283.0 334.0
283.0 333.0
283.0 332.0
282.0 332.0
282.0 331.0
282.0 330.0
281.0 330.0
281.0 329.0
281.0 328.0
280.0 328.0
280.0 327.0
280.0 326.0
279.0 326.0
279.0 325.0
279.0 324.0
278.0 324.0
278.0 323.0
278.0 322.0
278.0 321.0
277.0 321.0
277.0 320.0
277.0 319.0
277.0 318.0
276.0 318.0
276.0 317.0
276.0 316.0
275.0 316.0
275.0 315.0
275.0 314.0
275.0 313.0
275.0 312.0
274.0 312.0
274.0 311.0
274.0 310.0
274.0 309.0
274.0 308.0
273.0 308.0
273.0 307.0
273.0 306.0
273.0 305.0
273.0 304.0
273.0 303.0
273.0 302.0
273.0 301.0
273.0 300.0
273.0 299.0
273.0 298.0
273.0 297.0
274.0 297.0
274.0 296.0
274.0 295.0
274.0 294.0
275.0 294.0
275.0 293.0
276.0 293.0
277.0 293.0
277.0 292.0
278.0 292.0
279.0 292.0
280.0 292.0
280.0 293.0
281.0 293.0
282.0 293.0
283.0 293.0
283.0 294.0
284.0 294.0
285.0 294.0
286.0 294.0
286.0 295.0
287.0 295.0
288.0 295.0
288.0 296.0
289.0 296.0
289.0 297.0
290.0 297.0
290.0 298.0
291.0 298.0
292.0 298.0
292.0 299.0
293.0 299.0
293.0 300.0
294.0 300.0
294.0 301.0
295.0 301.0
296.0 301.0
296.0 302.0
297.0 302.0
297.0 303.0
297.0 304.0
298.0 304.0
298.0 305.0
299.0 305.0
299.0 306.0
300.0 306.0
300.0 307.0
301.0 307.0
301.0 308.0
302.0 308.0
302.0 309.0
302.0 310.0
303.0 310.0
303.0 311.0
304.0 311.0
304.0 312.0
304.0 313.0
305.0 313.0
305.0 314.0
306.0 314.0
306.0 315.0
306.0 316.0
307.0 316.0
307.0 317.0
308.0 317.0
308.0 318.0
308.0 319.0
308.0 320.0
309.0 320.0
309.0 321.0
310.0 321.0
310.0 322.0
310.0 323.0
311.0 323.0
311.0 324.0
311.0 325.0
312.0 325.0
312.0 326.0
312.0 327.0
312.0 328.0
313.0 328.0
313.0 329.0
313.0 330.0
314.0 330.0
314.0 331.0
314.0 332.0
315.0 332.0
315.0 333.0
315.0 334.0
315.0 335.0
316.0 335.0
316.0 336.0
316.0 337.0
316.0 338.0
317.0 338.0
317.0 339.0
317.0 340.0
317.0 341.0
318.0 341.0
318.0 342.0
318.0 343.0
318.0 344.0
318.0 345.0
319.0 345.0
319.0 346.0
319.0 347.0
319.0 348.0
319.0 349.0
320.0 349.0
320.0 350.0
320.0 351.0
320.0 352.0
320.0 353.0
320.0 354.0
321.0 354.0
321.0 355.0
321.0 356.0
321.0 357.0
321.0 358.0
321.0 359.0
321.0 360.0
321.0 361.0
322.0 361.0
323.0 361.0
323.0 362.0
324.0 362.0
324.0 363.0
325.0 363.0
325.0 364.0
326.0 364.0
326.0 365.0
327.0 365.0
327.0 366.0
328.0 366.0
328.0 367.0
328.0 368.0
329.0 368.0
329.0 369.0
330.0 369.0
330.0 370.0
330.0 371.0
331.0 371.0
331.0 372.0
331.0 373.0
332.0 373.0
332.0 374.0
332.0 375.0
333.0 375.0
333.0 376.0
333.0 377.0
333.0 378.0
333.0 379.0
334.0 379.0
334.0 380.0
334.0 381.0
334.0 382.0
334.0 383.0
334.0 384.0
334.0 385.0
334.0 386.0
334.0 387.0
334.0 388.0
333.0 388.0
333.0 389.0
333.0 390.0
334.0 390.0
335.0 390.0
335.0 391.0
336.0 391.0
336.0 392.0
337.0 392.0
337.0 393.0
338.0 393.0
338.0 394.0
339.0 394.0
340.0 394.0
340.0 395.0
341.0 395.0
342.0 395.0
342.0 396.0
343.0 396.0
343.0 397.0
344.0 397.0
345.0 397.0
346.0 397.0
346.0 398.0
347.0 398.0
348.0 398.0
349.0 398.0
349.0 399.0
350.0 399.0
351.0 399.0
351.0 400.0
352.0 400.0
353.0 400.0
353.0 401.0
354.0 401.0
355.0 401.0
356.0 401.0
356.0 402.0
357.0 402.0
357.0 401.0
357.0 400.0
357.0 399.0
358.0 399.0
358.0 400.0
359.0 400.0
359.0 401.0
360.0 401.0
360.0 402.0
361.0 402.0
362.0 402.0
362.0 403.0
363.0 403.0
364.0 403.0
365.0 403.0
365.0 404.0
366.0 404.0
366.0 403.0
367.0 403.0
367.0 402.0
367.0 401.0
368.0 401.0
368.0 402.0
369.0 402.0
370.0 402.0
370.0 403.0
371.0 403.0
372.0 403.0
372.0 404.0
373.0 404.0
374.0 404.0
374.0 403.0
375.0 403.0
375.0 402.0
376.0 402.0
377.0 402.0
377.0 403.0
378.0 403.0
379.0 403.0
380.0 403.0
381.0 403.0
381.0 402.0
382.0 402.0
382.0 401.0
383.0 401.0
384.0 401.0
385.0 401.0
385.0 402.0
386.0 402.0
387.0 402.0
388.0 402.0
389.0 402.0
390.0 402.0
391.0 402.0
391.0 401.0
391.0 400.0
390.0 400.0
390.0 399.0
390.0 398.0
391.0 398.0
392.0 398.0
393.0 398.0
394.0 398.0
395.0 398.0
396.0 398.0
397.0 398.0
398.0 398.0
398.0 397.0
399.0 397.0
400.0 397.0
400.0 396.0
401.0 396.0
401.0 395.0
402.0 395.0
403.0 395.0
403.0 394.0
404.0 394.0
404.0 393.0
405.0 393.0
406.0 393.0
406.0 392.0
407.0 392.0
408.0 392.0
408.0 391.0
409.0 391.0
409.0 390.0
410.0 390.0
410.0 389.0
411.0 389.0
411.0 388.0
412.0 388.0
413.0 388.0
413.0 387.0
414.0 387.0
414.0 386.0
415.0 386.0
415.0 385.0
416.0 385.0
416.0 384.0
417.0 384.0
417.0 383.0
418.0 383.0
418.0 382.0
419.0 382.0
419.0 381.0
420.0 381.0
420.0 380.0
421.0 380.0
421.0 379.0
422.0 379.0
422.0 378.0
423.0 378.0
423.0 377.0
423.0 376.0
424.0 376.0
424.0 375.0
425.0 375.0
425.0 374.0
425.0 373.0
426.0 373.0
426.0 372.0
426.0 371.0
427.0 371.0
427.0 370.0
427.0 369.0
428.0 369.0
428.0 368.0
428.0 367.0
429.0 367.0
429.0 366.0
429.0 365.0
430.0 365.0
430.0 364.0
430.0 363.0
431.0 363.0
431.0 362.0
431.0 361.0
431.0 360.0
432.0 360.0
432.0 359.0
432.0 358.0
433.0 358.0
433.0 357.0
433.0 356.0
433.0 355.0
434.0 355.0
434.0 354.0
434.0 353.0
434.0 352.0
434.0 351.0
435.0 351.0
435.0 350.0
435.0 349.0
435.0 348.0
435.0 347.0
436.0 347.0
436.0 346.0
436.0 345.0
436.0 344.0
436.0 343.0
436.0 342.0
436.0 341.0
437.0 341.0
437.0 340.0
437.0 339.0
437.0 338.0
437.0 337.0
437.0 336.0
437.0 335.0
437.0 334.0
437.0 333.0
437.0 332.0
437.0 331.0
437.0 330.0
437.0 329.0
437.0 328.0
437.0 327.0
436.0 327.0
436.0 326.0
436.0 325.0
436.0 324.0
436.0 323.0
436.0 322.0
436.0 321.0
436.0 320.0
436.0 319.0
435.0 319.0
435.0 318.0
435.0 317.0
435.0 316.0
435.0 315.0
435.0 314.0
435.0 313.0
434.0 313.0
434.0 312.0
434.0 311.0
434.0 310.0
433.0 310.0
433.0 309.0
433.0 308.0
433.0 307.0
433.0 306.0
432.0 306.0
432.0 305.0
432.0 304.0
432.0 303.0
431.0 303.0
431.0 302.0
431.0 301.0
431.0 300.0
430.0 300.0
430.0 299.0
429.0 299.0
429.0 298.0
429.0 297.0
429.0 296.0
428.0 296.0
428.0 295.0
427.0 295.0
427.0 294.0
427.0 293.0
426.0 293.0
426.0 292.0
426.0 291.0
425.0 291.0
425.0 290.0
424.0 290.0
424.0 289.0
424.0 288.0
423.0 288.0
423.0 287.0
422.0 287.0
422.0 286.0
421.0 286.0
421.0 285.0
421.0 284.0
420.0 284.0
419.0 284.0
419.0 283.0
418.0 283.0
418.0 282.0
418.0 281.0
417.0 281.0
416.0 281.0
416.0 280.0
415.0 280.0
415.0 279.0
415.0 278.0
414.0 278.0
413.0 278.0
413.0 277.0
412.0 277.0
412.0 276.0
411.0 276.0
410.0 276.0
410.0 275.0
409.0 275.0
409.0 274.0
408.0 274.0
408.0 273.0
407.0 273.0
406.0 273.0
406.0 272.0
405.0 272.0
404.0 272.0
404.0 271.0
403.0 271.0
402.0 271.0
402.0 270.0
401.0 270.0
400.0 270.0
400.0 269.0
399.0 269.0
399.0 268.0
398.0 268.0
397.0 268.0
396.0 268.0
396.0 267.0
395.0 267.0
394.0 267.0
394.0 266.0
393.0 266.0
392.0 266.0
391.0 266.0
390.0 266.0
390.0 265.0
389.0 265.0
388.0 265.0
387.0 265.0
386.0 265.0
385.0 265.0
385.0 264.0
384.0 264.0
383.0 264.0
382.0 264.0
381.0 264.0
380.0 264.0
379.0 264.0
378.0 264.0
377.0 264.0
376.0 264.0
376.0 265.0
375.0 265.0
374.0 265.0
373.0 265.0
372.0 265.0
372.0 266.0
371.0 266.0
370.0 266.0
369.0 266.0
369.0 267.0
368.0 267.0
367.0 267.0
367.0 268.0
366.0 268.0
365.0 268.0
365.0 269.0
364.0 269.0
363.0 269.0
363.0 270.0
362.0 270.0
362.0 271.0
361.0 271.0
361.0 272.0
360.0 272.0
360.0 273.0
359.0 273.0
359.0 274.0
358.0 274.0
358.0 275.0
357.0 275.0
357.0 276.0
356.0 276.0
356.0 277.0
355.0 277.0
355.0 278.0
355.0 279.0
354.0 279.0
354.0 280.0
353.0 280.0
353.0 281.0
353.0 282.0
352.0 282.0
352.0 283.0
351.0 283.0
351.0 284.0
351.0 285.0
350.0 285.0
350.0 286.0
350.0 287.0
349.0 287.0
349.0 288.0
349.0 289.0
348.0 289.0
348.0 290.0
348.0 291.0
347.0 291.0
347.0 292.0
347.0 293.0
347.0 294.0
346.0 294.0
346.0 295.0
346.0 296.0
346.0 297.0
345.0 297.0
345.0 298.0
345.0 299.0
344.0 299.0
344.0 300.0
344.0 301.0
343.0 301.0
343.0 302.0
343.0 303.0
343.0 304.0
342.0 304.0
342.0 305.0
342.0 306.0
342.0 307.0
342.0 308.0
342.0 309.0
341.0 309.0
341.0 310.0
341.0 311.0
341.0 312.0
340.0 312.0
340.0 313.0
340.0 314.0
340.0 315.0
340.0 316.0
339.0 316.0
339.0 317.0
339.0 318.0
339.0 319.0
338.0 319.0
338.0 320.0
338.0 321.0
338.0 322.0
337.0 322.0
337.0 323.0
337.0 324.0
337.0 325.0
337.0 326.0
336.0 326.0
336.0 327.0
336.0 328.0
336.0 329.0
335.0 329.0
335.0 330.0
335.0 331.0
334.0 331.0
334.0 332.0
334.0 333.0
333.0 333.0
333.0 334.0
333.0 335.0
333.0 336.0
332.0 336.0
332.0 337.0
331.0 337.0
331.0 338.0
330.0 338.0
330.0 339.0
329.0 339.0
328.0 339.0
328.0 338.0
328.0 337.0
327.0 337.0
327.0 336.0
326.0 336.0
326.0 335.0
326.0 334.0
325.0 334.0
325.0 333.0
324.0 333.0
324.0 332.0
323.0 332.0
323.0 331.0
323.0 330.0
322.0 330.0
322.0 329.0
322.0 328.0
321.0 328.0
321.0 327.0
321.0 326.0
320.0 326.0
320.0 325.0
319.0 325.0
319.0 324.0
319.0 323.0
318.0 323.0
318.0 322.0
318.0 321.0
317.0 321.0
317.0 320.0
317.0 319.0
317.0 318.0
316.0 318.0
316.0 317.0
316.0 316.0
315.0 316.0
315.0 315.0
315.0 314.0
315.0 313.0
314.0 313.0
314.0 312.0
314.0 311.0
314.0 310.0
313.0 310.0
313.0 309.0
313.0 308.0
313.0 307.0
312.0 307.0
312.0 306.0
312.0 305.0
312.0 304.0
311.0 304.0
311.0 303.0
311.0 302.0
311.0 301.0
311.0 300.0
310.0 300.0
310.0 299.0
310.0 298.0
310.0 297.0
310.0 296.0
310.0 295.0
309.0 295.0
309.0 294.0
309.0 293.0
309.0 292.0
309.0 291.0
309.0 290.0
309.0 289.0
309.0 288.0
309.0 287.0
310.0 287.0
311.0 287.0
311.0 288.0
311.0 289.0
311.0 290.0
311.0 291.0
311.0 292.0
311.0 293.0
311.0 294.0
312.0 294.0
313.0 294.0
314.0 294.0
315.0 294.0
315.0 295.0
316.0 295.0
317.0 295.0
317.0 296.0
318.0 296.0
318.0 297.0
319.0 297.0
319.0 298.0
320.0 298.0
320.0 299.0
321.0 299.0
321.0 300.0
322.0 300.0
322.0 301.0
323.0 301.0
323.0 302.0
324.0 302.0
324.0 303.0
324.0 304.0
325.0 304.0
325.0 305.0
326.0 305.0
326.0 306.0
326.0 307.0
327.0 307.0
327.0 308.0
327.0 309.0
328.0 309.0
328.0 310.0
328.0 311.0
329.0 311.0
329.0 312.0
329.0 313.0
330.0 313.0
330.0 314.0
330.0 315.0
331.0 315.0
331.0 316.0
331.0 317.0
332.0 317.0
332.0 318.0
332.0 319.0
332.0 320.0
333.0 320.0
333.0 321.0
333.0 322.0
333.0 323.0
334.0 323.0
335.0 323.0
335.0 322.0
335.0 321.0
335.0 320.0
335.0 319.0
336.0 319.0
336.0 318.0
336.0 317.0
336.0 316.0
336.0 315.0
336.0 314.0
336.0 313.0
335.0 313.0
335.0 312.0
334.0 312.0
333.0 312.0
333.0 311.0
332.0 311.0
332.0 310.0
332.0 309.0
331.0 309.0
331.0 308.0
330.0 308.0
330.0 307.0
329.0 307.0
329.0 306.0
328.0 306.0
328.0 305.0
328.0 304.0
327.0 304.0
327.0 303.0
327.0 302.0
326.0 302.0
326.0 301.0
325.0 301.0
325.0 300.0
325.0 299.0
325.0 298.0
325.0 297.0
325.0 296.0
324.0 296.0
324.0 295.0
324.0 294.0
324.0 293.0
324.0 292.0
324.0 291.0
324.0 290.0
323.0 290.0
323.0 289.0
323.0 288.0
323.0 287.0
323.0 286.0
323.0 285.0
322.0 285.0
322.0 284.0
322.0 283.0
321.0 283.0
321.0 282.0
321.0 281.0
320.0 281.0
320.0 280.0
319.0 280.0
319.0 279.0
318.0 279.0
318.0 278.0
317.0 278.0
316.0 278.0
315.0 278.0
315.0 279.0
314.0 279.0
313.0 279.0
313.0 280.0
312.0 280.0
312.0 281.0
311.0 281.0
310.0 281.0
309.0 281.0
309.0 280.0
308.0 280.0
308.0 279.0
308.0 278.0
308.0 277.0
308.0 276.0
308.0 275.0
309.0 275.0
309.0 274.0
309.0 273.0
309.0 272.0
309.0 271.0
309.0 270.0
309.0 269.0
309.0 268.0
309.0 267.0
309.0 266.0
309.0 265.0
309.0 264.0
309.0 263.0
309.0 262.0
310.0 262.0
310.0 263.0
311.0 263.0
311.0 264.0
311.0 265.0
312.0 265.0
313.0 265.0
313.0 264.0
314.0 264.0
315.0 264.0
315.0 263.0
316.0 263.0
317.0 263.0
317.0 262.0
318.0 262.0
319.0 262.0
320.0 262.0
321.0 262.0
322.0 262.0
322.0 263.0
323.0 263.0
323.0 264.0
324.0 264.0
324.0 265.0
325.0 265.0
325.0 266.0
326.0 266.0
326.0 267.0
326.0 268.0
326.0 269.0
326.0 270.0
327.0 270.0
327.0 271.0
327.0 272.0
327.0 273.0
327.0 274.0
328.0 274.0
328.0 275.0
328.0 276.0
328.0 277.0
328.0 278.0
328.0 279.0
328.0 280.0
328.0 281.0
328.0 282.0
328.0 283.0
328.0 284.0
328.0 285.0
327.0 285.0
327.0 286.0
327.0 287.0
327.0 288.0
327.0 289.0
327.0 290.0
327.0 291.0
327.0 292.0
327.0 293.0
327.0 294.0
327.0 295.0
327.0 296.0
328.0 296.0
329.0 296.0
329.0 297.0
330.0 297.0
331.0 297.0
332.0 297.0
332.0 298.0
333.0 298.0
334.0 298.0
335.0 298.0
335.0 299.0
336.0 299.0
337.0 299.0
338.0 299.0
338.0 300.0
339.0 300.0
340.0 300.0
340.0 299.0
341.0 299.0
341.0 298.0
341.0 297.0
341.0 296.0
342.0 296.0
342.0 295.0
342.0 294.0
343.0 294.0
343.0 293.0
343.0 292.0
343.0 291.0
344.0 291.0
344.0 290.0
344.0 289.0
345.0 289.0
345.0 288.0
345.0 287.0
345.0 286.0
346.0 286.0
346.0 285.0
346.0 284.0
347.0 284.0
347.0 283.0
347.0 282.0
348.0 282.0
348.0 281.0
349.0 281.0
349.0 280.0
349.0 279.0
350.0 279.0
350.0 278.0
351.0 278.0
351.0 277.0
351.0 276.0
352.0 276.0
352.0 275.0
353.0 275.0
353.0 274.0
354.0 274.0
354.0 273.0
355.0 273.0
355.0 272.0
356.0 272.0
356.0 271.0
357.0 271.0
357.0 270.0
358.0 270.0
358.0 269.0
359.0 269.0
359.0 268.0
360.0 268.0
360.0 267.0
361.0 267.0
361.0 266.0
362.0 266.0
363.0 266.0
363.0 265.0
364.0 265.0
364.0 264.0
365.0 264.0
366.0 264.0
367.0 264.0
367.0 263.0
368.0 263.0
369.0 263.0
369.0 262.0
370.0 262.0
371.0 262.0
372.0 262.0
372.0 261.0
373.0 261.0
374.0 261.0
375.0 261.0
376.0 261.0
376.0 260.0
377.0 260.0
378.0 260.0
379.0 260.0
380.0 260.0
381.0 260.0
382.0 260.0
383.0 260.0
384.0 260.0
385.0 260.0
386.0 260.0
387.0 260.0
387.0 261.0
388.0 261.0
389.0 261.0
390.0 261.0
391.0 261.0
391.0 262.0
392.0 262.0
393.0 262.0
394.0 262.0
394.0 263.0
395.0 263.0
396.0 263.0
397.0 263.0
397.0 264.0
398.0 264.0
399.0 264.0
400.0 264.0
400.0 265.0
401.0 265.0
402.0 265.0
402.0 266.0
403.0 266.0
404.0 266.0
404.0 267.0
405.0 267.0
406.0 267.0
406.0 268.0
407.0 268.0
408.0 268.0
408.0 269.0
409.0 269.0
409.0 270.0
410.0 270.0
410.0 271.0
411.0 271.0
412.0 271.0
412.0 272.0
413.0 272.0
413.0 273.0
414.0 273.0
414.0 274.0
415.0 274.0
415.0 275.0
416.0 275.0
417.0 275.0
417.0 276.0
418.0 276.0
418.0 277.0
419.0 277.0
419.0 278.0
420.0 278.0
420.0 279.0
421.0 279.0
421.0 280.0
422.0 280.0
422.0 281.0
423.0 281.0
423.0 282.0
424.0 282.0
424.0 283.0
425.0 283.0
425.0 284.0
426.0 284.0
426.0 285.0
426.0 286.0
427.0 286.0
427.0 287.0
428.0 287.0
428.0 288.0
429.0 288.0
429.0 289.0
429.0 290.0
430.0 290.0
430.0 291.0
431.0 291.0
431.0 292.0
431.0 293.0
432.0 293.0
432.0 294.0
432.0 295.0
433.0 295.0
433.0 296.0
434.0 296.0
434.0 297.0
434.0 298.0
435.0 298.0
435.0 299.0
435.0 300.0
436.0 300.0
436.0 301.0
436.0 302.0
437.0 302.0
437.0 303.0
437.0 304.0
437.0 305.0
438.0 305.0
438.0 306.0
438.0 307.0
439.0 307.0
439.0 308.0
439.0 309.0
440.0 309.0
440.0 310.0
440.0 311.0
440.0 312.0
440.0 313.0
441.0 313.0
441.0 314.0
441.0 315.0
441.0 316.0
441.0 317.0
442.0 317.0
442.0 318.0
442.0 319.0
442.0 320.0
442.0 321.0
442.0 322.0
442.0 323.0
443.0 323.0
443.0 324.0
443.0 325.0
443.0 326.0
443.0 327.0
443.0 328.0
443.0 329.0
443.0 330.0
443.0 331.0
443.0 332.0
443.0 333.0
443.0 334.0
443.0 335.0
443.0 336.0
443.0 337.0
443.0 338.0
443.0 339.0
443.0 340.0
443.0 341.0
443.0 342.0
443.0 343.0
443.0 344.0
442.0 344.0
442.0 345.0
442.0 346.0
442.0 347.0
442.0 348.0
442.0 349.0
442.0 350.0
441.0 350.0
441.0 351.0
441.0 352.0
441.0 353.0
441.0 354.0
441.0 355.0
441.0 356.0
440.0 356.0
440.0 357.0
440.0 358.0
440.0 359.0
440.0 360.0
439.0 360.0
439.0 361.0
439.0 362.0
439.0 363.0
438.0 363.0
438.0 364.0
438.0 365.0
438.0 366.0
437.0 366.0
437.0 367.0
437.0 368.0
436.0 368.0
436.0 369.0
436.0 370.0
436.0 371.0
435.0 371.0
435.0 372.0
435.0 373.0
434.0 373.0
434.0 374.0
434.0 375.0
433.0 375.0
433.0 376.0
433.0 377.0
432.0 377.0
432.0 378.0
432.0 379.0
431.0 379.0
431.0 380.0
431.0 381.0
430.0 381.0
430.0 382.0
429.0 382.0
429.0 383.0
429.0 384.0
428.0 384.0
428.0 385.0
428.0 386.0
428.0 387.0
429.0 387.0
429.0 388.0
429.0 389.0
430.0 389.0
430.0 390.0
430.0 391.0
431.0 391.0
431.0 392.0
431.0 393.0
431.0 394.0
431.0 395.0
432.0 395.0
432.0 396.0
432.0 397.0
432.0 398.0
432.0 399.0
432.0 400.0
432.0 401.0
432.0 402.0
432.0 403.0
432.0 404.0
432.0 405.0
432.0 406.0
432.0 407.0
432.0 408.0
432.0 409.0
431.0 409.0
431.0 410.0
431.0 411.0
431.0 412.0
431.0 413.0
431.0 414.0
430.0 414.0
430.0 415.0
430.0 416.0
429.0 416.0
429.0 417.0
429.0 418.0
429.0 419.0
428.0 419.0
428.0 420.0
428.0 421.0
427.0 421.0
427.0 422.0
427.0 423.0
426.0 423.0
426.0 424.0
426.0 425.0
425.0 425.0
425.0 426.0
424.0 426.0
424.0 427.0
424.0 428.0
423.0 428.0
423.0 429.0
422.0 429.0
422.0 430.0
421.0 430.0
421.0 431.0
420.0 431.0
420.0 432.0
419.0 432.0
419.0 433.0
418.0 433.0
418.0 434.0
417.0 434.0
417.0 435.0
416.0 435.0
416.0 436.0
415.0 436.0
415.0 437.0
414.0 437.0
414.0 438.0
413.0 438.0
412.0 438.0
412.0 439.0
411.0 439.0
410.0 439.0
410.0 440.0
409.0 440.0
409.0 441.0
408.0 441.0
407.0 441.0
407.0 442.0
406.0 442.0
406.0 443.0
405.0 443.0
404.0 443.0
404.0 444.0
403.0 444.0
402.0 444.0
402.0 445.0
401.0 445.0
401.0 446.0
400.0 446.0
400.0 447.0
399.0 447.0
399.0 448.0
398.0 448.0
398.0 449.0
397.0 449.0
397.0 450.0
396.0 450.0
396.0 451.0
395.0 451.0
395.0 452.0
394.0 452.0
393.0 452.0
393.0 453.0
392.0 453.0
391.0 453.0
391.0 454.0
390.0 454.0
390.0 455.0
389.0 455.0
388.0 455.0
388.0 454.0
388.0 453.0
389.0 453.0
389.0 452.0
390.0 452.0
390.0 451.0
390.0 450.0
391.0 450.0
391.0 449.0
391.0 448.0
391.0 447.0
392.0 447.0
392.0 446.0
392.0 445.0
392.0 444.0
393.0 444.0
393.0 443.0
392.0 443.0
391.0 443.0
391.0 444.0
391.0 445.0
390.0 445.0
390.0 446.0
389.0 446.0
389.0 447.0
388.0 447.0
388.0 448.0
387.0 448.0
387.0 449.0
386.0 449.0
386.0 450.0
386.0 451.0
385.0 451.0
385.0 452.0
384.0 452.0
384.0 453.0
383.0 453.0
382.0 453.0
382.0 454.0
382.0 455.0
381.0 455.0
380.0 455.0
380.0 456.0
379.0 456.0
379.0 457.0
378.0 457.0
378.0 458.0
377.0 458.0
376.0 458.0
376.0 459.0
375.0 459.0
375.0 460.0
374.0 460.0
374.0 461.0
373.0 461.0
372.0 461.0
372.0 462.0
371.0 462.0
371.0 463.0
371.0 464.0
370.0 464.0
370.0 465.0
369.0 465.0
369.0 466.0
368.0 466.0
368.0 467.0
368.0 468.0
367.0 468.0
367.0 469.0
367.0 470.0
366.0 470.0
366.0 471.0
366.0 472.0
365.0 472.0
365.0 473.0
364.0 473.0
364.0 474.0
364.0 475.0
363.0 475.0
363.0 476.0
362.0 476.0
362.0 477.0
362.0 478.0
361.0 478.0
361.0 479.0
360.0 479.0
360.0 480.0
359.0 480.0
359.0 481.0
358.0 481.0
358.0 482.0
357.0 482.0
357.0 483.0
356.0 483.0
356.0 484.0
355.0 484.0
355.0 485.0
354.0 485.0
354.0 486.0
353.0 486.0
353.0 487.0
352.0 487.0
352.0 488.0
351.0 488.0
350.0 488.0
350.0 489.0
349.0 489.0
349.0 490.0
349.0 491.0
349.0 492.0
350.0 492.0
350.0 493.0
351.0 493.0
351.0 494.0
351.0 495.0
352.0 495.0
352.0 496.0
352.0 497.0
353.0 497.0
353.0 498.0
354.0 498.0
354.0 499.0
355.0 499.0
355.0 500.0
354.0 500.0
353.0 500.0
352.0 500.0
351.0 500.0
350.0 500.0
349.0 500.0
349.0 499.0
349.0 498.0
348.0 498.0
348.0 497.0
347.0 497.0
347.0 496.0
347.0 495.0
346.0 495.0
346.0 494.0
345.0 494.0
345.0 493.0
345.0 492.0
344.0 492.0
344.0 493.0
344.0 494.0
344.0 495.0
345.0 495.0
345.0 496.0
345.0 497.0
346.0 497.0
346.0 498.0
347.0 498.0
347.0 499.0
347.0 500.0
346.0 500.0
345.0 500.0
344.0 500.0
344.0 499.0
343.0 499.0
343.0 498.0
342.0 498.0
342.0 497.0
342.0 496.0
341.0 496.0
341.0 495.0
341.0 494.0
340.0 494.0
340.0 493.0
339.0 493.0
338.0 493.0
338.0 494.0
339.0 494.0
339.0 495.0
339.0 496.0
340.0 496.0
340.0 497.0
341.0 497.0
341.0 498.0
341.0 499.0
342.0 499.0
342.0 500.0
341.0 500.0
340.0 500.0
339.0 500.0
338.0 500.0
338.0 499.0
338.0 498.0
337.0 498.0
337.0 497.0
337.0 496.0
336.0 496.0
336.0 495.0
336.0 494.0
335.0 494.0
335.0 493.0
334.0 493.0
334.0 492.0
333.0 492.0
333.0 493.0
333.0 494.0
334.0 494.0
334.0 495.0
334.0 496.0
335.0 496.0
335.0 497.0
336.0 497.0
336.0 498.0
336.0 499.0
336.0 500.0
335.0 500.0
334.0 500.0
333.0 500.0
332.0 500.0
331.0 500.0
330.0 500.0
329.0 500.0
328.0 500.0
327.0 500.0
326.0 500.0
325.0 500.0
324.0 500.0
323.0 500.0
322.0 500.0
321.0 500.0
320.0 500.0
319.0 500.0
318.0 500.0
317.0 500.0
316.0 500.0
315.0 500.0
314.0 500.0
313.0 500.0
312.0 500.0
311.0 500.0
310.0 500.0
309.0 500.0
308.0 500.0
307.0 500.0
306.0 500.0
305.0 500.0
304.0 500.0
303.0 500.0
302.0 500.0
301.0 500.0
300.0 500.0
299.0 500.0
298.0 500.0
297.0 500.0
296.0 500.0
295.0 500.0
294.0 500.0
293.0 500.0
292.0 500.0
291.0 500.0
290.0 500.0
289.0 500.0
288.0 500.0
287.0 500.0
286.0 500.0
285.0 500.0
284.0 500.0
283.0 500.0
282.0 500.0
281.0 500.0
280.0 500.0
279.0 500.0
278.0 500.0
277.0 500.0
276.0 500.0
276.0 499.0
276.0 498.0
277.0 498.0
277.0 497.0
277.0 496.0
278.0 496.0
278.0 495.0
278.0 494.0
279.0 494.0
279.0 493.0
279.0 492.0
280.0 492.0
280.0 491.0
280.0 490.0
281.0 490.0
281.0 489.0
281.0 488.0
281.0 487.0
282.0 487.0
282.0 486.0
282.0 485.0
282.0 484.0
283.0 484.0
283.0 483.0
283.0 482.0
283.0 481.0
283.0 480.0
284.0 480.0
284.0 479.0
284.0 478.0
284.0 477.0
284.0 476.0
284.0 475.0
284.0 474.0
284.0 473.0
284.0 472.0
284.0 471.0
284.0 470.0
284.0 469.0
283.0 469.0
283.0 468.0
283.0 467.0
282.0 467.0
282.0 466.0
282.0 465.0
281.0 465.0
281.0 464.0
281.0 463.0
280.0 463.0
280.0 462.0
280.0 461.0
280.0 460.0
279.0 460.0
279.0 459.0
279.0 458.0
278.0 458.0
278.0 457.0
278.0 456.0
278.0 455.0
278.0 454.0
277.0 454.0
277.0 453.0
277.0 452.0
277.0 451.0
276.0 451.0
276.0 450.0
276.0 449.0
276.0 448.0
276.0 447.0
276.0 446.0
275.0 446.0
275.0 445.0
275.0 444.0
275.0 443.0
275.0 442.0
275.0 441.0
274.0 441.0
274.0 440.0
273.0 440.0
272.0 440.0
271.0 440.0
270.0 440.0
269.0 440.0
269.0 439.0
268.0 439.0
267.0 439.0
267.0 438.0
266.0 438.0
265.0 438.0
265.0 437.0
264.0 437.0
263.0 437.0
263.0 438.0
263.0 439.0
262.0 439.0
262.0 440.0
261.0 440.0
261.0 441.0
260.0 441.0
260.0 442.0
260.0 443.0
259.0 443.0
259.0 444.0
258.0 444.0
258.0 445.0
257.0 445.0
257.0 446.0
256.0 446.0
255.0 446.0
255.0 447.0
254.0 447.0
253.0 447.0
253.0 448.0
252.0 448.0
251.0 448.0
250.0 448.0
250.0 449.0
249.0 449.0
248.0 449.0
247.0 449.0
246.0 449.0
245.0 449.0
244.0 449.0
243.0 449.0
242.0 449.0
241.0 449.0
240.0 449.0
239.0 449.0
238.0 449.0
237.0 449.0
236.0 449.0
235.0 449.0
234.0 449.0
233.0 449.0
233.0 448.0
232.0 448.0
231.0 448.0
230.0 448.0
229.0 448.0
228.0 448.0
227.0 448.0
227.0 447.0
226.0 447.0
225.0 447.0
224.0 447.0
223.0 447.0
223.0 446.0
222.0 446.0
221.0 446.0
220.0 446.0
220.0 445.0
219.0 445.0
218.0 445.0
217.0 445.0
217.0 444.0
216.0 444.0
215.0 444.0
214.0 444.0
214.0 443.0
213.0 443.0
212.0 443.0
212.0 442.0
211.0 442.0
210.0 442.0
209.0 442.0
209.0 441.0
208.0 441.0
207.0 441.0
207.0 440.0
206.0 440.0
206.0 439.0
205.0 439.0
204.0 439.0
203.0 439.0
203.0 440.0
204.0 440.0
204.0 441.0
205.0 441.0
205.0 442.0
206.0 442.0
206.0 443.0
207.0 443.0
207.0 444.0
208.0 444.0
208.0 445.0
209.0 445.0
209.0 446.0
210.0 446.0
210.0 447.0
211.0 447.0
211.0 448.0
212.0 448.0
212.0 449.0
212.0 450.0
212.0 451.0
213.0 451.0
214.0 451.0
214.0 452.0
215.0 452.0
216.0 452.0
217.0 452.0
217.0 453.0
218.0 453.0
219.0 453.0
219.0 454.0
219.0 455.0
218.0 455.0
217.0 455.0
216.0 455.0
216.0 454.0
215.0 454.0
214.0 454.0
213.0 454.0
212.0 454.0
212.0 453.0
211.0 453.0
210.0 453.0
210.0 452.0
209.0 452.0
208.0 452.0
207.0 452.0
206.0 452.0
206.0 451.0
205.0 451.0
204.0 451.0
204.0 450.0
203.0 450.0
202.0 450.0
202.0 449.0
201.0 449.0
200.0 449.0
199.0 449.0
199.0 448.0
198.0 448.0
197.0 448.0
197.0 447.0
196.0 447.0
196.0 446.0
195.0 446.0
194.0 446.0
194.0 445.0
193.0 445.0
193.0 444.0
192.0 444.0
191.0 444.0
191.0 443.0
190.0 443.0
190.0 442.0
189.0 442.0
189.0 441.0
188.0 441.0
188.0 440.0
187.0 440.0
187.0 439.0
186.0 439.0
186.0 438.0
185.0 438.0
185.0 437.0
184.0 437.0
184.0 436.0
183.0 436.0
183.0 435.0
182.0 435.0
182.0 434.0
182.0 433.0
181.0 433.0
181.0 432.0
180.0 432.0
180.0 431.0
179.0 431.0
179.0 430.0
179.0 429.0
178.0 429.0
178.0 428.0
178.0 427.0
177.0 427.0
177.0 426.0
177.0 425.0
177.0 424.0
176.0 424.0
176.0 423.0
176.0 422.0
175.0 422.0
175.0 421.0
175.0 420.0
175.0 419.0
175.0 418.0
174.0 418.0
174.0 417.0
174.0 416.0
174.0 415.0
174.0 414.0
174.0 413.0
174.0 412.0
174.0 411.0
174.0 410.0
174.0 409.0
174.0 408.0
174.0 407.0
174.0 406.0
173.0 406.0
172.0 406.0
172.0 407.0
171.0 407.0
171.0 408.0
170.0 408.0
170.0 409.0
170.0 410.0
170.0 411.0
169.0 411.0
169.0 412.0
169.0 413.0
168.0 413.0
168.0 414.0
168.0 415.0
168.0 416.0
167.0 416.0
167.0 417.0
167.0 418.0
167.0 419.0
167.0 420.0
167.0 421.0
167.0 422.0
167.0 423.0
167.0 424.0
167.0 425.0
167.0 426.0
166.0 426.0
166.0 425.0
165.0 425.0
165.0 424.0
164.0 424.0
164.0 423.0
164.0 422.0
164.0 421.0
164.0 420.0
164.0 419.0
164.0 418.0
164.0 417.0
164.0 416.0
164.0 415.0
164.0 414.0
164.0 413.0
164.0 412.0
164.0 411.0
163.0 411.0
163.0 410.0
163.0 409.0
162.0 409.0
162.0 408.0
162.0 407.0
162.0 406.0
161.0 406.0
161.0 405.0
161.0 404.0
161.0 403.0
161.0 402.0
161.0 401.0
161.0 400.0
161.0 399.0
161.0 398.0
161.0 397.0
161.0 396.0
161.0 395.0
161.0 394.0
161.0 393.0
161.0 392.0
162.0 392.0
162.0 391.0
162.0 390.0
162.0 389.0
163.0 389.0
163.0 388.0
163.0 387.0
163.0 386.0
164.0 386.0
164.0 385.0
164.0 384.0
165.0 384.0
165.0 383.0
165.0 382.0
166.0 382.0
166.0 381.0
166.0 380.0
167.0 380.0
167.0 379.0
168.0 379.0
168.0 378.0
168.0 377.0
169.0 377.0
169.0 376.0
170.0 376.0
170.0 375.0
171.0 375.0
171.0 374.0
172.0 374.0
173.0 374.0
173.0 373.0
174.0 373.0
174.0 372.0
175.0 372.0
175.0 371.0
176.0 371.0
176.0 370.0
177.0 370.0
178.0 370.0
178.0 369.0
179.0 369.0
179.0 368.0
180.0 368.0
181.0 368.0
181.0 367.0
182.0 367.0
183.0 367.0
183.0 366.0
184.0 366.0
185.0 366.0
186.0 366.0
186.0 365.0
187.0 365.0
187.0 364.0
186.0 364.0
185.0 364.0
184.0 364.0
184.0 365.0
183.0 365.0
182.0 365.0
181.0 365.0
180.0 365.0
179.0 365.0
179.0 366.0
178.0 366.0
177.0 366.0
176.0 366.0
176.0 367.0
175.0 367.0
174.0 367.0
173.0 367.0
172.0 367.0
172.0 366.0
173.0 366.0
173.0 365.0
173.0 364.0
173.0 363.0
174.0 363.0
174.0 362.0
175.0 362.0
175.0 361.0
176.0 361.0
176.0 360.0
177.0 360.0
177.0 359.0
178.0 359.0
178.0 358.0
179.0 358.0
180.0 358.0
180.0 357.0
181.0 357.0
182.0 357.0
182.0 356.0
183.0 356.0
183.0 355.0
184.0 355.0
185.0 355.0
185.0 354.0
186.0 354.0
187.0 354.0
188.0 354.0
188.0 353.0
189.0 353.0
190.0 353.0
191.0 353.0
192.0 353.0
193.0 353.0
193.0 352.0
194.0 352.0
195.0 352.0
196.0 352.0
197.0 352.0
198.0 352.0
199.0 352.0
200.0 352.0
201.0 352.0
202.0 352.0
203.0 352.0
204.0 352.0
205.0 352.0
206.0 352.0
206.0 353.0
207.0 353.0
208.0 353.0
208.0 352.0
208.0 351.0
207.0 351.0
207.0 350.0
206.0 350.0
206.0 349.0
206.0 348.0
205.0 348.0
205.0 347.0
205.0 346.0
204.0 346.0
204.0 345.0
204.0 344.0
204.0 343.0
203.0 343.0
203.0 342.0
203.0 341.0
202.0 341.0
202.0 340.0
202.0 339.0
202.0 338.0
201.0 338.0
201.0 337.0
201.0 336.0
201.0 335.0
201.0 334.0
200.0 334.0
200.0 333.0
200.0 332.0
200.0 331.0
199.0 331.0
199.0 330.0
199.0 329.0
199.0 328.0
199.0 327.0
198.0 327.0
198.0 326.0
198.0 325.0
198.0 324.0
198.0 323.0
198.0 322.0
198.0 321.0
198.0 320.0
197.0 320.0
197.0 319.0
197.0 318.0
197.0 317.0
197.0 316.0
197.0 315.0
197.0 314.0
197.0 313.0
197.0 312.0
197.0 311.0
197.0 310.0
196.0 310.0
195.0 310.0
195.0 311.0
194.0 311.0
194.0 312.0
193.0 312.0
192.0 312.0
192.0 313.0
191.0 313.0
190.0 313.0
189.0 313.0
189.0 314.0
188.0 314.0
187.0 314.0
186.0 314.0
185.0 314.0
184.0 314.0
183.0 314.0
182.0 314.0
181.0 314.0
181.0 313.0
180.0 313.0
179.0 313.0
179.0 312.0
178.0 312.0
177.0 312.0
177.0 311.0
176.0 311.0
176.0 310.0
175.0 310.0
175.0 309.0
174.0 309.0
174.0 308.0
173.0 308.0
173.0 307.0
173.0 306.0
172.0 306.0
172.0 305.0
172.0 304.0
171.0 304.0
171.0 303.0
171.0 302.0
171.0 301.0
171.0 300.0
170.0 300.0
170.0 299.0
170.0 298.0
170.0 297.0
170.0 296.0
170.0 295.0
170.0 294.0
170.0 293.0
170.0 292.0
170.0 291.0
170.0 290.0
169.0 290.0
169.0 289.0
168.0 289.0
167.0 289.0
167.0 288.0
166.0 288.0
166.0 287.0
166.0 286.0
165.0 286.0
165.0 285.0
164.0 285.0
164.0 284.0
163.0 284.0
163.0 283.0
163.0 282.0
162.0 282.0
162.0 281.0
161.0 281.0
161.0 280.0
161.0 279.0
160.0 279.0
160.0 278.0
160.0 277.0
159.0 277.0
159.0 276.0
159.0 275.0
159.0 274.0
158.0 274.0
158.0 273.0
158.0 272.0
157.0 272.0
157.0 271.0
157.0 270.0
157.0 269.0
157.0 268.0
157.0 267.0
157.0 266.0
156.0 266.0
156.0 265.0
156.0 264.0
156.0 263.0
156.0 262.0
156.0 261.0
156.0 260.0
156.0 259.0
156.0 258.0
156.0 257.0
155.0 257.0
155.0 256.0
154.0 256.0
153.0 256.0
153.0 255.0
152.0 255.0
151.0 255.0
151.0 254.0
150.0 254.0
149.0 254.0
149.0 253.0
148.0 253.0
147.0 253.0
147.0 252.0
146.0 252.0
146.0 251.0
145.0 251.0
144.0 251.0
144.0 250.0
143.0 250.0
143.0 249.0
142.0 249.0
142.0 248.0
141.0 248.0
141.0 247.0
140.0 247.0
140.0 246.0
139.0 246.0
139.0 245.0
138.0 245.0
138.0 244.0
137.0 244.0
137.0 243.0
136.0 243.0
136.0 242.0
135.0 242.0
135.0 241.0
134.0 241.0
134.0 240.0
133.0 240.0
133.0 239.0
133.0 238.0
132.0 238.0
132.0 237.0
131.0 237.0
131.0 236.0
131.0 235.0
130.0 235.0
130.0 234.0
130.0 233.0
129.0 233.0
129.0 232.0
129.0 231.0
128.0 231.0
128.0 230.0
128.0 229.0
127.0 229.0
127.0 228.0
127.0 227.0
127.0 226.0
127.0 225.0
127.0 224.0
126.0 224.0
126.0 223.0
126.0 222.0
126.0 221.0
126.0 220.0
126.0 219.0
127.0 219.0
127.0 218.0
127.0 217.0
127.0 216.0
127.0 215.0
127.0 214.0
127.0 213.0
128.0 213.0
128.0 212.0
128.0 211.0
129.0 211.0
129.0 210.0
130.0 210.0
130.0 209.0
130.0 208.0
129.0 208.0
129.0 207.0
128.0 207.0
128.0 206.0
127.0 206.0
127.0 205.0
126.0 205.0
126.0 204.0
125.0 204.0
125.0 203.0
124.0 203.0
124.0 202.0
123.0 202.0
123.0 201.0
122.0 201.0
122.0 200.0
121.0 200.0
121.0 199.0
120.0 199.0
120.0 198.0
120.0 197.0
119.0 197.0
119.0 196.0
118.0 196.0
118.0 195.0
117.0 195.0
117.0 194.0
117.0 193.0
116.0 193.0
116.0 192.0
116.0 191.0
115.0 191.0
115.0 190.0
115.0 189.0
114.0 189.0
114.0 188.0
114.0 187.0
113.0 187.0
113.0 186.0
113.0 185.0
113.0 184.0
113.0 183.0
112.0 183.0
112.0 182.0
112.0 181.0
112.0 180.0
112.0 179.0
112.0 178.0
112.0 177.0
112.0 176.0
112.0 175.0
112.0 174.0
112.0 173.0
113.0 173.0
113.0 172.0
113.0 171.0
113.0 170.0
113.0 169.0
114.0 169.0
114.0 168.0
114.0 167.0
115.0 167.0
115.0 166.0
115.0 165.0
116.0 165.0
116.0 164.0
117.0 164.0
117.0 163.0
118.0 163.0
119.0 163.0
119.0 162.0
120.0 162.0
121.0 162.0
121.0 161.0
122.0 161.0
122.0 162.0
123.0 162.0
124.0 162.0
125.0 162.0
125.0 163.0
126.0 163.0
126.0 164.0
127.0 164.0
127.0 165.0
128.0 165.0
128.0 166.0
129.0 166.0
130.0 166.0
130.0 165.0
129.0 165.0
129.0 164.0
128.0 164.0
128.0 163.0
127.0 163.0
127.0 162.0
126.0 162.0
126.0 161.0
125.0 161.0
125.0 160.0
125.0 159.0
124.0 159.0
123.0 159.0
123.0 158.0
123.0 157.0
122.0 157.0
122.0 156.0
121.0 156.0
121.0 155.0
120.0 155.0
120.0 154.0
119.0 154.0
119.0 153.0
119.0 152.0
118.0 152.0
118.0 151.0
117.0 151.0
117.0 150.0
116.0 150.0
116.0 149.0
116.0 148.0
115.0 148.0
115.0 147.0
115.0 146.0
114.0 146.0
114.0 145.0
114.0 144.0
113.0 144.0
113.0 143.0
112.0 143.0
112.0 142.0
112.0 141.0
111.0 141.0
111.0 140.0
111.0 139.0
110.0 139.0
110.0 138.0
110.0 137.0
109.0 137.0
109.0 136.0
108.0 136.0
108.0 135.0
108.0 134.0
108.0 133.0
107.0 133.0
107.0 132.0
107.0 131.0
107.0 130.0
106.0 130.0
106.0 129.0
106.0 128.0
106.0 127.0
105.0 127.0
105.0 126.0
105.0 125.0
105.0 124.0
104.0 124.0
104.0 123.0
104.0 122.0
104.0 121.0
104.0 120.0
104.0 119.0
104.0 118.0
104.0 117.0
104.0 116.0
104.0 115.0
104.0 114.0
104.0 113.0
104.0 112.0
104.0 111.0
105.0 111.0
105.0 110.0
105.0 109.0
105.0 108.0
106.0 108.0
106.0 107.0
106.0 106.0
107.0 106.0
107.0 105.0
108.0 105.0
108.0 104.0
109.0 104.0
110.0 104.0
111.0 104.0
112.0 104.0
112.0 105.0
113.0 105.0
114.0 105.0
114.0 106.0
115.0 106.0
116.0 106.0
116.0 107.0
117.0 107.0
117.0 108.0
117.0 109.0
118.0 109.0
118.0 110.0
119.0 110.0
119.0 111.0
120.0 111.0
120.0 112.0
121.0 112.0
121.0 111.0
121.0 110.0
120.0 110.0
120.0 109.0
119.0 109.0
119.0 108.0
119.0 107.0
118.0 107.0
118.0 106.0
117.0 106.0
117.0 105.0
116.0 105.0
116.0 104.0
116.0 103.0
115.0 103.0
115.0 102.0
114.0 102.0
114.0 101.0
114.0 100.0
113.0 100.0
113.0 99.0
112.0 99.0
112.0 98.0
112.0 97.0
111.0 97.0
111.0 96.0
111.0 95.0
110.0 95.0
110.0 94.0
109.0 94.0
109.0 93.0
109.0 92.0
108.0 92.0
108.0 91.0
107.0 91.0
107.0 90.0
107.0 89.0
106.0 89.0
106.0 88.0
105.0 88.0
105.0 87.0
105.0 86.0
104.0 86.0
104.0 85.0
103.0 85.0
103.0 84.0
103.0 83.0
102.0 83.0
102.0 82.0
102.0 81.0
101.0 81.0
101.0 80.0
101.0 79.0
100.0 79.0
100.0 78.0
99.0 78.0
99.0 77.0
99.0 76.0
98.0 76.0
98.0 75.0
98.0 74.0
97.0 74.0
97.0 73.0
97.0 72.0
96.0 72.0
96.0 71.0
96.0 70.0
95.0 70.0
95.0 69.0
94.0 69.0
94.0 68.0
94.0 67.0
94.0 66.0
93.0 66.0
93.0 65.0
93.0 64.0
92.0 64.0
92.0 63.0
92.0 62.0
91.0 62.0
91.0 61.0
91.0 60.0
90.0 60.0
90.0 59.0
90.0 58.0
90.0 57.0
90.0 56.0
89.0 56.0
89.0 55.0
89.0 54.0
89.0 53.0
88.0 53.0
88.0 52.0
88.0 51.0
87.0 51.0
87.0 50.0
87.0 49.0
87.0 48.0
86.0 48.0
86.0 47.0
86.0 46.0
86.0 45.0
86.0 44.0
85.0 44.0
85.0 43.0
85.0 42.0
85.0 41.0
85.0 40.0
84.0 40.0
84.0 39.0
84.0 38.0
84.0 37.0
84.0 36.0
84.0 35.0
83.0 35.0
83.0 34.0
83.0 33.0
83.0 32.0
83.0 31.0
83.0 30.0
83.0 29.0
83.0 28.0
83.0 27.0
83.0 26.0
82.0 26.0
82.0 25.0
82.0 24.0
82.0 23.0
82.0 22.0
82.0 21.0
82.0 20.0
82.0 19.0
82.0 18.0
83.0 18.0
83.0 17.0
83.0 16.0
83.0 15.0
83.0 14.0
83.0 13.0
83.0 12.0
83.0 11.0
84.0 11.0
84.0 10.0
84.0 9.0
85.0 9.0
85.0 8.0
85.0 7.0
86.0 7.0
86.0 6.0
87.0 6.0
88.0 6.0
88.0 5.0
89.0 5.0
90.0 5.0
90.0 4.0
91.0 4.0
92.0 4.0
92.0 3.0
