1

1388
92.0 3.0
101.0 3.0
101.0 3.0
103.0 5.0
103.0 5.0
109.0 28.0
109.0 28.0
112.0 32.0
112.0 32.0
118.0 50.0
118.0 50.0
126.0 66.0
126.0 66.0
130.0 70.0
130.0 70.0
130.0 73.0
130.0 73.0
135.0 78.0
135.0 78.0
136.0 82.0
136.0 82.0
140.0 86.0
140.0 86.0
141.0 90.0
141.0 90.0
143.0 91.0
143.0 91.0
143.0 93.0
143.0 93.0
145.0 94.0
145.0 94.0
148.0 101.0
148.0 101.0
150.0 102.0
150.0 102.0
156.0 113.0
156.0 113.0
159.0 115.0
159.0 115.0
161.0 120.0
161.0 120.0
164.0 122.0
164.0 122.0
167.0 128.0
167.0 128.0
169.0 128.0
169.0 128.0
171.0 133.0
171.0 133.0
184.0 147.0
184.0 147.0
184.0 149.0
184.0 149.0
191.0 156.0
191.0 156.0
191.0 158.0
191.0 158.0
207.0 175.0
207.0 175.0
207.0 177.0
207.0 177.0
214.0 185.0
214.0 185.0
216.0 192.0
216.0 192.0
218.0 193.0
218.0 193.0
220.0 203.0
220.0 203.0
223.0 208.0
223.0 208.0
225.0 221.0
225.0 221.0
225.0 248.0
225.0 248.0
220.0 265.0
220.0 265.0
222.0 265.0
222.0 265.0
225.0 261.0
225.0 261.0
227.0 261.0
227.0 261.0
228.0 259.0
228.0 259.0
230.0 259.0
230.0 259.0
231.0 257.0
231.0 257.0
238.0 253.0
238.0 253.0
252.0 249.0
252.0 249.0
262.0 249.0
262.0 249.0
262.0 247.0
262.0 247.0
260.0 247.0
260.0 247.0
257.0 244.0
257.0 244.0
256.0 239.0
256.0 239.0
254.0 237.0
254.0 237.0
254.0 231.0
254.0 231.0
258.0 225.0
258.0 225.0
249.0 215.0
249.0 215.0
243.0 201.0
243.0 201.0
245.0 192.0
245.0 192.0
250.0 187.0
250.0 187.0
247.0 184.0
247.0 184.0
244.0 177.0
244.0 177.0
242.0 176.0
242.0 176.0
242.0 173.0
242.0 173.0
238.0 166.0
238.0 166.0
237.0 152.0
237.0 152.0
240.0 145.0
240.0 145.0
245.0 145.0
245.0 145.0
243.0 151.0
243.0 151.0
243.0 164.0
243.0 164.0
247.0 178.0
247.0 178.0
250.0 181.0
250.0 181.0
253.0 189.0
253.0 189.0
260.0 196.0
260.0 196.0
260.0 198.0
260.0 198.0
269.0 206.0
269.0 206.0
266.0 207.0
266.0 207.0
257.0 198.0
257.0 198.0
253.0 191.0
253.0 191.0
250.0 192.0
250.0 192.0
249.0 204.0
249.0 204.0
251.0 211.0
251.0 211.0
256.0 220.0
256.0 220.0
259.0 222.0
259.0 222.0
259.0 224.0
259.0 224.0
266.0 230.0
266.0 230.0
266.0 232.0
266.0 232.0
264.0 232.0
264.0 232.0
259.0 227.0
259.0 227.0
260.0 239.0
260.0 239.0
264.0 243.0
264.0 243.0
266.0 248.0
266.0 248.0
277.0 250.0
277.0 250.0
280.0 252.0
280.0 252.0
285.0 252.0
285.0 252.0
291.0 240.0
291.0 240.0
291.0 236.0
291.0 236.0
296.0 224.0
296.0 224.0
299.0 196.0
299.0 196.0
296.0 165.0
296.0 165.0
294.0 163.0
294.0 163.0
287.0 142.0
287.0 142.0
283.0 137.0
283.0 137.0
281.0 129.0
281.0 129.0
279.0 128.0
279.0 128.0
278.0 122.0
278.0 122.0
275.0 118.0
275.0 118.0
274.0 112.0
274.0 112.0
269.0 102.0
269.0 102.0
265.0 83.0
265.0 83.0
263.0 81.0
263.0 81.0
263.0 77.0
263.0 77.0
261.0 74.0
261.0 74.0
257.0 48.0
257.0 48.0
256.0 27.0
256.0 27.0
258.0 8.0
258.0 8.0
254.0 8.0
254.0 8.0
251.0 11.0
251.0 11.0
245.0 28.0
245.0 28.0
245.0 63.0
245.0 63.0
249.0 83.0
249.0 83.0
252.0 89.0
252.0 89.0
252.0 94.0
252.0 94.0
254.0 96.0
254.0 96.0
256.0 106.0
256.0 106.0
272.0 153.0
272.0 153.0
270.0 153.0
270.0 153.0
267.0 143.0
267.0 143.0
265.0 141.0
265.0 141.0
264.0 135.0
264.0 135.0
260.0 128.0
260.0 128.0
259.0 120.0
259.0 120.0
257.0 119.0
257.0 119.0
254.0 106.0
254.0 106.0
252.0 104.0
252.0 104.0
252.0 100.0
252.0 100.0
248.0 92.0
248.0 92.0
248.0 88.0
248.0 88.0
245.0 85.0
245.0 85.0
240.0 85.0
240.0 85.0
238.0 89.0
238.0 89.0
238.0 108.0
238.0 108.0
244.0 134.0
244.0 134.0
254.0 155.0
254.0 155.0
256.0 156.0
256.0 156.0
260.0 164.0
260.0 164.0
263.0 167.0
263.0 167.0
268.0 162.0
268.0 162.0
273.0 162.0
273.0 162.0
278.0 165.0
278.0 165.0
278.0 167.0
278.0 167.0
276.0 167.0
276.0 167.0
273.0 164.0
273.0 164.0
269.0 164.0
269.0 164.0
265.0 169.0
265.0 169.0
266.0 189.0
266.0 189.0
268.0 191.0
268.0 191.0
272.0 204.0
272.0 204.0
274.0 205.0
274.0 205.0
276.0 211.0
276.0 211.0
279.0 214.0
279.0 214.0
277.0 215.0
277.0 215.0
275.0 211.0
275.0 211.0
271.0 211.0
271.0 211.0
267.0 217.0
267.0 217.0
267.0 222.0
267.0 222.0
270.0 231.0
270.0 231.0
277.0 239.0
277.0 239.0
276.0 241.0
276.0 241.0
270.0 236.0
270.0 236.0
264.0 224.0
264.0 224.0
265.0 212.0
265.0 212.0
271.0 209.0
271.0 209.0
272.0 206.0
272.0 206.0
270.0 205.0
270.0 205.0
262.0 186.0
262.0 186.0
262.0 167.0
262.0 167.0
260.0 167.0
260.0 167.0
260.0 165.0
260.0 165.0
256.0 162.0
256.0 162.0
256.0 160.0
256.0 160.0
248.0 150.0
248.0 150.0
244.0 140.0
244.0 140.0
242.0 139.0
242.0 139.0
233.0 110.0
233.0 110.0
233.0 89.0
233.0 89.0
238.0 82.0
238.0 82.0
245.0 82.0
245.0 82.0
239.0 55.0
239.0 55.0
239.0 36.0
239.0 36.0
242.0 21.0
242.0 21.0
247.0 11.0
247.0 11.0
252.0 6.0
252.0 6.0
260.0 5.0
260.0 5.0
262.0 50.0
262.0 50.0
267.0 78.0
267.0 78.0
269.0 81.0
269.0 81.0
273.0 100.0
273.0 100.0
278.0 111.0
278.0 111.0
278.0 115.0
278.0 115.0
282.0 121.0
282.0 121.0
283.0 127.0
283.0 127.0
292.0 146.0
292.0 146.0
293.0 153.0
293.0 153.0
299.0 166.0
299.0 166.0
303.0 186.0
303.0 186.0
304.0 197.0
304.0 197.0
302.0 220.0
302.0 220.0
296.0 238.0
296.0 238.0
288.0 253.0
288.0 253.0
300.0 259.0
300.0 259.0
301.0 248.0
301.0 248.0
304.0 244.0
304.0 244.0
304.0 241.0
304.0 241.0
308.0 233.0
308.0 233.0
320.0 221.0
320.0 221.0
326.0 221.0
326.0 221.0
326.0 225.0
326.0 225.0
317.0 228.0
317.0 228.0
308.0 238.0
308.0 238.0
307.0 243.0
307.0 243.0
302.0 252.0
302.0 252.0
301.0 263.0
301.0 263.0
311.0 253.0
311.0 253.0
313.0 253.0
313.0 253.0
319.0 247.0
319.0 247.0
327.0 243.0
327.0 243.0
333.0 241.0
333.0 241.0
344.0 242.0
344.0 242.0
344.0 246.0
344.0 246.0
331.0 245.0
331.0 245.0
319.0 250.0
319.0 250.0
304.0 263.0
304.0 263.0
304.0 265.0
304.0 265.0
306.0 265.0
306.0 265.0
307.0 268.0
307.0 268.0
301.0 266.0
301.0 266.0
303.0 268.0
303.0 268.0
302.0 270.0
302.0 270.0
296.0 270.0
296.0 270.0
293.0 268.0
293.0 268.0
293.0 266.0
293.0 266.0
298.0 268.0
298.0 268.0
298.0 263.0
298.0 263.0
290.0 259.0
290.0 259.0
286.0 259.0
286.0 259.0
284.0 257.0
284.0 257.0
272.0 254.0
272.0 254.0
245.0 255.0
245.0 255.0
231.0 260.0
231.0 260.0
230.0 262.0
230.0 262.0
228.0 262.0
228.0 262.0
222.0 268.0
222.0 268.0
219.0 269.0
219.0 269.0
218.0 274.0
218.0 274.0
213.0 283.0
213.0 283.0
215.0 286.0
215.0 286.0
218.0 287.0
218.0 287.0
222.0 296.0
222.0 296.0
222.0 311.0
222.0 311.0
220.0 318.0
220.0 318.0
217.0 322.0
217.0 322.0
210.0 323.0
210.0 323.0
206.0 319.0
206.0 319.0
203.0 309.0
203.0 309.0
202.0 297.0
202.0 297.0
202.0 317.0
202.0 317.0
206.0 331.0
206.0 331.0
208.0 332.0
208.0 332.0
208.0 337.0
208.0 337.0
212.0 338.0
212.0 338.0
213.0 345.0
213.0 345.0
216.0 346.0
216.0 346.0
217.0 351.0
217.0 351.0
220.0 353.0
220.0 353.0
220.0 355.0
220.0 355.0
222.0 355.0
222.0 355.0
220.0 350.0
220.0 350.0
220.0 344.0
220.0 344.0
224.0 326.0
224.0 326.0
237.0 300.0
237.0 300.0
245.0 292.0
245.0 292.0
244.0 286.0
244.0 286.0
246.0 285.0
246.0 285.0
248.0 294.0
248.0 294.0
251.0 300.0
251.0 300.0
254.0 302.0
254.0 302.0
254.0 305.0
254.0 305.0
248.0 300.0
248.0 300.0
246.0 294.0
246.0 294.0
244.0 294.0
244.0 294.0
240.0 302.0
240.0 302.0
238.0 303.0
238.0 303.0
236.0 309.0
236.0 309.0
234.0 310.0
234.0 310.0
233.0 315.0
233.0 315.0
238.0 315.0
238.0 315.0
249.0 320.0
249.0 320.0
250.0 322.0
250.0 322.0
255.0 324.0
255.0 324.0
260.0 330.0
260.0 330.0
262.0 330.0
262.0 330.0
267.0 335.0
267.0 335.0
268.0 338.0
268.0 338.0
275.0 342.0
275.0 342.0
275.0 344.0
275.0 344.0
272.0 344.0
272.0 344.0
265.0 339.0
265.0 339.0
255.0 337.0
255.0 337.0
258.0 340.0
258.0 340.0
260.0 340.0
260.0 340.0
272.0 353.0
272.0 353.0
278.0 371.0
278.0 371.0
278.0 379.0
278.0 379.0
276.0 378.0
276.0 378.0
274.0 371.0
274.0 371.0
267.0 364.0
267.0 364.0
270.0 373.0
270.0 373.0
270.0 381.0
270.0 381.0
267.0 387.0
267.0 387.0
267.0 392.0
267.0 392.0
265.0 392.0
265.0 392.0
265.0 385.0
265.0 385.0
258.0 371.0
258.0 371.0
259.0 368.0
259.0 368.0
265.0 378.0
265.0 378.0
265.0 382.0
265.0 382.0
267.0 383.0
267.0 383.0
267.0 375.0
267.0 375.0
264.0 363.0
264.0 363.0
262.0 362.0
262.0 362.0
261.0 358.0
261.0 358.0
265.0 358.0
265.0 358.0
273.0 366.0
273.0 366.0
273.0 368.0
273.0 368.0
274.0 365.0
274.0 365.0
269.0 355.0
269.0 355.0
264.0 350.0
264.0 350.0
264.0 348.0
264.0 348.0
254.0 339.0
254.0 339.0
252.0 339.0
252.0 339.0
250.0 334.0
250.0 334.0
257.0 334.0
257.0 334.0
261.0 336.0
261.0 336.0
263.0 335.0
263.0 335.0
246.0 322.0
246.0 322.0
234.0 318.0
234.0 318.0
232.0 316.0
232.0 316.0
224.0 337.0
224.0 337.0
223.0 356.0
223.0 356.0
236.0 358.0
236.0 358.0
251.0 364.0
251.0 364.0
256.0 369.0
256.0 369.0
259.0 375.0
259.0 375.0
259.0 383.0
259.0 383.0
251.0 375.0
251.0 375.0
249.0 375.0
249.0 375.0
249.0 372.0
249.0 372.0
252.0 375.0
252.0 375.0
254.0 375.0
254.0 375.0
255.0 378.0
255.0 378.0
257.0 378.0
257.0 378.0
256.0 375.0
256.0 375.0
250.0 369.0
250.0 369.0
241.0 364.0
241.0 364.0
229.0 361.0
229.0 361.0
215.0 361.0
215.0 361.0
207.0 363.0
207.0 363.0
198.0 370.0
198.0 370.0
198.0 372.0
198.0 372.0
193.0 378.0
193.0 378.0
191.0 386.0
191.0 386.0
191.0 394.0
191.0 394.0
193.0 401.0
193.0 401.0
202.0 411.0
202.0 411.0
216.0 419.0
216.0 419.0
236.0 420.0
236.0 420.0
249.0 415.0
249.0 415.0
254.0 410.0
254.0 410.0
255.0 404.0
255.0 404.0
257.0 404.0
257.0 404.0
257.0 410.0
257.0 410.0
259.0 412.0
259.0 412.0
261.0 424.0
261.0 424.0
267.0 431.0
267.0 431.0
271.0 432.0
271.0 432.0
272.0 434.0
272.0 434.0
276.0 434.0
276.0 434.0
279.0 420.0
279.0 420.0
286.0 407.0
286.0 407.0
292.0 401.0
292.0 401.0
288.0 394.0
288.0 394.0
285.0 393.0
285.0 393.0
279.0 400.0
279.0 400.0
279.0 403.0
279.0 403.0
276.0 405.0
276.0 405.0
277.0 397.0
277.0 397.0
281.0 390.0
281.0 390.0
286.0 385.0
286.0 385.0
288.0 385.0
288.0 385.0
289.0 383.0
289.0 383.0
296.0 383.0
296.0 383.0
298.0 386.0
298.0 386.0
294.0 389.0
294.0 389.0
289.0 390.0
289.0 390.0
289.0 392.0
289.0 392.0
295.0 398.0
295.0 398.0
299.0 397.0
299.0 397.0
301.0 400.0
301.0 400.0
303.0 400.0
303.0 400.0
303.0 398.0
303.0 398.0
305.0 398.0
305.0 398.0
306.0 400.0
306.0 400.0
317.0 400.0
317.0 400.0
319.0 398.0
319.0 398.0
324.0 397.0
324.0 397.0
330.0 390.0
330.0 390.0
331.0 379.0
331.0 379.0
326.0 368.0
326.0 368.0
321.0 363.0
321.0 363.0
312.0 358.0
312.0 358.0
307.0 357.0
307.0 357.0
291.0 358.0
291.0 358.0
291.0 356.0
291.0 356.0
299.0 355.0
299.0 355.0
299.0 353.0
299.0 353.0
297.0 353.0
297.0 353.0
297.0 351.0
297.0 351.0
294.0 350.0
294.0 350.0
286.0 336.0
286.0 336.0
283.0 334.0
283.0 334.0
278.0 324.0
278.0 324.0
277.0 318.0
277.0 318.0
275.0 316.0
275.0 316.0
273.0 308.0
273.0 308.0
273.0 297.0
273.0 297.0
274.0 294.0
274.0 294.0
277.0 292.0
277.0 292.0
286.0 294.0
286.0 294.0
294.0 301.0
294.0 301.0
296.0 301.0
296.0 301.0
297.0 304.0
297.0 304.0
302.0 308.0
302.0 308.0
302.0 310.0
302.0 310.0
308.0 317.0
308.0 317.0
308.0 320.0
308.0 320.0
312.0 325.0
312.0 325.0
312.0 328.0
312.0 328.0
315.0 332.0
315.0 332.0
318.0 341.0
318.0 341.0
321.0 354.0
321.0 354.0
321.0 361.0
321.0 361.0
323.0 361.0
323.0 361.0
328.0 366.0
328.0 366.0
333.0 375.0
333.0 375.0
333.0 390.0
333.0 390.0
335.0 390.0
335.0 390.0
338.0 394.0
338.0 394.0
342.0 395.0
342.0 395.0
343.0 397.0
343.0 397.0
349.0 398.0
349.0 398.0
356.0 402.0
356.0 402.0
358.0 399.0
358.0 399.0
360.0 402.0
360.0 402.0
365.0 404.0
365.0 404.0
367.0 403.0
367.0 403.0
367.0 401.0
367.0 401.0
372.0 404.0
372.0 404.0
374.0 404.0
374.0 404.0
375.0 402.0
375.0 402.0
381.0 403.0
381.0 403.0
382.0 401.0
382.0 401.0
391.0 402.0
391.0 402.0
390.0 398.0
390.0 398.0
400.0 397.0
400.0 397.0
404.0 393.0
404.0 393.0
408.0 392.0
408.0 392.0
411.0 388.0
411.0 388.0
413.0 388.0
413.0 388.0
423.0 378.0
423.0 378.0
434.0 355.0
434.0 355.0
437.0 341.0
437.0 341.0
437.0 327.0
437.0 327.0
435.0 313.0
435.0 313.0
433.0 310.0
433.0 310.0
431.0 300.0
431.0 300.0
429.0 299.0
429.0 299.0
429.0 296.0
429.0 296.0
427.0 295.0
427.0 295.0
426.0 291.0
426.0 291.0
421.0 286.0
421.0 286.0
421.0 284.0
421.0 284.0
419.0 284.0
419.0 284.0
418.0 281.0
418.0 281.0
416.0 281.0
416.0 281.0
415.0 278.0
415.0 278.0
410.0 276.0
410.0 276.0
408.0 273.0
408.0 273.0
394.0 266.0
394.0 266.0
376.0 264.0
376.0 264.0
363.0 269.0
363.0 269.0
351.0 283.0
351.0 283.0
342.0 304.0
342.0 304.0
342.0 309.0
342.0 309.0
340.0 312.0
340.0 312.0
336.0 329.0
336.0 329.0
333.0 333.0
333.0 333.0
333.0 336.0
333.0 336.0
330.0 339.0
330.0 339.0
328.0 339.0
328.0 339.0
315.0 316.0
315.0 316.0
310.0 300.0
310.0 300.0
309.0 287.0
309.0 287.0
311.0 287.0
311.0 287.0
311.0 294.0
311.0 294.0
317.0 295.0
317.0 295.0
324.0 302.0
324.0 302.0
332.0 317.0
332.0 317.0
333.0 323.0
333.0 323.0
335.0 323.0
335.0 323.0
336.0 313.0
336.0 313.0
332.0 311.0
332.0 311.0
332.0 309.0
332.0 309.0
328.0 306.0
328.0 306.0
327.0 302.0
327.0 302.0
325.0 301.0
325.0 301.0
324.0 290.0
324.0 290.0
321.0 281.0
321.0 281.0
318.0 278.0
318.0 278.0
315.0 278.0
315.0 278.0
312.0 281.0
312.0 281.0
308.0 280.0
308.0 280.0
309.0 262.0
309.0 262.0
311.0 263.0
311.0 263.0
311.0 265.0
311.0 265.0
317.0 262.0
317.0 262.0
322.0 262.0
322.0 262.0
326.0 266.0
326.0 266.0
328.0 274.0
328.0 274.0
327.0 296.0
327.0 296.0
338.0 300.0
338.0 300.0
341.0 299.0
341.0 299.0
345.0 286.0
345.0 286.0
349.0 279.0
349.0 279.0
351.0 278.0
351.0 278.0
351.0 276.0
351.0 276.0
364.0 264.0
364.0 264.0
376.0 260.0
376.0 260.0
387.0 260.0
387.0 260.0
408.0 268.0
408.0 268.0
426.0 284.0
426.0 284.0
426.0 286.0
426.0 286.0
429.0 288.0
429.0 288.0
432.0 295.0
432.0 295.0
434.0 296.0
434.0 296.0
442.0 317.0
442.0 317.0
443.0 344.0
443.0 344.0
438.0 366.0
438.0 366.0
431.0 381.0
431.0 381.0
428.0 384.0
428.0 384.0
428.0 387.0
428.0 387.0
432.0 395.0
432.0 395.0
431.0 414.0
431.0 414.0
424.0 428.0
424.0 428.0
414.0 438.0
414.0 438.0
402.0 444.0
402.0 444.0
395.0 452.0
395.0 452.0
388.0 455.0
388.0 455.0
393.0 444.0
393.0 444.0
391.0 443.0
391.0 443.0
391.0 445.0
391.0 445.0
386.0 449.0
386.0 449.0
384.0 453.0
384.0 453.0
382.0 453.0
382.0 453.0
382.0 455.0
382.0 455.0
380.0 455.0
380.0 455.0
378.0 458.0
378.0 458.0
371.0 462.0
371.0 462.0
362.0 478.0
362.0 478.0
352.0 488.0
352.0 488.0
349.0 489.0
349.0 489.0
349.0 492.0
349.0 492.0
351.0 493.0
351.0 493.0
352.0 497.0
352.0 497.0
355.0 500.0
355.0 500.0
349.0 500.0
349.0 500.0
345.0 492.0
345.0 492.0
344.0 495.0
344.0 495.0
347.0 498.0
347.0 498.0
347.0 500.0
347.0 500.0
344.0 500.0
344.0 500.0
340.0 493.0
340.0 493.0
338.0 494.0
338.0 494.0
342.0 500.0
342.0 500.0
338.0 500.0
338.0 500.0
334.0 492.0
334.0 492.0
333.0 494.0
333.0 494.0
336.0 497.0
336.0 497.0
336.0 500.0
336.0 500.0
276.0 500.0
276.0 500.0
283.0 484.0
283.0 484.0
284.0 469.0
284.0 469.0
278.0 458.0
278.0 458.0
274.0 440.0
274.0 440.0
269.0 440.0
269.0 440.0
263.0 437.0
263.0 437.0
260.0 443.0
260.0 443.0
253.0 448.0
253.0 448.0
233.0 449.0
233.0 449.0
223.0 447.0
223.0 447.0
212.0 442.0
212.0 442.0
209.0 442.0
209.0 442.0
206.0 439.0
206.0 439.0
203.0 439.0
203.0 439.0
212.0 448.0
212.0 448.0
212.0 451.0
212.0 451.0
219.0 453.0
219.0 453.0
219.0 455.0
219.0 455.0
216.0 455.0
216.0 455.0
197.0 448.0
197.0 448.0
182.0 435.0
182.0 435.0
175.0 422.0
175.0 422.0
174.0 406.0
174.0 406.0
170.0 408.0
170.0 408.0
170.0 411.0
170.0 411.0
168.0 413.0
168.0 413.0
167.0 426.0
167.0 426.0
164.0 424.0
164.0 424.0
164.0 411.0
164.0 411.0
161.0 406.0
161.0 406.0
161.0 392.0
161.0 392.0
163.0 386.0
163.0 386.0
171.0 374.0
171.0 374.0
173.0 374.0
173.0 374.0
179.0 368.0
179.0 368.0
187.0 365.0
187.0 365.0
184.0 364.0
184.0 364.0
172.0 367.0
172.0 367.0
173.0 363.0
173.0 363.0
178.0 358.0
178.0 358.0
182.0 357.0
182.0 357.0
185.0 354.0
185.0 354.0
193.0 352.0
193.0 352.0
208.0 353.0
208.0 353.0
208.0 351.0
208.0 351.0
204.0 346.0
204.0 346.0
199.0 331.0
199.0 331.0
197.0 310.0
197.0 310.0
189.0 314.0
189.0 314.0
181.0 314.0
181.0 314.0
173.0 308.0
173.0 308.0
170.0 300.0
170.0 300.0
170.0 290.0
170.0 290.0
167.0 289.0
167.0 289.0
166.0 286.0
166.0 286.0
163.0 284.0
163.0 284.0
157.0 272.0
157.0 272.0
156.0 257.0
156.0 257.0
144.0 251.0
144.0 251.0
131.0 237.0
131.0 237.0
126.0 224.0
126.0 224.0
127.0 213.0
127.0 213.0
130.0 210.0
130.0 210.0
130.0 208.0
130.0 208.0
120.0 199.0
120.0 199.0
120.0 197.0
120.0 197.0
117.0 195.0
117.0 195.0
113.0 187.0
113.0 187.0
112.0 173.0
112.0 173.0
115.0 165.0
115.0 165.0
121.0 161.0
121.0 161.0
125.0 162.0
125.0 162.0
128.0 166.0
128.0 166.0
130.0 165.0
130.0 165.0
119.0 154.0
119.0 154.0
114.0 144.0
114.0 144.0
112.0 143.0
112.0 143.0
110.0 137.0
110.0 137.0
108.0 136.0
108.0 136.0
104.0 124.0
104.0 124.0
105.0 108.0
105.0 108.0
108.0 104.0
108.0 104.0
112.0 104.0
112.0 104.0
116.0 106.0
116.0 106.0
120.0 112.0
120.0 112.0
121.0 110.0
121.0 110.0
112.0 99.0
112.0 99.0
111.0 95.0
111.0 95.0
103.0 85.0
103.0 85.0
96.0 70.0
96.0 70.0
94.0 69.0
94.0 69.0
84.0 40.0
84.0 40.0
82.0 26.0
82.0 26.0
83.0 11.0
83.0 11.0
86.0 6.0
86.0 6.0
92.0 3.0


2

358
87.0 29.0
95.0 59.0
95.0 59.0
104.0 76.0
104.0 76.0
104.0 79.0
104.0 79.0
108.0 83.0
108.0 83.0
111.0 91.0
111.0 91.0
113.0 92.0
113.0 92.0
117.0 101.0
117.0 101.0
126.0 113.0
126.0 113.0
127.0 117.0
127.0 117.0
130.0 119.0
130.0 119.0
130.0 121.0
130.0 121.0
137.0 130.0
137.0 130.0
135.0 130.0
135.0 130.0
130.0 123.0
130.0 123.0
129.0 125.0
129.0 125.0
135.0 131.0
135.0 131.0
135.0 133.0
135.0 133.0
141.0 138.0
141.0 138.0
141.0 140.0
141.0 140.0
149.0 148.0
149.0 148.0
149.0 150.0
149.0 150.0
152.0 151.0
152.0 151.0
152.0 149.0
152.0 149.0
144.0 141.0
144.0 141.0
141.0 135.0
141.0 135.0
148.0 141.0
148.0 141.0
148.0 143.0
148.0 143.0
153.0 147.0
153.0 147.0
153.0 149.0
153.0 149.0
161.0 156.0
161.0 156.0
161.0 158.0
161.0 158.0
169.0 165.0
169.0 165.0
169.0 167.0
169.0 167.0
189.0 188.0
189.0 188.0
194.0 198.0
194.0 198.0
196.0 199.0
196.0 199.0
203.0 219.0
203.0 219.0
202.0 226.0
202.0 226.0
205.0 237.0
205.0 237.0
206.0 257.0
206.0 257.0
204.0 257.0
204.0 257.0
202.0 231.0
202.0 231.0
199.0 219.0
199.0 219.0
197.0 217.0
197.0 217.0
200.0 216.0
200.0 216.0
200.0 214.0
200.0 214.0
198.0 212.0
198.0 212.0
197.0 206.0
197.0 206.0
191.0 194.0
191.0 194.0
177.0 179.0
177.0 179.0
177.0 177.0
177.0 177.0
175.0 177.0
175.0 177.0
175.0 175.0
175.0 175.0
169.0 170.0
169.0 170.0
169.0 168.0
169.0 168.0
167.0 168.0
167.0 168.0
167.0 166.0
167.0 166.0
157.0 157.0
157.0 157.0
157.0 155.0
157.0 155.0
153.0 151.0
153.0 151.0
152.0 153.0
152.0 153.0
150.0 153.0
150.0 153.0
145.0 148.0
145.0 148.0
145.0 146.0
145.0 146.0
139.0 141.0
139.0 141.0
139.0 139.0
139.0 139.0
135.0 136.0
135.0 136.0
135.0 134.0
135.0 134.0
132.0 132.0
132.0 132.0
129.0 126.0
129.0 126.0
119.0 115.0
119.0 115.0
119.0 113.0
119.0 113.0
113.0 107.0
113.0 107.0
110.0 107.0
110.0 107.0
109.0 120.0
109.0 120.0
111.0 122.0
111.0 122.0
112.0 132.0
112.0 132.0
114.0 133.0
114.0 133.0
117.0 142.0
117.0 142.0
119.0 143.0
119.0 143.0
125.0 155.0
125.0 155.0
136.0 167.0
136.0 167.0
136.0 169.0
136.0 169.0
141.0 173.0
141.0 173.0
141.0 175.0
141.0 175.0
149.0 183.0
149.0 183.0
153.0 185.0
153.0 185.0
153.0 187.0
153.0 187.0
147.0 185.0
147.0 185.0
129.0 168.0
129.0 168.0
122.0 164.0
122.0 164.0
119.0 166.0
119.0 166.0
117.0 170.0
117.0 170.0
117.0 181.0
117.0 181.0
119.0 187.0
119.0 187.0
123.0 195.0
123.0 195.0
126.0 197.0
126.0 197.0
126.0 199.0
126.0 199.0
136.0 209.0
136.0 209.0
138.0 209.0
138.0 209.0
148.0 218.0
148.0 218.0
157.0 222.0
157.0 222.0
159.0 225.0
159.0 225.0
166.0 228.0
166.0 228.0
170.0 228.0
170.0 228.0
167.0 234.0
167.0 234.0
167.0 249.0
167.0 249.0
170.0 253.0
170.0 253.0
171.0 258.0
171.0 258.0
180.0 267.0
180.0 267.0
184.0 268.0
184.0 268.0
185.0 270.0
185.0 270.0
192.0 271.0
192.0 271.0
194.0 272.0
194.0 272.0
194.0 274.0
194.0 274.0
189.0 274.0
189.0 274.0
179.0 270.0
179.0 270.0
177.0 267.0
177.0 267.0
174.0 266.0
174.0 266.0
174.0 264.0
174.0 264.0
170.0 262.0
170.0 262.0
168.0 258.0
168.0 258.0
167.0 260.0
167.0 260.0
158.0 258.0
158.0 258.0
161.0 270.0
161.0 270.0
166.0 279.0
166.0 279.0
170.0 282.0
170.0 282.0
170.0 284.0
170.0 284.0
178.0 291.0
178.0 291.0
190.0 295.0
190.0 295.0
206.0 295.0
206.0 295.0
205.0 300.0
205.0 300.0
207.0 315.0
207.0 315.0
211.0 320.0
211.0 320.0
214.0 320.0
214.0 320.0
219.0 312.0
219.0 312.0
220.0 300.0
220.0 300.0
218.0 291.0
218.0 291.0
214.0 287.0
214.0 287.0
209.0 288.0
209.0 288.0
209.0 286.0
209.0 286.0
213.0 278.0
213.0 278.0
218.0 254.0
218.0 254.0
219.0 225.0
219.0 225.0
210.0 187.0
210.0 187.0
207.0 184.0
207.0 184.0
204.0 177.0
204.0 177.0
201.0 175.0
201.0 175.0
201.0 173.0
201.0 173.0
197.0 170.0
197.0 170.0
197.0 168.0
197.0 168.0
184.0 155.0
184.0 155.0
184.0 153.0
184.0 153.0
176.0 145.0
176.0 145.0
176.0 143.0
176.0 143.0
172.0 140.0
172.0 140.0
172.0 138.0
172.0 138.0
164.0 130.0
164.0 130.0
164.0 128.0
164.0 128.0
162.0 128.0
162.0 128.0
161.0 124.0
161.0 124.0
149.0 110.0
149.0 110.0
148.0 106.0
148.0 106.0
146.0 105.0
146.0 105.0
146.0 103.0
146.0 103.0
143.0 101.0
143.0 101.0
143.0 99.0
143.0 99.0
140.0 97.0
140.0 97.0
139.0 93.0
139.0 93.0
133.0 86.0
133.0 86.0
117.0 56.0
117.0 56.0
116.0 50.0
116.0 50.0
108.0 34.0
108.0 34.0
101.0 6.0
101.0 6.0
95.0 5.0
95.0 5.0
94.0 7.0
94.0 7.0
91.0 7.0
91.0 7.0
88.0 10.0
88.0 10.0
87.0 29.0


3

4
123.0 116.0
124.0 115.0
124.0 115.0
123.0 116.0


4

6
124.0 118.0
129.0 123.0
129.0 123.0
125.0 116.0
125.0 116.0
124.0 118.0


5

20
283.0 167.0
286.0 168.0
286.0 168.0
288.0 174.0
288.0 174.0
291.0 199.0
291.0 199.0
291.0 202.0
291.0 202.0
289.0 202.0
289.0 202.0
287.0 225.0
287.0 225.0
285.0 223.0
285.0 223.0
288.0 187.0
288.0 187.0
286.0 174.0
286.0 174.0
283.0 167.0


6

34
164.0 177.0
172.0 177.0
172.0 177.0
173.0 180.0
173.0 180.0
164.0 180.0
164.0 180.0
160.0 185.0
160.0 185.0
159.0 197.0
159.0 197.0
162.0 209.0
162.0 209.0
164.0 210.0
164.0 210.0
170.0 223.0
170.0 223.0
179.0 232.0
179.0 232.0
192.0 238.0
192.0 238.0
192.0 240.0
192.0 240.0
178.0 234.0
178.0 234.0
166.0 222.0
166.0 222.0
159.0 209.0
159.0 209.0
156.0 199.0
156.0 199.0
156.0 185.0
156.0 185.0
164.0 177.0


7

46
131.0 224.0
135.0 234.0
135.0 234.0
137.0 235.0
137.0 235.0
138.0 239.0
138.0 239.0
143.0 243.0
143.0 243.0
144.0 246.0
144.0 246.0
146.0 246.0
146.0 246.0
153.0 252.0
153.0 252.0
167.0 258.0
167.0 258.0
163.0 246.0
163.0 246.0
164.0 234.0
164.0 234.0
166.0 229.0
166.0 229.0
162.0 229.0
162.0 229.0
161.0 227.0
161.0 227.0
158.0 227.0
158.0 227.0
146.0 221.0
146.0 221.0
145.0 219.0
145.0 219.0
141.0 218.0
141.0 218.0
138.0 214.0
138.0 214.0
136.0 214.0
136.0 214.0
134.0 211.0
134.0 211.0
132.0 211.0
132.0 211.0
131.0 213.0
131.0 213.0
131.0 224.0


8

48
276.0 259.0
279.0 259.0
279.0 259.0
281.0 262.0
281.0 262.0
283.0 262.0
283.0 262.0
285.0 266.0
285.0 266.0
289.0 269.0
289.0 269.0
292.0 275.0
292.0 275.0
292.0 280.0
292.0 280.0
271.0 281.0
271.0 281.0
263.0 284.0
263.0 284.0
260.0 287.0
260.0 287.0
259.0 299.0
259.0 299.0
263.0 307.0
263.0 307.0
263.0 310.0
263.0 310.0
265.0 311.0
265.0 311.0
267.0 316.0
267.0 316.0
267.0 319.0
267.0 319.0
265.0 319.0
265.0 319.0
252.0 293.0
252.0 293.0
250.0 274.0
250.0 274.0
252.0 269.0
252.0 269.0
259.0 265.0
259.0 265.0
273.0 264.0
273.0 264.0
280.0 266.0
280.0 266.0
276.0 259.0


9

16
210.0 294.0
212.0 294.0
212.0 294.0
215.0 299.0
215.0 299.0
215.0 307.0
215.0 307.0
213.0 311.0
213.0 311.0
211.0 311.0
211.0 311.0
208.0 307.0
208.0 307.0
208.0 297.0
208.0 297.0
210.0 294.0


10

20
173.0 298.0
175.0 300.0
175.0 300.0
175.0 303.0
175.0 303.0
184.0 309.0
184.0 309.0
191.0 308.0
191.0 308.0
199.0 300.0
199.0 300.0
184.0 299.0
184.0 299.0
178.0 297.0
178.0 297.0
175.0 294.0
175.0 294.0
173.0 294.0
173.0 294.0
173.0 298.0


11

26
312.0 299.0
319.0 319.0
319.0 319.0
326.0 321.0
326.0 321.0
333.0 330.0
333.0 330.0
331.0 321.0
331.0 321.0
328.0 317.0
328.0 317.0
328.0 314.0
328.0 314.0
323.0 304.0
323.0 304.0
319.0 301.0
319.0 301.0
319.0 299.0
319.0 299.0
317.0 299.0
317.0 299.0
314.0 296.0
314.0 296.0
312.0 297.0
312.0 297.0
312.0 299.0


12

14
329.0 302.0
334.0 307.0
334.0 307.0
334.0 309.0
334.0 309.0
337.0 310.0
337.0 310.0
338.0 304.0
338.0 304.0
331.0 302.0
331.0 302.0
330.0 300.0
330.0 300.0
329.0 302.0


13

10
212.0 306.0
213.0 299.0
213.0 299.0
212.0 297.0
212.0 297.0
210.0 297.0
210.0 297.0
210.0 307.0
210.0 307.0
212.0 306.0


14

42
275.0 307.0
278.0 313.0
278.0 313.0
279.0 320.0
279.0 320.0
283.0 326.0
283.0 326.0
283.0 329.0
283.0 329.0
285.0 330.0
285.0 330.0
285.0 326.0
285.0 326.0
288.0 323.0
288.0 323.0
296.0 325.0
296.0 325.0
301.0 330.0
301.0 330.0
301.0 332.0
301.0 332.0
303.0 333.0
303.0 333.0
307.0 340.0
307.0 340.0
310.0 349.0
310.0 349.0
310.0 355.0
310.0 355.0
319.0 359.0
319.0 359.0
314.0 336.0
314.0 336.0
300.0 309.0
300.0 309.0
291.0 300.0
291.0 300.0
279.0 294.0
279.0 294.0
275.0 298.0
275.0 298.0
275.0 307.0


15

14
352.0 311.0
354.0 311.0
354.0 311.0
354.0 314.0
354.0 314.0
352.0 317.0
352.0 317.0
348.0 338.0
348.0 338.0
347.0 341.0
347.0 341.0
345.0 341.0
345.0 341.0
352.0 311.0


16

12
322.0 325.0
325.0 328.0
325.0 328.0
325.0 330.0
325.0 330.0
328.0 329.0
328.0 329.0
325.0 323.0
325.0 323.0
322.0 323.0
322.0 323.0
322.0 325.0


17

14
344.0 327.0
346.0 327.0
346.0 327.0
346.0 331.0
346.0 331.0
342.0 346.0
342.0 346.0
341.0 357.0
341.0 357.0
339.0 358.0
339.0 358.0
338.0 356.0
338.0 356.0
344.0 327.0


18

10
288.0 331.0
294.0 337.0
294.0 337.0
298.0 335.0
298.0 335.0
294.0 327.0
294.0 327.0
289.0 326.0
289.0 326.0
288.0 331.0


19

14
280.0 347.0
289.0 348.0
289.0 348.0
296.0 352.0
296.0 352.0
296.0 354.0
296.0 354.0
291.0 353.0
291.0 353.0
287.0 350.0
287.0 350.0
279.0 350.0
279.0 350.0
280.0 347.0


20

112
215.0 358.0
216.0 357.0
216.0 357.0
213.0 356.0
213.0 356.0
194.0 356.0
194.0 356.0
177.0 362.0
177.0 362.0
176.0 364.0
176.0 364.0
188.0 362.0
188.0 362.0
194.0 363.0
194.0 363.0
195.0 365.0
195.0 365.0
184.0 369.0
184.0 369.0
178.0 375.0
178.0 375.0
176.0 375.0
176.0 375.0
175.0 378.0
175.0 378.0
170.0 382.0
170.0 382.0
165.0 393.0
165.0 393.0
165.0 409.0
165.0 409.0
167.0 409.0
167.0 409.0
172.0 402.0
172.0 402.0
177.0 400.0
177.0 400.0
176.0 412.0
176.0 412.0
179.0 422.0
179.0 422.0
182.0 425.0
182.0 425.0
183.0 429.0
183.0 429.0
193.0 440.0
193.0 440.0
195.0 440.0
195.0 440.0
198.0 444.0
198.0 444.0
202.0 445.0
202.0 445.0
203.0 447.0
203.0 447.0
206.0 447.0
206.0 447.0
209.0 450.0
209.0 450.0
210.0 448.0
210.0 448.0
208.0 448.0
208.0 448.0
202.0 442.0
202.0 442.0
194.0 426.0
194.0 426.0
196.0 426.0
196.0 426.0
200.0 433.0
200.0 433.0
202.0 433.0
202.0 433.0
204.0 436.0
204.0 436.0
215.0 441.0
215.0 441.0
230.0 444.0
230.0 444.0
247.0 443.0
247.0 443.0
262.0 436.0
262.0 436.0
257.0 426.0
257.0 426.0
257.0 414.0
257.0 414.0
255.0 414.0
255.0 414.0
249.0 422.0
249.0 422.0
243.0 425.0
243.0 425.0
223.0 426.0
223.0 426.0
214.0 424.0
214.0 424.0
211.0 421.0
211.0 421.0
205.0 419.0
205.0 419.0
192.0 406.0
192.0 406.0
189.0 396.0
189.0 396.0
189.0 383.0
189.0 383.0
191.0 376.0
191.0 376.0
199.0 365.0
199.0 365.0
215.0 358.0


21

4
175.0 365.0
176.0 364.0
176.0 364.0
175.0 365.0


22

8
250.0 377.0
258.0 384.0
258.0 384.0
258.0 386.0
258.0 386.0
254.0 384.0
254.0 384.0
250.0 377.0


23

60
212.0 379.0
227.0 379.0
227.0 379.0
242.0 383.0
242.0 383.0
252.0 390.0
252.0 390.0
253.0 395.0
253.0 395.0
250.0 393.0
250.0 393.0
249.0 390.0
249.0 390.0
245.0 389.0
245.0 389.0
244.0 387.0
244.0 387.0
235.0 385.0
235.0 385.0
232.0 389.0
232.0 389.0
233.0 397.0
233.0 397.0
237.0 399.0
237.0 399.0
246.0 400.0
246.0 400.0
246.0 402.0
246.0 402.0
244.0 403.0
244.0 403.0
239.0 403.0
239.0 403.0
237.0 401.0
237.0 401.0
234.0 401.0
234.0 401.0
229.0 393.0
229.0 393.0
224.0 392.0
224.0 392.0
224.0 390.0
224.0 390.0
222.0 389.0
222.0 389.0
222.0 383.0
222.0 383.0
205.0 385.0
205.0 385.0
202.0 387.0
202.0 387.0
202.0 391.0
202.0 391.0
195.0 393.0
195.0 393.0
195.0 388.0
195.0 388.0
198.0 385.0
198.0 385.0
212.0 379.0


24

48
209.0 386.0
211.0 386.0
211.0 386.0
211.0 398.0
211.0 398.0
218.0 406.0
218.0 406.0
219.0 404.0
219.0 404.0
215.0 400.0
215.0 400.0
217.0 400.0
217.0 400.0
223.0 407.0
223.0 407.0
225.0 407.0
225.0 407.0
224.0 405.0
224.0 405.0
227.0 405.0
227.0 405.0
232.0 409.0
232.0 409.0
239.0 409.0
239.0 409.0
239.0 411.0
239.0 411.0
231.0 411.0
231.0 411.0
228.0 408.0
228.0 408.0
226.0 408.0
226.0 408.0
228.0 410.0
228.0 410.0
226.0 411.0
226.0 411.0
222.0 407.0
222.0 407.0
216.0 407.0
216.0 407.0
210.0 401.0
210.0 401.0
210.0 398.0
210.0 398.0
208.0 396.0
208.0 396.0
209.0 386.0


25

42
424.0 405.0
425.0 403.0
425.0 403.0
423.0 395.0
423.0 395.0
422.0 393.0
422.0 393.0
420.0 393.0
420.0 393.0
412.0 400.0
412.0 400.0
403.0 403.0
403.0 403.0
399.0 406.0
399.0 406.0
392.0 408.0
392.0 408.0
384.0 408.0
384.0 408.0
384.0 410.0
384.0 410.0
390.0 415.0
390.0 415.0
395.0 425.0
395.0 425.0
397.0 439.0
397.0 439.0
394.0 448.0
394.0 448.0
402.0 440.0
402.0 440.0
405.0 431.0
405.0 431.0
407.0 431.0
407.0 431.0
407.0 438.0
407.0 438.0
418.0 427.0
418.0 427.0
424.0 414.0
424.0 414.0
424.0 405.0


26

4
225.0 408.0
226.0 407.0
226.0 407.0
225.0 408.0


27

84
353.0 408.0
355.0 408.0
355.0 408.0
355.0 405.0
355.0 405.0
348.0 403.0
348.0 403.0
342.0 398.0
342.0 398.0
338.0 397.0
338.0 397.0
332.0 390.0
332.0 390.0
330.0 396.0
330.0 396.0
321.0 403.0
321.0 403.0
315.0 405.0
315.0 405.0
300.0 405.0
300.0 405.0
293.0 402.0
293.0 402.0
291.0 408.0
291.0 408.0
289.0 409.0
289.0 409.0
282.0 432.0
282.0 432.0
282.0 449.0
282.0 449.0
284.0 457.0
284.0 457.0
288.0 465.0
288.0 465.0
292.0 468.0
292.0 468.0
292.0 470.0
292.0 470.0
302.0 479.0
302.0 479.0
303.0 476.0
303.0 476.0
300.0 469.0
300.0 469.0
303.0 468.0
303.0 468.0
304.0 474.0
304.0 474.0
313.0 488.0
313.0 488.0
315.0 488.0
315.0 488.0
313.0 483.0
313.0 483.0
314.0 466.0
314.0 466.0
316.0 464.0
316.0 464.0
318.0 455.0
318.0 455.0
324.0 443.0
324.0 443.0
328.0 439.0
328.0 439.0
329.0 435.0
329.0 435.0
334.0 430.0
334.0 430.0
334.0 428.0
334.0 428.0
341.0 422.0
341.0 422.0
341.0 420.0
341.0 420.0
346.0 415.0
346.0 415.0
349.0 414.0
349.0 414.0
349.0 412.0
349.0 412.0
351.0 412.0
351.0 412.0
353.0 408.0


28

10
356.0 410.0
358.0 412.0
358.0 412.0
362.0 412.0
362.0 412.0
363.0 407.0
363.0 407.0
358.0 407.0
358.0 407.0
356.0 410.0


29

70
390.0 436.0
391.0 429.0
391.0 429.0
382.0 412.0
382.0 412.0
379.0 409.0
379.0 409.0
366.0 408.0
366.0 408.0
364.0 413.0
364.0 413.0
360.0 414.0
360.0 414.0
356.0 420.0
356.0 420.0
353.0 435.0
353.0 435.0
353.0 454.0
353.0 454.0
357.0 454.0
357.0 454.0
363.0 451.0
363.0 451.0
366.0 445.0
366.0 445.0
368.0 445.0
368.0 445.0
368.0 448.0
368.0 448.0
364.0 452.0
364.0 452.0
364.0 454.0
364.0 454.0
353.0 459.0
353.0 459.0
340.0 459.0
340.0 459.0
330.0 454.0
330.0 454.0
326.0 450.0
326.0 450.0
317.0 472.0
317.0 472.0
330.0 483.0
330.0 483.0
349.0 483.0
349.0 483.0
362.0 471.0
362.0 471.0
369.0 455.0
369.0 455.0
370.0 445.0
370.0 445.0
373.0 445.0
373.0 445.0
372.0 456.0
372.0 456.0
374.0 456.0
374.0 456.0
378.0 452.0
378.0 452.0
378.0 450.0
378.0 450.0
380.0 450.0
380.0 450.0
381.0 447.0
381.0 447.0
386.0 443.0
386.0 443.0
390.0 436.0


30

40
265.0 446.0
272.0 446.0
272.0 446.0
272.0 449.0
272.0 449.0
267.0 449.0
267.0 449.0
264.0 452.0
264.0 452.0
261.0 452.0
261.0 452.0
251.0 462.0
251.0 462.0
249.0 462.0
249.0 462.0
240.0 473.0
240.0 473.0
236.0 475.0
236.0 475.0
236.0 477.0
236.0 477.0
231.0 481.0
231.0 481.0
231.0 483.0
231.0 483.0
218.0 496.0
218.0 496.0
216.0 496.0
216.0 496.0
213.0 500.0
213.0 500.0
208.0 500.0
208.0 500.0
231.0 479.0
231.0 479.0
234.0 473.0
234.0 473.0
255.0 451.0
255.0 451.0
265.0 446.0


31

4
393.0 449.0
394.0 448.0
394.0 448.0
393.0 449.0


32

46
288.0 475.0
292.0 485.0
292.0 485.0
295.0 487.0
295.0 487.0
297.0 492.0
297.0 492.0
299.0 492.0
299.0 492.0
302.0 496.0
302.0 496.0
305.0 496.0
305.0 496.0
306.0 498.0
306.0 498.0
317.0 498.0
317.0 498.0
321.0 494.0
321.0 494.0
321.0 483.0
321.0 483.0
317.0 477.0
317.0 477.0
315.0 478.0
315.0 478.0
317.0 487.0
317.0 487.0
315.0 490.0
315.0 490.0
318.0 491.0
318.0 491.0
319.0 494.0
319.0 494.0
312.0 491.0
312.0 491.0
306.0 483.0
306.0 483.0
302.0 483.0
302.0 483.0
301.0 481.0
301.0 481.0
295.0 479.0
295.0 479.0
290.0 474.0
290.0 474.0
288.0 475.0


