1

132
92.0 3.0
218.0 193.0
218.0 193.0
220.0 265.0
220.0 265.0
262.0 249.0
262.0 249.0
240.0 145.0
240.0 145.0
266.0 248.0
266.0 248.0
296.0 224.0
296.0 224.0
258.0 8.0
258.0 8.0
245.0 63.0
245.0 63.0
272.0 153.0
272.0 153.0
245.0 85.0
245.0 85.0
238.0 108.0
238.0 108.0
278.0 165.0
278.0 165.0
276.0 241.0
276.0 241.0
233.0 110.0
233.0 110.0
260.0 5.0
260.0 5.0
303.0 186.0
303.0 186.0
288.0 253.0
288.0 253.0
320.0 221.0
320.0 221.0
301.0 263.0
301.0 263.0
344.0 242.0
344.0 242.0
302.0 270.0
302.0 270.0
219.0 269.0
219.0 269.0
208.0 337.0
208.0 337.0
222.0 355.0
222.0 355.0
246.0 285.0
246.0 285.0
233.0 315.0
233.0 315.0
275.0 342.0
275.0 342.0
255.0 337.0
255.0 337.0
278.0 379.0
278.0 379.0
267.0 364.0
267.0 364.0
265.0 392.0
265.0 392.0
263.0 335.0
263.0 335.0
232.0 316.0
232.0 316.0
223.0 356.0
223.0 356.0
259.0 383.0
259.0 383.0
207.0 363.0
207.0 363.0
202.0 411.0
202.0 411.0
257.0 404.0
257.0 404.0
276.0 434.0
276.0 434.0
286.0 385.0
286.0 385.0
330.0 390.0
330.0 390.0
291.0 358.0
291.0 358.0
277.0 292.0
277.0 292.0
343.0 397.0
343.0 397.0
423.0 378.0
423.0 378.0
421.0 284.0
421.0 284.0
363.0 269.0
363.0 269.0
328.0 339.0
328.0 339.0
309.0 262.0
309.0 262.0
338.0 300.0
338.0 300.0
376.0 260.0
376.0 260.0
434.0 296.0
434.0 296.0
431.0 414.0
431.0 414.0
355.0 500.0
355.0 500.0
276.0 500.0
276.0 500.0
274.0 440.0
274.0 440.0
203.0 439.0
203.0 439.0
216.0 455.0
216.0 455.0
174.0 406.0
174.0 406.0
164.0 424.0
164.0 424.0
173.0 363.0
173.0 363.0
208.0 351.0
208.0 351.0
113.0 187.0
113.0 187.0
130.0 165.0
130.0 165.0
84.0 40.0
84.0 40.0
92.0 3.0


2

30
87.0 29.0
129.0 125.0
129.0 125.0
196.0 199.0
196.0 199.0
206.0 257.0
206.0 257.0
191.0 194.0
191.0 194.0
110.0 107.0
110.0 107.0
153.0 185.0
153.0 185.0
122.0 164.0
122.0 164.0
119.0 187.0
119.0 187.0
170.0 228.0
170.0 228.0
194.0 274.0
194.0 274.0
161.0 270.0
161.0 270.0
214.0 320.0
214.0 320.0
210.0 187.0
210.0 187.0
101.0 6.0
101.0 6.0
87.0 29.0


3

2
123.0 116.0
123.0 116.0


4

2
124.0 118.0
124.0 118.0


5

4
283.0 167.0
287.0 225.0
287.0 225.0
283.0 167.0


6

6
164.0 177.0
192.0 240.0
192.0 240.0
159.0 209.0
159.0 209.0
164.0 177.0


7

6
131.0 224.0
167.0 258.0
167.0 258.0
166.0 229.0
166.0 229.0
131.0 224.0


8

10
276.0 259.0
292.0 280.0
292.0 280.0
260.0 287.0
260.0 287.0
265.0 319.0
265.0 319.0
250.0 274.0
250.0 274.0
276.0 259.0


9

4
210.0 294.0
213.0 311.0
213.0 311.0
210.0 294.0


10

4
173.0 298.0
199.0 300.0
199.0 300.0
173.0 298.0


11

4
312.0 299.0
333.0 330.0
333.0 330.0
312.0 299.0


12

2
329.0 302.0
329.0 302.0


13

2
212.0 306.0
212.0 306.0


14

6
275.0 307.0
319.0 359.0
319.0 359.0
300.0 309.0
300.0 309.0
275.0 307.0


15

4
352.0 311.0
345.0 341.0
345.0 341.0
352.0 311.0


16

2
322.0 325.0
322.0 325.0


17

4
344.0 327.0
339.0 358.0
339.0 358.0
344.0 327.0


18

2
288.0 331.0
288.0 331.0


19

4
280.0 347.0
296.0 354.0
296.0 354.0
280.0 347.0


20

20
215.0 358.0
177.0 362.0
177.0 362.0
195.0 365.0
195.0 365.0
165.0 393.0
165.0 393.0
209.0 450.0
209.0 450.0
194.0 426.0
194.0 426.0
262.0 436.0
262.0 436.0
257.0 414.0
257.0 414.0
223.0 426.0
223.0 426.0
192.0 406.0
192.0 406.0
215.0 358.0


21

2
175.0 365.0
175.0 365.0


22

2
250.0 377.0
250.0 377.0


23

6
212.0 379.0
253.0 395.0
253.0 395.0
195.0 393.0
195.0 393.0
212.0 379.0


24

4
209.0 386.0
239.0 411.0
239.0 411.0
209.0 386.0


25

6
424.0 405.0
384.0 408.0
384.0 408.0
394.0 448.0
394.0 448.0
424.0 405.0


26

2
225.0 408.0
225.0 408.0


27

10
353.0 408.0
332.0 390.0
332.0 390.0
289.0 409.0
289.0 409.0
284.0 457.0
284.0 457.0
313.0 488.0
313.0 488.0
353.0 408.0


28

2
356.0 410.0
356.0 410.0


29

12
390.0 436.0
366.0 408.0
366.0 408.0
364.0 454.0
364.0 454.0
326.0 450.0
326.0 450.0
317.0 472.0
317.0 472.0
349.0 483.0
349.0 483.0
390.0 436.0


30

4
265.0 446.0
208.0 500.0
208.0 500.0
265.0 446.0


31

2
393.0 449.0
393.0 449.0


32

4
288.0 475.0
321.0 494.0
321.0 494.0
288.0 475.0


