1

418
92.0 3.0
103.0 5.0
103.0 5.0
130.0 73.0
130.0 73.0
218.0 193.0
218.0 193.0
225.0 221.0
225.0 221.0
220.0 265.0
220.0 265.0
238.0 253.0
238.0 253.0
262.0 249.0
262.0 249.0
254.0 237.0
254.0 237.0
258.0 225.0
258.0 225.0
243.0 201.0
243.0 201.0
250.0 187.0
250.0 187.0
238.0 166.0
238.0 166.0
240.0 145.0
240.0 145.0
245.0 145.0
245.0 145.0
247.0 178.0
247.0 178.0
269.0 206.0
269.0 206.0
250.0 192.0
250.0 192.0
251.0 211.0
251.0 211.0
266.0 230.0
266.0 230.0
259.0 227.0
259.0 227.0
266.0 248.0
266.0 248.0
285.0 252.0
285.0 252.0
296.0 224.0
296.0 224.0
296.0 165.0
296.0 165.0
261.0 74.0
261.0 74.0
258.0 8.0
258.0 8.0
251.0 11.0
251.0 11.0
245.0 28.0
245.0 28.0
245.0 63.0
245.0 63.0
272.0 153.0
272.0 153.0
245.0 85.0
245.0 85.0
238.0 89.0
238.0 89.0
238.0 108.0
238.0 108.0
260.0 164.0
260.0 164.0
278.0 165.0
278.0 165.0
265.0 169.0
265.0 169.0
266.0 189.0
266.0 189.0
279.0 214.0
279.0 214.0
271.0 211.0
271.0 211.0
267.0 217.0
267.0 217.0
276.0 241.0
276.0 241.0
264.0 224.0
264.0 224.0
272.0 206.0
272.0 206.0
262.0 186.0
262.0 186.0
262.0 167.0
262.0 167.0
242.0 139.0
242.0 139.0
233.0 110.0
233.0 110.0
233.0 89.0
233.0 89.0
245.0 82.0
245.0 82.0
239.0 55.0
239.0 55.0
242.0 21.0
242.0 21.0
252.0 6.0
252.0 6.0
260.0 5.0
260.0 5.0
267.0 78.0
267.0 78.0
303.0 186.0
303.0 186.0
302.0 220.0
302.0 220.0
288.0 253.0
288.0 253.0
300.0 259.0
300.0 259.0
308.0 233.0
308.0 233.0
320.0 221.0
320.0 221.0
326.0 225.0
326.0 225.0
308.0 238.0
308.0 238.0
301.0 263.0
301.0 263.0
327.0 243.0
327.0 243.0
344.0 242.0
344.0 242.0
319.0 250.0
319.0 250.0
302.0 270.0
302.0 270.0
293.0 268.0
293.0 268.0
298.0 263.0
298.0 263.0
272.0 254.0
272.0 254.0
245.0 255.0
245.0 255.0
219.0 269.0
219.0 269.0
213.0 283.0
213.0 283.0
222.0 296.0
222.0 296.0
217.0 322.0
217.0 322.0
206.0 319.0
206.0 319.0
202.0 297.0
202.0 297.0
208.0 337.0
208.0 337.0
222.0 355.0
222.0 355.0
224.0 326.0
224.0 326.0
246.0 285.0
246.0 285.0
254.0 305.0
254.0 305.0
244.0 294.0
244.0 294.0
233.0 315.0
233.0 315.0
249.0 320.0
249.0 320.0
275.0 342.0
275.0 342.0
255.0 337.0
255.0 337.0
272.0 353.0
272.0 353.0
278.0 379.0
278.0 379.0
267.0 364.0
267.0 364.0
270.0 381.0
270.0 381.0
265.0 392.0
265.0 392.0
258.0 371.0
258.0 371.0
267.0 383.0
267.0 383.0
261.0 358.0
261.0 358.0
274.0 365.0
274.0 365.0
250.0 334.0
250.0 334.0
263.0 335.0
263.0 335.0
232.0 316.0
232.0 316.0
223.0 356.0
223.0 356.0
251.0 364.0
251.0 364.0
259.0 383.0
259.0 383.0
241.0 364.0
241.0 364.0
207.0 363.0
207.0 363.0
191.0 386.0
191.0 386.0
193.0 401.0
193.0 401.0
202.0 411.0
202.0 411.0
216.0 419.0
216.0 419.0
236.0 420.0
236.0 420.0
257.0 404.0
257.0 404.0
261.0 424.0
261.0 424.0
276.0 434.0
276.0 434.0
292.0 401.0
292.0 401.0
285.0 393.0
285.0 393.0
276.0 405.0
276.0 405.0
286.0 385.0
286.0 385.0
296.0 383.0
296.0 383.0
289.0 392.0
289.0 392.0
301.0 400.0
301.0 400.0
317.0 400.0
317.0 400.0
330.0 390.0
330.0 390.0
331.0 379.0
331.0 379.0
321.0 363.0
321.0 363.0
291.0 358.0
291.0 358.0
299.0 353.0
299.0 353.0
275.0 316.0
275.0 316.0
277.0 292.0
277.0 292.0
296.0 301.0
296.0 301.0
308.0 317.0
308.0 317.0
321.0 361.0
321.0 361.0
333.0 375.0
333.0 375.0
333.0 390.0
333.0 390.0
343.0 397.0
343.0 397.0
365.0 404.0
365.0 404.0
391.0 402.0
391.0 402.0
423.0 378.0
423.0 378.0
434.0 355.0
434.0 355.0
437.0 327.0
437.0 327.0
421.0 284.0
421.0 284.0
394.0 266.0
394.0 266.0
363.0 269.0
363.0 269.0
351.0 283.0
351.0 283.0
328.0 339.0
328.0 339.0
315.0 316.0
315.0 316.0
309.0 287.0
309.0 287.0
324.0 302.0
324.0 302.0
333.0 323.0
333.0 323.0
336.0 313.0
336.0 313.0
325.0 301.0
325.0 301.0
321.0 281.0
321.0 281.0
308.0 280.0
308.0 280.0
309.0 262.0
309.0 262.0
326.0 266.0
326.0 266.0
327.0 296.0
327.0 296.0
338.0 300.0
338.0 300.0
351.0 276.0
351.0 276.0
376.0 260.0
376.0 260.0
408.0 268.0
408.0 268.0
434.0 296.0
434.0 296.0
443.0 344.0
443.0 344.0
428.0 384.0
428.0 384.0
431.0 414.0
431.0 414.0
414.0 438.0
414.0 438.0
388.0 455.0
388.0 455.0
391.0 443.0
391.0 443.0
371.0 462.0
371.0 462.0
349.0 489.0
349.0 489.0
355.0 500.0
355.0 500.0
345.0 492.0
345.0 492.0
347.0 500.0
347.0 500.0
340.0 493.0
340.0 493.0
338.0 500.0
338.0 500.0
334.0 492.0
334.0 492.0
336.0 500.0
336.0 500.0
276.0 500.0
276.0 500.0
284.0 469.0
284.0 469.0
274.0 440.0
274.0 440.0
263.0 437.0
263.0 437.0
253.0 448.0
253.0 448.0
233.0 449.0
233.0 449.0
203.0 439.0
203.0 439.0
216.0 455.0
216.0 455.0
182.0 435.0
182.0 435.0
174.0 406.0
174.0 406.0
164.0 424.0
164.0 424.0
163.0 386.0
163.0 386.0
187.0 365.0
187.0 365.0
172.0 367.0
172.0 367.0
173.0 363.0
173.0 363.0
185.0 354.0
185.0 354.0
208.0 351.0
208.0 351.0
197.0 310.0
197.0 310.0
181.0 314.0
181.0 314.0
173.0 308.0
173.0 308.0
156.0 257.0
156.0 257.0
131.0 237.0
131.0 237.0
126.0 224.0
126.0 224.0
130.0 208.0
130.0 208.0
113.0 187.0
113.0 187.0
115.0 165.0
115.0 165.0
130.0 165.0
130.0 165.0
108.0 136.0
108.0 136.0
105.0 108.0
105.0 108.0
112.0 104.0
112.0 104.0
121.0 110.0
121.0 110.0
94.0 69.0
94.0 69.0
84.0 40.0
84.0 40.0
83.0 11.0
83.0 11.0
92.0 3.0


2

66
87.0 29.0
104.0 79.0
104.0 79.0
137.0 130.0
137.0 130.0
129.0 125.0
129.0 125.0
196.0 199.0
196.0 199.0
206.0 257.0
206.0 257.0
200.0 214.0
200.0 214.0
191.0 194.0
191.0 194.0
110.0 107.0
110.0 107.0
117.0 142.0
117.0 142.0
153.0 185.0
153.0 185.0
122.0 164.0
122.0 164.0
117.0 170.0
117.0 170.0
119.0 187.0
119.0 187.0
136.0 209.0
136.0 209.0
170.0 228.0
170.0 228.0
171.0 258.0
171.0 258.0
194.0 274.0
194.0 274.0
179.0 270.0
179.0 270.0
168.0 258.0
168.0 258.0
158.0 258.0
158.0 258.0
161.0 270.0
161.0 270.0
178.0 291.0
178.0 291.0
206.0 295.0
206.0 295.0
207.0 315.0
207.0 315.0
214.0 320.0
214.0 320.0
220.0 300.0
220.0 300.0
209.0 286.0
209.0 286.0
219.0 225.0
219.0 225.0
210.0 187.0
210.0 187.0
133.0 86.0
133.0 86.0
101.0 6.0
101.0 6.0
88.0 10.0
88.0 10.0
87.0 29.0


3

2
123.0 116.0
123.0 116.0


4

4
124.0 118.0
129.0 123.0
129.0 123.0
124.0 118.0


5

6
283.0 167.0
291.0 199.0
291.0 199.0
287.0 225.0
287.0 225.0
283.0 167.0


6

16
164.0 177.0
173.0 180.0
173.0 180.0
160.0 185.0
160.0 185.0
162.0 209.0
162.0 209.0
192.0 240.0
192.0 240.0
178.0 234.0
178.0 234.0
159.0 209.0
159.0 209.0
156.0 185.0
156.0 185.0
164.0 177.0


7

10
131.0 224.0
144.0 246.0
144.0 246.0
167.0 258.0
167.0 258.0
166.0 229.0
166.0 229.0
134.0 211.0
134.0 211.0
131.0 224.0


8

18
276.0 259.0
289.0 269.0
289.0 269.0
292.0 280.0
292.0 280.0
260.0 287.0
260.0 287.0
265.0 319.0
265.0 319.0
252.0 293.0
252.0 293.0
250.0 274.0
250.0 274.0
259.0 265.0
259.0 265.0
280.0 266.0
280.0 266.0
276.0 259.0


9

8
210.0 294.0
215.0 299.0
215.0 299.0
213.0 311.0
213.0 311.0
208.0 307.0
208.0 307.0
210.0 294.0


10

8
173.0 298.0
184.0 309.0
184.0 309.0
199.0 300.0
199.0 300.0
175.0 294.0
175.0 294.0
173.0 298.0


11

8
312.0 299.0
319.0 319.0
319.0 319.0
333.0 330.0
333.0 330.0
323.0 304.0
323.0 304.0
312.0 299.0


12

6
329.0 302.0
337.0 310.0
337.0 310.0
338.0 304.0
338.0 304.0
329.0 302.0


13

4
212.0 306.0
210.0 297.0
210.0 297.0
212.0 306.0


14

16
275.0 307.0
283.0 329.0
283.0 329.0
288.0 323.0
288.0 323.0
296.0 325.0
296.0 325.0
310.0 355.0
310.0 355.0
319.0 359.0
319.0 359.0
300.0 309.0
300.0 309.0
279.0 294.0
279.0 294.0
275.0 307.0


15

4
352.0 311.0
345.0 341.0
345.0 341.0
352.0 311.0


16

4
322.0 325.0
328.0 329.0
328.0 329.0
322.0 325.0


17

4
344.0 327.0
339.0 358.0
339.0 358.0
344.0 327.0


18

6
288.0 331.0
298.0 335.0
298.0 335.0
294.0 327.0
294.0 327.0
288.0 331.0


19

4
280.0 347.0
296.0 354.0
296.0 354.0
280.0 347.0


20

38
215.0 358.0
194.0 356.0
194.0 356.0
177.0 362.0
177.0 362.0
195.0 365.0
195.0 365.0
176.0 375.0
176.0 375.0
165.0 393.0
165.0 393.0
165.0 409.0
165.0 409.0
177.0 400.0
177.0 400.0
183.0 429.0
183.0 429.0
209.0 450.0
209.0 450.0
194.0 426.0
194.0 426.0
204.0 436.0
204.0 436.0
230.0 444.0
230.0 444.0
262.0 436.0
262.0 436.0
257.0 414.0
257.0 414.0
243.0 425.0
243.0 425.0
223.0 426.0
223.0 426.0
192.0 406.0
192.0 406.0
191.0 376.0
191.0 376.0
215.0 358.0


21

2
175.0 365.0
175.0 365.0


22

4
250.0 377.0
258.0 386.0
258.0 386.0
250.0 377.0


23

24
212.0 379.0
242.0 383.0
242.0 383.0
253.0 395.0
253.0 395.0
235.0 385.0
235.0 385.0
233.0 397.0
233.0 397.0
246.0 400.0
246.0 400.0
239.0 403.0
239.0 403.0
224.0 392.0
224.0 392.0
222.0 383.0
222.0 383.0
205.0 385.0
205.0 385.0
195.0 393.0
195.0 393.0
198.0 385.0
198.0 385.0
212.0 379.0


24

12
209.0 386.0
218.0 406.0
218.0 406.0
215.0 400.0
215.0 400.0
239.0 411.0
239.0 411.0
216.0 407.0
216.0 407.0
208.0 396.0
208.0 396.0
209.0 386.0


25

16
424.0 405.0
420.0 393.0
420.0 393.0
384.0 408.0
384.0 408.0
395.0 425.0
395.0 425.0
394.0 448.0
394.0 448.0
405.0 431.0
405.0 431.0
407.0 438.0
407.0 438.0
418.0 427.0
418.0 427.0
424.0 405.0


26

2
225.0 408.0
225.0 408.0


27

22
353.0 408.0
332.0 390.0
332.0 390.0
321.0 403.0
321.0 403.0
293.0 402.0
293.0 402.0
289.0 409.0
289.0 409.0
282.0 432.0
282.0 432.0
284.0 457.0
284.0 457.0
302.0 479.0
302.0 479.0
303.0 468.0
303.0 468.0
313.0 488.0
313.0 488.0
318.0 455.0
318.0 455.0
353.0 408.0


28

6
356.0 410.0
362.0 412.0
362.0 412.0
363.0 407.0
363.0 407.0
356.0 410.0


29

30
390.0 436.0
382.0 412.0
382.0 412.0
366.0 408.0
366.0 408.0
353.0 435.0
353.0 435.0
353.0 454.0
353.0 454.0
368.0 445.0
368.0 445.0
364.0 454.0
364.0 454.0
340.0 459.0
340.0 459.0
326.0 450.0
326.0 450.0
317.0 472.0
317.0 472.0
330.0 483.0
330.0 483.0
349.0 483.0
349.0 483.0
362.0 471.0
362.0 471.0
370.0 445.0
370.0 445.0
374.0 456.0
374.0 456.0
390.0 436.0


30

8
265.0 446.0
272.0 449.0
272.0 449.0
261.0 452.0
261.0 452.0
208.0 500.0
208.0 500.0
265.0 446.0


31

2
393.0 449.0
393.0 449.0


32

10
288.0 475.0
302.0 496.0
302.0 496.0
321.0 494.0
321.0 494.0
317.0 477.0
317.0 477.0
319.0 494.0
319.0 494.0
288.0 475.0


