1

678
92.0 3.0
103.0 5.0
103.0 5.0
109.0 28.0
109.0 28.0
130.0 73.0
130.0 73.0
161.0 120.0
161.0 120.0
207.0 175.0
207.0 175.0
218.0 193.0
218.0 193.0
225.0 221.0
225.0 221.0
225.0 248.0
225.0 248.0
220.0 265.0
220.0 265.0
238.0 253.0
238.0 253.0
262.0 249.0
262.0 249.0
254.0 237.0
254.0 237.0
258.0 225.0
258.0 225.0
249.0 215.0
249.0 215.0
243.0 201.0
243.0 201.0
245.0 192.0
245.0 192.0
250.0 187.0
250.0 187.0
238.0 166.0
238.0 166.0
237.0 152.0
237.0 152.0
240.0 145.0
240.0 145.0
245.0 145.0
245.0 145.0
243.0 164.0
243.0 164.0
247.0 178.0
247.0 178.0
260.0 198.0
260.0 198.0
269.0 206.0
269.0 206.0
266.0 207.0
266.0 207.0
253.0 191.0
253.0 191.0
250.0 192.0
250.0 192.0
251.0 211.0
251.0 211.0
266.0 230.0
266.0 230.0
264.0 232.0
264.0 232.0
259.0 227.0
259.0 227.0
260.0 239.0
260.0 239.0
266.0 248.0
266.0 248.0
285.0 252.0
285.0 252.0
296.0 224.0
296.0 224.0
299.0 196.0
299.0 196.0
296.0 165.0
296.0 165.0
275.0 118.0
275.0 118.0
261.0 74.0
261.0 74.0
256.0 27.0
256.0 27.0
258.0 8.0
258.0 8.0
251.0 11.0
251.0 11.0
245.0 28.0
245.0 28.0
245.0 63.0
245.0 63.0
252.0 94.0
252.0 94.0
272.0 153.0
272.0 153.0
265.0 141.0
265.0 141.0
245.0 85.0
245.0 85.0
240.0 85.0
240.0 85.0
238.0 89.0
238.0 89.0
238.0 108.0
238.0 108.0
244.0 134.0
244.0 134.0
260.0 164.0
260.0 164.0
263.0 167.0
263.0 167.0
268.0 162.0
268.0 162.0
278.0 165.0
278.0 165.0
276.0 167.0
276.0 167.0
269.0 164.0
269.0 164.0
265.0 169.0
265.0 169.0
266.0 189.0
266.0 189.0
279.0 214.0
279.0 214.0
271.0 211.0
271.0 211.0
267.0 217.0
267.0 217.0
270.0 231.0
270.0 231.0
276.0 241.0
276.0 241.0
270.0 236.0
270.0 236.0
264.0 224.0
264.0 224.0
265.0 212.0
265.0 212.0
272.0 206.0
272.0 206.0
262.0 186.0
262.0 186.0
262.0 167.0
262.0 167.0
242.0 139.0
242.0 139.0
233.0 110.0
233.0 110.0
233.0 89.0
233.0 89.0
238.0 82.0
238.0 82.0
245.0 82.0
245.0 82.0
239.0 55.0
239.0 55.0
242.0 21.0
242.0 21.0
252.0 6.0
252.0 6.0
260.0 5.0
260.0 5.0
262.0 50.0
262.0 50.0
267.0 78.0
267.0 78.0
278.0 115.0
278.0 115.0
299.0 166.0
299.0 166.0
303.0 186.0
303.0 186.0
302.0 220.0
302.0 220.0
288.0 253.0
288.0 253.0
300.0 259.0
300.0 259.0
301.0 248.0
301.0 248.0
308.0 233.0
308.0 233.0
320.0 221.0
320.0 221.0
326.0 221.0
326.0 221.0
326.0 225.0
326.0 225.0
317.0 228.0
317.0 228.0
308.0 238.0
308.0 238.0
302.0 252.0
302.0 252.0
301.0 263.0
301.0 263.0
327.0 243.0
327.0 243.0
344.0 242.0
344.0 242.0
344.0 246.0
344.0 246.0
331.0 245.0
331.0 245.0
319.0 250.0
319.0 250.0
304.0 263.0
304.0 263.0
307.0 268.0
307.0 268.0
301.0 266.0
301.0 266.0
302.0 270.0
302.0 270.0
293.0 268.0
293.0 268.0
298.0 268.0
298.0 268.0
298.0 263.0
298.0 263.0
272.0 254.0
272.0 254.0
245.0 255.0
245.0 255.0
231.0 260.0
231.0 260.0
219.0 269.0
219.0 269.0
213.0 283.0
213.0 283.0
222.0 296.0
222.0 296.0
222.0 311.0
222.0 311.0
217.0 322.0
217.0 322.0
210.0 323.0
210.0 323.0
206.0 319.0
206.0 319.0
202.0 297.0
202.0 297.0
202.0 317.0
202.0 317.0
208.0 337.0
208.0 337.0
212.0 338.0
212.0 338.0
213.0 345.0
213.0 345.0
222.0 355.0
222.0 355.0
220.0 344.0
220.0 344.0
224.0 326.0
224.0 326.0
237.0 300.0
237.0 300.0
245.0 292.0
245.0 292.0
246.0 285.0
246.0 285.0
254.0 305.0
254.0 305.0
244.0 294.0
244.0 294.0
233.0 315.0
233.0 315.0
249.0 320.0
249.0 320.0
275.0 342.0
275.0 342.0
272.0 344.0
272.0 344.0
255.0 337.0
255.0 337.0
272.0 353.0
272.0 353.0
278.0 379.0
278.0 379.0
267.0 364.0
267.0 364.0
270.0 381.0
270.0 381.0
265.0 392.0
265.0 392.0
265.0 385.0
265.0 385.0
258.0 371.0
258.0 371.0
259.0 368.0
259.0 368.0
267.0 383.0
267.0 383.0
261.0 358.0
261.0 358.0
265.0 358.0
265.0 358.0
273.0 368.0
273.0 368.0
274.0 365.0
274.0 365.0
264.0 348.0
264.0 348.0
252.0 339.0
252.0 339.0
250.0 334.0
250.0 334.0
263.0 335.0
263.0 335.0
246.0 322.0
246.0 322.0
232.0 316.0
232.0 316.0
224.0 337.0
224.0 337.0
223.0 356.0
223.0 356.0
251.0 364.0
251.0 364.0
259.0 375.0
259.0 375.0
259.0 383.0
259.0 383.0
249.0 375.0
249.0 375.0
249.0 372.0
249.0 372.0
255.0 378.0
255.0 378.0
256.0 375.0
256.0 375.0
241.0 364.0
241.0 364.0
229.0 361.0
229.0 361.0
207.0 363.0
207.0 363.0
198.0 370.0
198.0 370.0
191.0 386.0
191.0 386.0
193.0 401.0
193.0 401.0
202.0 411.0
202.0 411.0
216.0 419.0
216.0 419.0
236.0 420.0
236.0 420.0
249.0 415.0
249.0 415.0
257.0 404.0
257.0 404.0
261.0 424.0
261.0 424.0
267.0 431.0
267.0 431.0
276.0 434.0
276.0 434.0
279.0 420.0
279.0 420.0
292.0 401.0
292.0 401.0
285.0 393.0
285.0 393.0
276.0 405.0
276.0 405.0
277.0 397.0
277.0 397.0
286.0 385.0
286.0 385.0
296.0 383.0
296.0 383.0
298.0 386.0
298.0 386.0
289.0 392.0
289.0 392.0
301.0 400.0
301.0 400.0
317.0 400.0
317.0 400.0
330.0 390.0
330.0 390.0
331.0 379.0
331.0 379.0
321.0 363.0
321.0 363.0
307.0 357.0
307.0 357.0
291.0 358.0
291.0 358.0
299.0 353.0
299.0 353.0
283.0 334.0
283.0 334.0
275.0 316.0
275.0 316.0
273.0 297.0
273.0 297.0
277.0 292.0
277.0 292.0
286.0 294.0
286.0 294.0
296.0 301.0
296.0 301.0
308.0 317.0
308.0 317.0
318.0 341.0
318.0 341.0
321.0 361.0
321.0 361.0
328.0 366.0
328.0 366.0
333.0 375.0
333.0 375.0
333.0 390.0
333.0 390.0
343.0 397.0
343.0 397.0
356.0 402.0
356.0 402.0
358.0 399.0
358.0 399.0
365.0 404.0
365.0 404.0
367.0 401.0
367.0 401.0
372.0 404.0
372.0 404.0
391.0 402.0
391.0 402.0
390.0 398.0
390.0 398.0
400.0 397.0
400.0 397.0
423.0 378.0
423.0 378.0
434.0 355.0
434.0 355.0
437.0 327.0
437.0 327.0
431.0 300.0
431.0 300.0
421.0 284.0
421.0 284.0
394.0 266.0
394.0 266.0
376.0 264.0
376.0 264.0
363.0 269.0
363.0 269.0
351.0 283.0
351.0 283.0
342.0 304.0
342.0 304.0
336.0 329.0
336.0 329.0
333.0 336.0
333.0 336.0
328.0 339.0
328.0 339.0
315.0 316.0
315.0 316.0
309.0 287.0
309.0 287.0
311.0 294.0
311.0 294.0
317.0 295.0
317.0 295.0
324.0 302.0
324.0 302.0
333.0 323.0
333.0 323.0
336.0 313.0
336.0 313.0
325.0 301.0
325.0 301.0
321.0 281.0
321.0 281.0
318.0 278.0
318.0 278.0
308.0 280.0
308.0 280.0
309.0 262.0
309.0 262.0
311.0 265.0
311.0 265.0
322.0 262.0
322.0 262.0
326.0 266.0
326.0 266.0
327.0 296.0
327.0 296.0
338.0 300.0
338.0 300.0
341.0 299.0
341.0 299.0
351.0 276.0
351.0 276.0
364.0 264.0
364.0 264.0
376.0 260.0
376.0 260.0
387.0 260.0
387.0 260.0
408.0 268.0
408.0 268.0
426.0 284.0
426.0 284.0
434.0 296.0
434.0 296.0
442.0 317.0
442.0 317.0
443.0 344.0
443.0 344.0
438.0 366.0
438.0 366.0
428.0 384.0
428.0 384.0
432.0 395.0
432.0 395.0
431.0 414.0
431.0 414.0
424.0 428.0
424.0 428.0
414.0 438.0
414.0 438.0
388.0 455.0
388.0 455.0
393.0 444.0
393.0 444.0
391.0 443.0
391.0 443.0
382.0 455.0
382.0 455.0
371.0 462.0
371.0 462.0
362.0 478.0
362.0 478.0
349.0 489.0
349.0 489.0
355.0 500.0
355.0 500.0
349.0 500.0
349.0 500.0
345.0 492.0
345.0 492.0
347.0 500.0
347.0 500.0
344.0 500.0
344.0 500.0
340.0 493.0
340.0 493.0
338.0 494.0
338.0 494.0
342.0 500.0
342.0 500.0
338.0 500.0
338.0 500.0
334.0 492.0
334.0 492.0
336.0 500.0
336.0 500.0
276.0 500.0
276.0 500.0
283.0 484.0
283.0 484.0
284.0 469.0
284.0 469.0
278.0 458.0
278.0 458.0
274.0 440.0
274.0 440.0
263.0 437.0
263.0 437.0
253.0 448.0
253.0 448.0
233.0 449.0
233.0 449.0
203.0 439.0
203.0 439.0
212.0 451.0
212.0 451.0
219.0 453.0
219.0 453.0
216.0 455.0
216.0 455.0
197.0 448.0
197.0 448.0
182.0 435.0
182.0 435.0
175.0 422.0
175.0 422.0
174.0 406.0
174.0 406.0
168.0 413.0
168.0 413.0
167.0 426.0
167.0 426.0
164.0 424.0
164.0 424.0
164.0 411.0
164.0 411.0
161.0 406.0
161.0 406.0
163.0 386.0
163.0 386.0
171.0 374.0
171.0 374.0
187.0 365.0
187.0 365.0
172.0 367.0
172.0 367.0
173.0 363.0
173.0 363.0
185.0 354.0
185.0 354.0
208.0 351.0
208.0 351.0
199.0 331.0
199.0 331.0
197.0 310.0
197.0 310.0
181.0 314.0
181.0 314.0
173.0 308.0
173.0 308.0
170.0 290.0
170.0 290.0
163.0 284.0
163.0 284.0
157.0 272.0
157.0 272.0
156.0 257.0
156.0 257.0
144.0 251.0
144.0 251.0
131.0 237.0
131.0 237.0
126.0 224.0
126.0 224.0
130.0 208.0
130.0 208.0
120.0 199.0
120.0 199.0
113.0 187.0
113.0 187.0
112.0 173.0
112.0 173.0
115.0 165.0
115.0 165.0
121.0 161.0
121.0 161.0
130.0 165.0
130.0 165.0
119.0 154.0
119.0 154.0
108.0 136.0
108.0 136.0
104.0 124.0
104.0 124.0
105.0 108.0
105.0 108.0
112.0 104.0
112.0 104.0
120.0 112.0
120.0 112.0
121.0 110.0
121.0 110.0
94.0 69.0
94.0 69.0
84.0 40.0
84.0 40.0
83.0 11.0
83.0 11.0
92.0 3.0


2

114
87.0 29.0
95.0 59.0
95.0 59.0
104.0 79.0
104.0 79.0
137.0 130.0
137.0 130.0
130.0 123.0
130.0 123.0
129.0 125.0
129.0 125.0
152.0 151.0
152.0 151.0
141.0 135.0
141.0 135.0
148.0 141.0
148.0 141.0
196.0 199.0
196.0 199.0
203.0 219.0
203.0 219.0
206.0 257.0
206.0 257.0
197.0 217.0
197.0 217.0
200.0 214.0
200.0 214.0
191.0 194.0
191.0 194.0
157.0 155.0
157.0 155.0
145.0 148.0
145.0 148.0
119.0 113.0
119.0 113.0
110.0 107.0
110.0 107.0
109.0 120.0
109.0 120.0
117.0 142.0
117.0 142.0
141.0 175.0
141.0 175.0
153.0 185.0
153.0 185.0
147.0 185.0
147.0 185.0
122.0 164.0
122.0 164.0
117.0 170.0
117.0 170.0
119.0 187.0
119.0 187.0
136.0 209.0
136.0 209.0
159.0 225.0
159.0 225.0
170.0 228.0
170.0 228.0
167.0 234.0
167.0 234.0
167.0 249.0
167.0 249.0
171.0 258.0
171.0 258.0
180.0 267.0
180.0 267.0
194.0 274.0
194.0 274.0
179.0 270.0
179.0 270.0
168.0 258.0
168.0 258.0
158.0 258.0
158.0 258.0
161.0 270.0
161.0 270.0
178.0 291.0
178.0 291.0
190.0 295.0
190.0 295.0
206.0 295.0
206.0 295.0
207.0 315.0
207.0 315.0
214.0 320.0
214.0 320.0
219.0 312.0
219.0 312.0
220.0 300.0
220.0 300.0
218.0 291.0
218.0 291.0
209.0 286.0
209.0 286.0
218.0 254.0
218.0 254.0
219.0 225.0
219.0 225.0
210.0 187.0
210.0 187.0
162.0 128.0
162.0 128.0
133.0 86.0
133.0 86.0
108.0 34.0
108.0 34.0
101.0 6.0
101.0 6.0
95.0 5.0
95.0 5.0
88.0 10.0
88.0 10.0
87.0 29.0


3

2
123.0 116.0
123.0 116.0


4

6
124.0 118.0
129.0 123.0
129.0 123.0
125.0 116.0
125.0 116.0
124.0 118.0


5

12
283.0 167.0
288.0 174.0
288.0 174.0
291.0 199.0
291.0 199.0
287.0 225.0
287.0 225.0
285.0 223.0
285.0 223.0
288.0 187.0
288.0 187.0
283.0 167.0


6

24
164.0 177.0
172.0 177.0
172.0 177.0
173.0 180.0
173.0 180.0
164.0 180.0
164.0 180.0
160.0 185.0
160.0 185.0
162.0 209.0
162.0 209.0
170.0 223.0
170.0 223.0
192.0 240.0
192.0 240.0
178.0 234.0
178.0 234.0
166.0 222.0
166.0 222.0
159.0 209.0
159.0 209.0
156.0 185.0
156.0 185.0
164.0 177.0


7

16
131.0 224.0
144.0 246.0
144.0 246.0
167.0 258.0
167.0 258.0
163.0 246.0
163.0 246.0
166.0 229.0
166.0 229.0
146.0 221.0
146.0 221.0
134.0 211.0
134.0 211.0
131.0 213.0
131.0 213.0
131.0 224.0


8

26
276.0 259.0
289.0 269.0
289.0 269.0
292.0 280.0
292.0 280.0
271.0 281.0
271.0 281.0
260.0 287.0
260.0 287.0
259.0 299.0
259.0 299.0
267.0 316.0
267.0 316.0
265.0 319.0
265.0 319.0
252.0 293.0
252.0 293.0
250.0 274.0
250.0 274.0
252.0 269.0
252.0 269.0
259.0 265.0
259.0 265.0
280.0 266.0
280.0 266.0
276.0 259.0


9

8
210.0 294.0
215.0 299.0
215.0 299.0
213.0 311.0
213.0 311.0
208.0 307.0
208.0 307.0
210.0 294.0


10

14
173.0 298.0
175.0 303.0
175.0 303.0
184.0 309.0
184.0 309.0
191.0 308.0
191.0 308.0
199.0 300.0
199.0 300.0
184.0 299.0
184.0 299.0
175.0 294.0
175.0 294.0
173.0 298.0


11

12
312.0 299.0
319.0 319.0
319.0 319.0
326.0 321.0
326.0 321.0
333.0 330.0
333.0 330.0
323.0 304.0
323.0 304.0
314.0 296.0
314.0 296.0
312.0 299.0


12

8
329.0 302.0
337.0 310.0
337.0 310.0
338.0 304.0
338.0 304.0
330.0 300.0
330.0 300.0
329.0 302.0


13

8
212.0 306.0
213.0 299.0
213.0 299.0
210.0 297.0
210.0 297.0
210.0 307.0
210.0 307.0
212.0 306.0


14

26
275.0 307.0
283.0 329.0
283.0 329.0
285.0 330.0
285.0 330.0
288.0 323.0
288.0 323.0
296.0 325.0
296.0 325.0
307.0 340.0
307.0 340.0
310.0 355.0
310.0 355.0
319.0 359.0
319.0 359.0
314.0 336.0
314.0 336.0
300.0 309.0
300.0 309.0
291.0 300.0
291.0 300.0
279.0 294.0
279.0 294.0
275.0 298.0
275.0 298.0
275.0 307.0


15

6
352.0 311.0
354.0 314.0
354.0 314.0
345.0 341.0
345.0 341.0
352.0 311.0


16

8
322.0 325.0
325.0 330.0
325.0 330.0
328.0 329.0
328.0 329.0
325.0 323.0
325.0 323.0
322.0 325.0


17

6
344.0 327.0
346.0 331.0
346.0 331.0
339.0 358.0
339.0 358.0
344.0 327.0


18

10
288.0 331.0
294.0 337.0
294.0 337.0
298.0 335.0
298.0 335.0
294.0 327.0
294.0 327.0
289.0 326.0
289.0 326.0
288.0 331.0


19

8
280.0 347.0
289.0 348.0
289.0 348.0
296.0 354.0
296.0 354.0
279.0 350.0
279.0 350.0
280.0 347.0


20

56
215.0 358.0
194.0 356.0
194.0 356.0
177.0 362.0
177.0 362.0
176.0 364.0
176.0 364.0
188.0 362.0
188.0 362.0
195.0 365.0
195.0 365.0
176.0 375.0
176.0 375.0
165.0 393.0
165.0 393.0
165.0 409.0
165.0 409.0
177.0 400.0
177.0 400.0
176.0 412.0
176.0 412.0
183.0 429.0
183.0 429.0
193.0 440.0
193.0 440.0
209.0 450.0
209.0 450.0
194.0 426.0
194.0 426.0
204.0 436.0
204.0 436.0
230.0 444.0
230.0 444.0
247.0 443.0
247.0 443.0
262.0 436.0
262.0 436.0
257.0 426.0
257.0 426.0
257.0 414.0
257.0 414.0
243.0 425.0
243.0 425.0
223.0 426.0
223.0 426.0
205.0 419.0
205.0 419.0
192.0 406.0
192.0 406.0
189.0 396.0
189.0 396.0
191.0 376.0
191.0 376.0
199.0 365.0
199.0 365.0
215.0 358.0


21

2
175.0 365.0
175.0 365.0


22

4
250.0 377.0
258.0 386.0
258.0 386.0
250.0 377.0


23

36
212.0 379.0
242.0 383.0
242.0 383.0
252.0 390.0
252.0 390.0
253.0 395.0
253.0 395.0
244.0 387.0
244.0 387.0
235.0 385.0
235.0 385.0
232.0 389.0
232.0 389.0
233.0 397.0
233.0 397.0
246.0 400.0
246.0 400.0
239.0 403.0
239.0 403.0
234.0 401.0
234.0 401.0
229.0 393.0
229.0 393.0
224.0 392.0
224.0 392.0
222.0 383.0
222.0 383.0
205.0 385.0
205.0 385.0
202.0 391.0
202.0 391.0
195.0 393.0
195.0 393.0
198.0 385.0
198.0 385.0
212.0 379.0


24

26
209.0 386.0
211.0 398.0
211.0 398.0
218.0 406.0
218.0 406.0
215.0 400.0
215.0 400.0
223.0 407.0
223.0 407.0
227.0 405.0
227.0 405.0
239.0 411.0
239.0 411.0
231.0 411.0
231.0 411.0
228.0 408.0
228.0 408.0
226.0 411.0
226.0 411.0
222.0 407.0
222.0 407.0
216.0 407.0
216.0 407.0
208.0 396.0
208.0 396.0
209.0 386.0


25

26
424.0 405.0
423.0 395.0
423.0 395.0
420.0 393.0
420.0 393.0
399.0 406.0
399.0 406.0
384.0 408.0
384.0 408.0
395.0 425.0
395.0 425.0
397.0 439.0
397.0 439.0
394.0 448.0
394.0 448.0
402.0 440.0
402.0 440.0
405.0 431.0
405.0 431.0
407.0 438.0
407.0 438.0
418.0 427.0
418.0 427.0
424.0 414.0
424.0 414.0
424.0 405.0


26

2
225.0 408.0
225.0 408.0


27

38
353.0 408.0
355.0 405.0
355.0 405.0
338.0 397.0
338.0 397.0
332.0 390.0
332.0 390.0
330.0 396.0
330.0 396.0
321.0 403.0
321.0 403.0
300.0 405.0
300.0 405.0
293.0 402.0
293.0 402.0
289.0 409.0
289.0 409.0
282.0 432.0
282.0 432.0
284.0 457.0
284.0 457.0
292.0 470.0
292.0 470.0
302.0 479.0
302.0 479.0
300.0 469.0
300.0 469.0
303.0 468.0
303.0 468.0
313.0 488.0
313.0 488.0
314.0 466.0
314.0 466.0
318.0 455.0
318.0 455.0
334.0 428.0
334.0 428.0
353.0 408.0


28

6
356.0 410.0
362.0 412.0
362.0 412.0
363.0 407.0
363.0 407.0
356.0 410.0


29

42
390.0 436.0
391.0 429.0
391.0 429.0
382.0 412.0
382.0 412.0
379.0 409.0
379.0 409.0
366.0 408.0
366.0 408.0
356.0 420.0
356.0 420.0
353.0 435.0
353.0 435.0
353.0 454.0
353.0 454.0
363.0 451.0
363.0 451.0
368.0 445.0
368.0 445.0
364.0 454.0
364.0 454.0
353.0 459.0
353.0 459.0
340.0 459.0
340.0 459.0
326.0 450.0
326.0 450.0
317.0 472.0
317.0 472.0
330.0 483.0
330.0 483.0
349.0 483.0
349.0 483.0
362.0 471.0
362.0 471.0
370.0 445.0
370.0 445.0
373.0 445.0
373.0 445.0
374.0 456.0
374.0 456.0
390.0 436.0


30

16
265.0 446.0
272.0 446.0
272.0 446.0
272.0 449.0
272.0 449.0
261.0 452.0
261.0 452.0
218.0 496.0
218.0 496.0
208.0 500.0
208.0 500.0
231.0 479.0
231.0 479.0
255.0 451.0
255.0 451.0
265.0 446.0


31

2
393.0 449.0
393.0 449.0


32

22
288.0 475.0
292.0 485.0
292.0 485.0
302.0 496.0
302.0 496.0
317.0 498.0
317.0 498.0
321.0 494.0
321.0 494.0
321.0 483.0
321.0 483.0
317.0 477.0
317.0 477.0
315.0 490.0
315.0 490.0
319.0 494.0
319.0 494.0
312.0 491.0
312.0 491.0
306.0 483.0
306.0 483.0
288.0 475.0


