1

87
92.0 3.0
191.6 113.3
220.0 265.0
220.0 265.0
276.6 234.8
242.0 144.0
242.0 144.0
247.1 223.3
286.0 251.0
286.0 251.0
298.2 133.2
254.0 8.0
254.0 8.0
239.3 83.5
272.0 153.0
272.0 153.0
268.0 119.8
240.0 85.0
240.0 85.0
269.3 183.3
276.0 241.0
276.0 241.0
220.3 131.8
256.0 5.0
256.0 5.0
297.4 149.5
299.0 259.0
299.0 259.0
336.4 197.5
301.0 263.0
301.0 263.0
332.5 249.0
344.0 246.0
344.0 246.0
210.5 256.2
208.0 337.0
208.0 337.0
231.0 358.8
246.0 285.0
246.0 285.0
270.9 336.9
265.0 392.0
265.0 392.0
261.0 366.1
274.0 368.0
274.0 368.0
211.3 287.6
259.0 382.0
259.0 382.0
233.3 344.2
192.0 398.0
192.0 398.0
286.4 431.9
328.0 393.0
328.0 393.0
296.2 359.6
277.0 292.0
277.0 292.0
325.1 385.6
391.0 402.0
391.0 402.0
481.4 341.8
394.0 266.0
394.0 266.0
345.7 278.1
330.0 339.0
330.0 339.0
301.1 276.7
335.0 323.0
335.0 323.0
300.5 239.9
340.0 300.0
340.0 300.0
372.1 245.6
419.0 277.0
419.0 277.0
458.1 432.8
355.0 499.0
355.0 499.0
307.6 533.2
275.0 441.0
275.0 441.0
108.1 452.5
208.0 352.0
208.0 352.0
91.7 186.6
92.0 3.0


2

21
87.0 29.0
149.9 136.1
206.0 257.0
206.0 257.0
186.5 162.5
110.0 107.0
110.0 107.0
118.0 161.4
152.0 185.0
152.0 185.0
100.0 178.9
194.0 274.0
194.0 274.0
141.3 259.0
214.0 320.0
214.0 320.0
210.4 151.2
97.0 5.0
97.0 5.0
92.3 9.1
87.0 29.0


3

12
123.0 116.0
123.5 116.0
124.0 116.0
124.0 116.0
124.0 115.5
124.0 115.0
124.0 115.0
123.5 115.0
123.0 115.0
123.0 115.0
123.0 115.5
123.0 116.0


4

3
124.0 118.0
147.0 137.3
124.0 118.0


5

3
283.0 167.0
302.4 255.3
283.0 167.0


6

3
164.0 177.0
179.8 277.2
164.0 177.0


7

3
131.0 224.0
189.0 260.1
131.0 224.0


8

3
276.0 259.0
253.7 338.2
276.0 259.0


9

3
210.0 294.0
227.4 338.0
210.0 294.0


10

3
173.0 298.0
214.8 319.8
173.0 298.0


11

3
312.0 299.0
352.4 348.8
312.0 299.0


12

3
329.0 302.0
368.8 334.2
329.0 302.0


13

3
212.0 306.0
234.6 329.5
212.0 306.0


14

3
275.0 307.0
346.9 365.3
275.0 307.0


15

3
352.0 311.0
357.8 367.7
352.0 311.0


16

3
322.0 325.0
368.1 366.9
322.0 325.0


17

3
344.0 327.0
351.6 386.4
344.0 327.0


18

3
288.0 331.0
323.2 356.2
288.0 331.0


19

3
280.0 347.0
321.2 378.1
280.0 347.0


20

9
215.0 358.0
129.6 375.3
210.0 450.0
210.0 450.0
188.7 440.2
262.0 436.0
262.0 436.0
179.9 425.5
215.0 358.0


21

12
175.0 365.0
175.5 365.0
176.0 365.0
176.0 365.0
176.0 364.5
176.0 364.0
176.0 364.0
175.5 364.0
175.0 364.0
175.0 364.0
175.0 364.5
175.0 365.0


22

3
250.0 377.0
283.8 424.1
250.0 377.0


23

3
212.0 379.0
260.2 413.4
212.0 379.0


24

3
209.0 386.0
245.7 444.6
209.0 386.0


25

3
424.0 405.0
374.2 456.1
424.0 405.0


26

12
225.0 408.0
225.5 408.0
226.0 408.0
226.0 408.0
226.0 407.5
226.0 407.0
226.0 407.0
225.5 407.0
225.0 407.0
225.0 407.0
225.0 407.5
225.0 408.0


27

6
353.0 408.0
256.4 408.0
315.0 488.0
315.0 488.0
323.6 447.5
353.0 408.0


28

72
356.0 410.0
356.5 410.0
357.0 410.0
357.0 410.0
357.0 410.5
357.0 411.0
357.0 411.0
357.5 411.0
358.0 411.0
358.0 411.0
358.0 411.5
358.0 412.0
358.0 412.0
358.5 412.0
359.0 412.0
359.0 412.0
359.5 412.0
360.0 412.0
360.0 412.0
360.5 412.0
361.0 412.0
361.0 412.0
361.5 412.0
362.0 412.0
362.0 412.0
362.0 411.5
362.0 411.0
362.0 411.0
362.5 411.0
363.0 411.0
363.0 411.0
363.0 410.5
363.0 410.0
363.0 410.0
363.0 409.5
363.0 409.0
363.0 409.0
363.0 408.5
363.0 408.0
363.0 408.0
363.0 407.5
363.0 407.0
363.0 407.0
362.5 407.0
362.0 407.0
362.0 407.0
361.5 407.0
361.0 407.0
361.0 407.0
360.5 407.0
360.0 407.0
360.0 407.0
359.5 407.0
359.0 407.0
359.0 407.0
358.5 407.0
358.0 407.0
358.0 407.0
358.0 407.5
358.0 408.0
358.0 408.0
357.5 408.0
357.0 408.0
357.0 408.0
357.0 408.5
357.0 409.0
357.0 409.0
356.5 409.0
356.0 409.0
356.0 409.0
356.0 409.5
356.0 410.0


29

6
390.0 436.0
414.1 434.7
366.0 408.0
366.0 408.0
307.2 523.4
390.0 436.0


30

3
265.0 446.0
190.2 529.5
265.0 446.0


31

12
393.0 449.0
393.5 449.0
394.0 449.0
394.0 449.0
394.0 448.5
394.0 448.0
394.0 448.0
393.5 448.0
393.0 448.0
393.0 448.0
393.0 448.5
393.0 449.0


32

3
288.0 475.0
351.3 519.1
288.0 475.0


