1

872
166.0 16.0
184.0 16.0
184.0 16.0
196.0 22.0
196.0 22.0
202.0 30.0
202.0 30.0
204.0 29.0
204.0 29.0
219.0 32.0
219.0 32.0
221.0 34.0
221.0 34.0
233.0 38.0
233.0 38.0
235.0 41.0
235.0 41.0
240.0 42.0
240.0 42.0
241.0 44.0
241.0 44.0
244.0 44.0
244.0 44.0
245.0 42.0
245.0 42.0
261.0 35.0
261.0 35.0
270.0 33.0
270.0 33.0
280.0 33.0
280.0 33.0
286.0 27.0
286.0 27.0
289.0 27.0
289.0 27.0
290.0 25.0
290.0 25.0
302.0 21.0
302.0 21.0
312.0 21.0
312.0 21.0
323.0 24.0
323.0 24.0
324.0 26.0
324.0 26.0
329.0 28.0
329.0 28.0
339.0 40.0
339.0 40.0
341.0 47.0
341.0 47.0
340.0 57.0
340.0 57.0
336.0 62.0
336.0 62.0
330.0 65.0
330.0 65.0
324.0 65.0
324.0 65.0
320.0 63.0
320.0 63.0
317.0 59.0
317.0 59.0
316.0 52.0
316.0 52.0
320.0 48.0
320.0 48.0
325.0 48.0
325.0 48.0
323.0 41.0
323.0 41.0
314.0 35.0
314.0 35.0
305.0 35.0
305.0 35.0
304.0 37.0
304.0 37.0
311.0 39.0
311.0 39.0
318.0 44.0
318.0 44.0
318.0 48.0
318.0 48.0
316.0 49.0
316.0 49.0
316.0 51.0
316.0 51.0
314.0 51.0
314.0 51.0
305.0 59.0
305.0 59.0
297.0 62.0
297.0 62.0
297.0 64.0
297.0 64.0
300.0 67.0
300.0 67.0
306.0 69.0
306.0 69.0
322.0 69.0
322.0 69.0
336.0 65.0
336.0 65.0
351.0 64.0
351.0 64.0
363.0 67.0
363.0 67.0
367.0 71.0
367.0 71.0
373.0 68.0
373.0 68.0
374.0 66.0
374.0 66.0
386.0 62.0
386.0 62.0
390.0 59.0
390.0 59.0
408.0 54.0
408.0 54.0
413.0 54.0
413.0 54.0
419.0 51.0
419.0 51.0
431.0 49.0
431.0 49.0
451.0 49.0
451.0 49.0
451.0 53.0
451.0 53.0
448.0 55.0
448.0 55.0
448.0 57.0
448.0 57.0
426.0 78.0
426.0 78.0
422.0 79.0
422.0 79.0
420.0 82.0
420.0 82.0
418.0 82.0
418.0 82.0
413.0 87.0
413.0 87.0
405.0 91.0
405.0 91.0
400.0 96.0
400.0 96.0
394.0 98.0
394.0 98.0
390.0 102.0
390.0 102.0
385.0 103.0
385.0 103.0
372.0 110.0
372.0 110.0
369.0 110.0
369.0 110.0
362.0 116.0
362.0 116.0
356.0 118.0
356.0 118.0
347.0 126.0
347.0 126.0
345.0 126.0
345.0 126.0
335.0 136.0
335.0 136.0
332.0 142.0
332.0 142.0
332.0 147.0
332.0 147.0
328.0 159.0
328.0 159.0
328.0 165.0
328.0 165.0
326.0 168.0
326.0 168.0
325.0 176.0
325.0 176.0
313.0 198.0
313.0 198.0
313.0 200.0
313.0 200.0
317.0 200.0
317.0 200.0
345.0 191.0
345.0 191.0
362.0 190.0
362.0 190.0
368.0 191.0
368.0 191.0
374.0 195.0
374.0 195.0
387.0 199.0
387.0 199.0
389.0 202.0
389.0 202.0
395.0 205.0
395.0 205.0
395.0 207.0
395.0 207.0
398.0 210.0
398.0 210.0
400.0 210.0
400.0 210.0
416.0 226.0
416.0 226.0
416.0 228.0
416.0 228.0
421.0 232.0
421.0 232.0
424.0 238.0
424.0 238.0
428.0 251.0
428.0 251.0
430.0 252.0
430.0 252.0
430.0 255.0
430.0 255.0
432.0 257.0
432.0 257.0
433.0 266.0
433.0 266.0
437.0 277.0
437.0 277.0
439.0 294.0
439.0 294.0
437.0 319.0
437.0 319.0
433.0 327.0
433.0 327.0
430.0 339.0
430.0 339.0
426.0 342.0
426.0 342.0
421.0 351.0
421.0 351.0
417.0 354.0
417.0 354.0
415.0 358.0
415.0 358.0
413.0 358.0
413.0 358.0
412.0 361.0
412.0 361.0
410.0 361.0
410.0 361.0
408.0 364.0
408.0 364.0
402.0 367.0
402.0 367.0
395.0 374.0
395.0 374.0
385.0 377.0
385.0 377.0
379.0 395.0
379.0 395.0
389.0 394.0
389.0 394.0
411.0 383.0
411.0 383.0
418.0 381.0
418.0 381.0
431.0 382.0
431.0 382.0
435.0 385.0
435.0 385.0
435.0 387.0
435.0 387.0
432.0 389.0
432.0 389.0
421.0 390.0
421.0 390.0
413.0 400.0
413.0 400.0
411.0 400.0
411.0 400.0
404.0 406.0
404.0 406.0
400.0 407.0
400.0 407.0
399.0 409.0
399.0 409.0
393.0 411.0
393.0 411.0
392.0 413.0
392.0 413.0
375.0 417.0
375.0 417.0
370.0 426.0
370.0 426.0
368.0 427.0
368.0 427.0
368.0 429.0
368.0 429.0
366.0 430.0
366.0 430.0
365.0 434.0
365.0 434.0
363.0 435.0
363.0 435.0
363.0 438.0
363.0 438.0
356.0 446.0
356.0 446.0
353.0 454.0
353.0 454.0
351.0 455.0
351.0 455.0
345.0 466.0
345.0 466.0
341.0 469.0
341.0 469.0
341.0 471.0
341.0 471.0
337.0 475.0
337.0 475.0
324.0 476.0
324.0 476.0
321.0 478.0
321.0 478.0
320.0 481.0
320.0 481.0
316.0 480.0
316.0 480.0
318.0 472.0
318.0 472.0
333.0 457.0
333.0 457.0
334.0 453.0
334.0 453.0
340.0 446.0
340.0 446.0
345.0 436.0
345.0 436.0
347.0 427.0
347.0 427.0
335.0 433.0
335.0 433.0
329.0 434.0
329.0 434.0
326.0 437.0
326.0 437.0
315.0 440.0
315.0 440.0
311.0 443.0
311.0 443.0
291.0 449.0
291.0 449.0
286.0 449.0
286.0 449.0
278.0 446.0
278.0 446.0
277.0 441.0
277.0 441.0
266.0 441.0
266.0 441.0
258.0 444.0
258.0 444.0
257.0 440.0
257.0 440.0
271.0 430.0
271.0 430.0
302.0 424.0
302.0 424.0
306.0 421.0
306.0 421.0
282.0 420.0
282.0 420.0
276.0 416.0
276.0 416.0
273.0 416.0
273.0 416.0
267.0 411.0
267.0 411.0
257.0 413.0
257.0 413.0
255.0 410.0
255.0 410.0
258.0 405.0
258.0 405.0
270.0 401.0
270.0 401.0
278.0 401.0
278.0 401.0
290.0 405.0
290.0 405.0
306.0 405.0
306.0 405.0
332.0 398.0
332.0 398.0
358.0 395.0
358.0 395.0
365.0 386.0
365.0 386.0
371.0 372.0
371.0 372.0
368.0 370.0
368.0 370.0
364.0 362.0
364.0 362.0
359.0 362.0
359.0 362.0
358.0 358.0
358.0 358.0
353.0 355.0
353.0 355.0
343.0 355.0
343.0 355.0
342.0 357.0
342.0 357.0
333.0 361.0
333.0 361.0
317.0 375.0
317.0 375.0
317.0 377.0
317.0 377.0
299.0 395.0
299.0 395.0
298.0 398.0
298.0 398.0
292.0 399.0
292.0 399.0
287.0 395.0
287.0 395.0
287.0 393.0
287.0 393.0
284.0 391.0
284.0 391.0
275.0 375.0
275.0 375.0
272.0 374.0
272.0 374.0
272.0 371.0
272.0 371.0
265.0 364.0
265.0 364.0
242.0 356.0
242.0 356.0
233.0 345.0
233.0 345.0
225.0 349.0
225.0 349.0
218.0 350.0
218.0 350.0
202.0 382.0
202.0 382.0
195.0 387.0
195.0 387.0
187.0 388.0
187.0 388.0
183.0 386.0
183.0 386.0
183.0 384.0
183.0 384.0
179.0 381.0
179.0 381.0
177.0 374.0
177.0 374.0
173.0 369.0
173.0 369.0
171.0 361.0
171.0 361.0
168.0 359.0
168.0 359.0
168.0 355.0
168.0 355.0
161.0 341.0
161.0 341.0
155.0 334.0
155.0 334.0
148.0 331.0
148.0 331.0
147.0 329.0
147.0 329.0
138.0 329.0
138.0 329.0
135.0 332.0
135.0 332.0
128.0 334.0
128.0 334.0
124.0 339.0
124.0 339.0
118.0 342.0
118.0 342.0
114.0 360.0
114.0 360.0
115.0 377.0
115.0 377.0
117.0 381.0
117.0 381.0
119.0 396.0
119.0 396.0
125.0 408.0
125.0 408.0
175.0 404.0
175.0 404.0
191.0 400.0
191.0 400.0
198.0 394.0
198.0 394.0
208.0 394.0
208.0 394.0
213.0 398.0
213.0 398.0
212.0 402.0
212.0 402.0
205.0 401.0
205.0 401.0
203.0 403.0
203.0 403.0
205.0 408.0
205.0 408.0
204.0 411.0
204.0 411.0
195.0 418.0
195.0 418.0
153.0 420.0
153.0 420.0
150.0 423.0
150.0 423.0
152.0 423.0
152.0 423.0
153.0 425.0
153.0 425.0
160.0 425.0
160.0 425.0
163.0 427.0
163.0 427.0
169.0 427.0
169.0 427.0
174.0 429.0
174.0 429.0
193.0 430.0
193.0 430.0
200.0 432.0
200.0 432.0
204.0 430.0
204.0 430.0
212.0 430.0
212.0 430.0
220.0 434.0
220.0 434.0
221.0 438.0
221.0 438.0
219.0 440.0
219.0 440.0
212.0 438.0
212.0 438.0
212.0 441.0
212.0 441.0
209.0 445.0
209.0 445.0
205.0 444.0
205.0 444.0
204.0 446.0
204.0 446.0
198.0 448.0
198.0 448.0
174.0 448.0
174.0 448.0
149.0 443.0
149.0 443.0
147.0 441.0
147.0 441.0
139.0 439.0
139.0 439.0
145.0 446.0
145.0 446.0
148.0 453.0
148.0 453.0
164.0 469.0
164.0 469.0
170.0 471.0
170.0 471.0
173.0 474.0
173.0 474.0
177.0 481.0
177.0 481.0
176.0 485.0
176.0 485.0
173.0 485.0
173.0 485.0
172.0 482.0
172.0 482.0
167.0 478.0
167.0 478.0
159.0 477.0
159.0 477.0
154.0 480.0
154.0 480.0
148.0 479.0
148.0 479.0
146.0 475.0
146.0 475.0
143.0 474.0
143.0 474.0
139.0 470.0
139.0 470.0
139.0 468.0
139.0 468.0
132.0 462.0
132.0 462.0
130.0 457.0
130.0 457.0
120.0 447.0
120.0 447.0
119.0 443.0
119.0 443.0
111.0 435.0
111.0 435.0
111.0 433.0
111.0 433.0
107.0 433.0
107.0 433.0
93.0 425.0
93.0 425.0
90.0 425.0
90.0 425.0
79.0 414.0
79.0 414.0
75.0 412.0
75.0 412.0
75.0 410.0
75.0 410.0
71.0 406.0
71.0 406.0
68.0 393.0
68.0 393.0
52.0 392.0
52.0 392.0
53.0 388.0
53.0 388.0
59.0 382.0
59.0 382.0
68.0 381.0
68.0 381.0
75.0 387.0
75.0 387.0
78.0 387.0
78.0 387.0
82.0 391.0
82.0 391.0
84.0 391.0
84.0 391.0
84.0 393.0
84.0 393.0
88.0 396.0
88.0 396.0
89.0 400.0
89.0 400.0
98.0 408.0
98.0 408.0
102.0 409.0
102.0 409.0
97.0 389.0
97.0 389.0
98.0 384.0
98.0 384.0
97.0 380.0
97.0 380.0
95.0 380.0
95.0 380.0
96.0 375.0
96.0 375.0
94.0 372.0
94.0 372.0
94.0 368.0
94.0 368.0
93.0 366.0
93.0 366.0
87.0 365.0
87.0 365.0
87.0 363.0
87.0 363.0
79.0 355.0
79.0 355.0
72.0 337.0
72.0 337.0
72.0 333.0
72.0 333.0
70.0 332.0
70.0 332.0
66.0 323.0
66.0 323.0
61.0 317.0
61.0 317.0
61.0 313.0
61.0 313.0
56.0 303.0
56.0 303.0
56.0 296.0
56.0 296.0
54.0 291.0
54.0 291.0
57.0 268.0
57.0 268.0
63.0 253.0
63.0 253.0
63.0 247.0
63.0 247.0
65.0 245.0
65.0 245.0
72.0 224.0
72.0 224.0
75.0 221.0
75.0 221.0
83.0 204.0
83.0 204.0
96.0 190.0
96.0 190.0
98.0 190.0
98.0 190.0
107.0 182.0
107.0 182.0
119.0 176.0
119.0 176.0
126.0 176.0
126.0 176.0
131.0 174.0
131.0 174.0
154.0 176.0
154.0 176.0
158.0 178.0
158.0 178.0
168.0 179.0
168.0 179.0
184.0 187.0
184.0 187.0
187.0 187.0
187.0 187.0
192.0 191.0
192.0 191.0
194.0 191.0
194.0 191.0
194.0 189.0
194.0 189.0
191.0 180.0
191.0 180.0
188.0 176.0
188.0 176.0
188.0 173.0
188.0 173.0
184.0 167.0
184.0 167.0
180.0 153.0
180.0 153.0
175.0 146.0
175.0 146.0
173.0 146.0
173.0 146.0
167.0 140.0
167.0 140.0
164.0 140.0
164.0 140.0
161.0 137.0
161.0 137.0
155.0 136.0
155.0 136.0
154.0 134.0
154.0 134.0
148.0 132.0
148.0 132.0
146.0 129.0
146.0 129.0
141.0 127.0
141.0 127.0
136.0 120.0
136.0 120.0
119.0 114.0
119.0 114.0
117.0 112.0
117.0 112.0
114.0 112.0
114.0 112.0
103.0 106.0
103.0 106.0
100.0 106.0
100.0 106.0
92.0 101.0
92.0 101.0
89.0 101.0
89.0 101.0
88.0 99.0
88.0 99.0
81.0 97.0
81.0 97.0
75.0 92.0
75.0 92.0
70.0 91.0
70.0 91.0
48.0 80.0
48.0 80.0
47.0 77.0
47.0 77.0
45.0 77.0
45.0 77.0
45.0 75.0
45.0 75.0
71.0 71.0
71.0 71.0
94.0 71.0
94.0 71.0
122.0 74.0
122.0 74.0
139.0 79.0
139.0 79.0
140.0 76.0
140.0 76.0
145.0 75.0
145.0 75.0
147.0 73.0
147.0 73.0
161.0 70.0
161.0 70.0
176.0 69.0
176.0 69.0
183.0 62.0
183.0 62.0
180.0 61.0
180.0 61.0
175.0 55.0
175.0 55.0
173.0 55.0
173.0 55.0
169.0 51.0
169.0 51.0
167.0 46.0
167.0 46.0
164.0 44.0
164.0 44.0
164.0 41.0
164.0 41.0
167.0 37.0
167.0 37.0
171.0 35.0
171.0 35.0
182.0 33.0
182.0 33.0
181.0 31.0
181.0 31.0
169.0 31.0
169.0 31.0
162.0 35.0
162.0 35.0
155.0 43.0
155.0 43.0
154.0 49.0
154.0 49.0
161.0 49.0
161.0 49.0
165.0 55.0
165.0 55.0
165.0 61.0
165.0 61.0
160.0 67.0
160.0 67.0
154.0 68.0
154.0 68.0
148.0 66.0
148.0 66.0
141.0 60.0
141.0 60.0
139.0 55.0
139.0 55.0
141.0 39.0
141.0 39.0
147.0 28.0
147.0 28.0
156.0 20.0
156.0 20.0
166.0 16.0


2

58
171.0 26.0
182.0 27.0
182.0 27.0
184.0 30.0
184.0 30.0
187.0 30.0
187.0 30.0
190.0 33.0
190.0 33.0
192.0 33.0
192.0 33.0
198.0 43.0
198.0 43.0
196.0 54.0
196.0 54.0
201.0 54.0
201.0 54.0
203.0 42.0
203.0 42.0
195.0 27.0
195.0 27.0
192.0 26.0
192.0 26.0
190.0 23.0
190.0 23.0
182.0 20.0
182.0 20.0
168.0 20.0
168.0 20.0
155.0 26.0
155.0 26.0
151.0 30.0
151.0 30.0
145.0 41.0
145.0 41.0
144.0 56.0
144.0 56.0
150.0 62.0
150.0 62.0
157.0 63.0
157.0 63.0
160.0 60.0
160.0 60.0
160.0 55.0
160.0 55.0
158.0 53.0
158.0 53.0
152.0 54.0
152.0 54.0
149.0 50.0
149.0 50.0
149.0 45.0
149.0 45.0
152.0 39.0
152.0 39.0
160.0 31.0
160.0 31.0
171.0 26.0


3

50
304.0 31.0
315.0 31.0
315.0 31.0
317.0 33.0
317.0 33.0
320.0 33.0
320.0 33.0
327.0 39.0
327.0 39.0
328.0 43.0
328.0 43.0
330.0 44.0
330.0 44.0
330.0 51.0
330.0 51.0
327.0 54.0
327.0 54.0
321.0 53.0
321.0 53.0
321.0 57.0
321.0 57.0
323.0 60.0
323.0 60.0
331.0 60.0
331.0 60.0
332.0 58.0
332.0 58.0
335.0 57.0
335.0 57.0
336.0 44.0
336.0 44.0
334.0 43.0
334.0 43.0
331.0 36.0
331.0 36.0
322.0 28.0
322.0 28.0
317.0 26.0
317.0 26.0
305.0 25.0
305.0 25.0
293.0 28.0
293.0 28.0
287.0 33.0
287.0 33.0
298.0 35.0
298.0 35.0
299.0 33.0
299.0 33.0
304.0 31.0


4

46
205.0 37.0
208.0 43.0
208.0 43.0
215.0 44.0
215.0 44.0
224.0 47.0
224.0 47.0
228.0 50.0
228.0 50.0
231.0 50.0
231.0 50.0
244.0 60.0
244.0 60.0
248.0 61.0
248.0 61.0
250.0 64.0
250.0 64.0
260.0 62.0
260.0 62.0
260.0 60.0
260.0 60.0
258.0 60.0
258.0 60.0
255.0 56.0
255.0 56.0
251.0 55.0
251.0 55.0
250.0 53.0
250.0 53.0
246.0 52.0
246.0 52.0
244.0 49.0
244.0 49.0
238.0 47.0
238.0 47.0
230.0 41.0
230.0 41.0
227.0 41.0
227.0 41.0
223.0 38.0
223.0 38.0
214.0 35.0
214.0 35.0
205.0 34.0
205.0 34.0
205.0 37.0


5

42
275.0 42.0
290.0 43.0
290.0 43.0
299.0 47.0
299.0 47.0
298.0 50.0
298.0 50.0
296.0 50.0
296.0 50.0
294.0 53.0
294.0 53.0
290.0 55.0
290.0 55.0
291.0 59.0
291.0 59.0
298.0 58.0
298.0 58.0
306.0 54.0
306.0 54.0
313.0 48.0
313.0 48.0
313.0 45.0
313.0 45.0
306.0 41.0
306.0 41.0
281.0 36.0
281.0 36.0
264.0 38.0
264.0 38.0
255.0 41.0
255.0 41.0
251.0 44.0
251.0 44.0
248.0 44.0
248.0 44.0
246.0 46.0
246.0 46.0
254.0 51.0
254.0 51.0
262.0 46.0
262.0 46.0
275.0 42.0


6

34
169.0 43.0
176.0 52.0
176.0 52.0
182.0 55.0
182.0 55.0
183.0 58.0
183.0 58.0
188.0 60.0
188.0 60.0
193.0 65.0
193.0 65.0
204.0 70.0
204.0 70.0
212.0 66.0
212.0 66.0
207.0 62.0
207.0 62.0
194.0 58.0
194.0 58.0
182.0 47.0
182.0 47.0
182.0 44.0
182.0 44.0
184.0 43.0
184.0 43.0
192.0 43.0
192.0 43.0
192.0 40.0
192.0 40.0
189.0 36.0
189.0 36.0
174.0 38.0
174.0 38.0
169.0 43.0


7

8
288.0 48.0
289.0 50.0
289.0 50.0
293.0 49.0
293.0 49.0
292.0 47.0
292.0 47.0
288.0 48.0


8

16
224.0 54.0
225.0 53.0
225.0 53.0
220.0 50.0
220.0 50.0
207.0 48.0
207.0 48.0
205.0 58.0
205.0 58.0
208.0 58.0
208.0 58.0
212.0 61.0
212.0 61.0
217.0 61.0
217.0 61.0
224.0 54.0


9

66
437.0 54.0
439.0 53.0
439.0 53.0
421.0 54.0
421.0 54.0
406.0 59.0
406.0 59.0
401.0 59.0
401.0 59.0
399.0 61.0
399.0 61.0
392.0 62.0
392.0 62.0
390.0 64.0
390.0 64.0
387.0 64.0
387.0 64.0
383.0 67.0
383.0 67.0
376.0 69.0
376.0 69.0
375.0 71.0
375.0 71.0
363.0 77.0
363.0 77.0
358.0 82.0
358.0 82.0
357.0 86.0
357.0 86.0
355.0 87.0
355.0 87.0
355.0 89.0
355.0 89.0
352.0 91.0
352.0 91.0
352.0 93.0
352.0 93.0
345.0 102.0
345.0 102.0
353.0 100.0
353.0 100.0
354.0 98.0
354.0 98.0
370.0 91.0
370.0 91.0
371.0 89.0
371.0 89.0
376.0 88.0
376.0 88.0
377.0 86.0
377.0 86.0
389.0 80.0
389.0 80.0
392.0 80.0
392.0 80.0
393.0 78.0
393.0 78.0
399.0 76.0
399.0 76.0
401.0 73.0
401.0 73.0
427.0 61.0
427.0 61.0
428.0 59.0
428.0 59.0
437.0 54.0


10

12
259.0 55.0
263.0 57.0
263.0 57.0
265.0 60.0
265.0 60.0
273.0 59.0
273.0 59.0
273.0 47.0
273.0 47.0
260.0 52.0
260.0 52.0
259.0 55.0


11

58
441.0 58.0
442.0 57.0
442.0 57.0
433.0 60.0
433.0 60.0
429.0 64.0
429.0 64.0
411.0 73.0
411.0 73.0
406.0 74.0
406.0 74.0
400.0 79.0
400.0 79.0
390.0 83.0
390.0 83.0
387.0 86.0
387.0 86.0
384.0 86.0
384.0 86.0
383.0 88.0
383.0 88.0
365.0 96.0
365.0 96.0
364.0 98.0
364.0 98.0
348.0 106.0
348.0 106.0
365.0 108.0
365.0 108.0
373.0 106.0
373.0 106.0
379.0 102.0
379.0 102.0
382.0 102.0
382.0 102.0
394.0 96.0
394.0 96.0
395.0 94.0
395.0 94.0
403.0 90.0
403.0 90.0
405.0 87.0
405.0 87.0
413.0 83.0
413.0 83.0
415.0 80.0
415.0 80.0
423.0 76.0
423.0 76.0
427.0 71.0
427.0 71.0
434.0 67.0
434.0 67.0
434.0 65.0
434.0 65.0
437.0 64.0
437.0 64.0
441.0 58.0


12

252
277.0 59.0
280.0 67.0
280.0 67.0
288.0 76.0
288.0 76.0
301.0 81.0
301.0 81.0
303.0 84.0
303.0 84.0
300.0 86.0
300.0 86.0
298.0 84.0
298.0 84.0
292.0 83.0
292.0 83.0
289.0 80.0
289.0 80.0
286.0 80.0
286.0 80.0
280.0 75.0
280.0 75.0
276.0 74.0
276.0 74.0
275.0 72.0
275.0 72.0
265.0 74.0
265.0 74.0
264.0 77.0
264.0 77.0
268.0 79.0
268.0 79.0
271.0 83.0
271.0 83.0
273.0 83.0
273.0 83.0
275.0 86.0
275.0 86.0
281.0 88.0
281.0 88.0
287.0 93.0
287.0 93.0
292.0 94.0
292.0 94.0
291.0 97.0
291.0 97.0
282.0 99.0
282.0 99.0
270.0 98.0
270.0 98.0
264.0 95.0
264.0 95.0
262.0 92.0
262.0 92.0
260.0 92.0
260.0 92.0
255.0 86.0
255.0 86.0
255.0 89.0
255.0 89.0
260.0 95.0
260.0 95.0
262.0 101.0
262.0 101.0
270.0 109.0
270.0 109.0
270.0 111.0
270.0 111.0
273.0 113.0
273.0 113.0
278.0 122.0
278.0 122.0
280.0 129.0
280.0 129.0
279.0 143.0
279.0 143.0
277.0 146.0
277.0 146.0
277.0 150.0
277.0 150.0
272.0 156.0
272.0 156.0
271.0 160.0
271.0 160.0
268.0 162.0
268.0 162.0
268.0 164.0
268.0 164.0
256.0 178.0
256.0 178.0
254.0 178.0
254.0 178.0
249.0 184.0
249.0 184.0
247.0 184.0
247.0 184.0
243.0 188.0
243.0 188.0
226.0 194.0
226.0 194.0
227.0 198.0
227.0 198.0
233.0 205.0
233.0 205.0
244.0 203.0
244.0 203.0
245.0 201.0
245.0 201.0
253.0 198.0
253.0 198.0
268.0 185.0
268.0 185.0
268.0 183.0
268.0 183.0
271.0 181.0
271.0 181.0
273.0 176.0
273.0 176.0
276.0 174.0
276.0 174.0
278.0 169.0
278.0 169.0
285.0 161.0
285.0 161.0
286.0 157.0
286.0 157.0
288.0 156.0
288.0 156.0
289.0 152.0
289.0 152.0
294.0 146.0
294.0 146.0
297.0 138.0
297.0 138.0
303.0 133.0
303.0 133.0
308.0 133.0
308.0 133.0
312.0 135.0
312.0 135.0
312.0 139.0
312.0 139.0
314.0 141.0
314.0 141.0
313.0 159.0
313.0 159.0
309.0 171.0
309.0 171.0
307.0 172.0
307.0 172.0
301.0 186.0
301.0 186.0
290.0 199.0
290.0 199.0
301.0 202.0
301.0 202.0
306.0 201.0
306.0 201.0
310.0 196.0
310.0 196.0
312.0 190.0
312.0 190.0
314.0 189.0
314.0 189.0
314.0 186.0
314.0 186.0
316.0 185.0
316.0 185.0
316.0 182.0
316.0 182.0
321.0 174.0
321.0 174.0
327.0 144.0
327.0 144.0
329.0 138.0
329.0 138.0
331.0 137.0
331.0 137.0
331.0 133.0
331.0 133.0
334.0 132.0
334.0 132.0
340.0 125.0
340.0 125.0
342.0 125.0
342.0 125.0
348.0 119.0
348.0 119.0
360.0 113.0
360.0 113.0
360.0 111.0
360.0 111.0
355.0 110.0
355.0 110.0
329.0 111.0
329.0 111.0
328.0 109.0
328.0 109.0
330.0 107.0
330.0 107.0
335.0 106.0
335.0 106.0
335.0 104.0
335.0 104.0
332.0 104.0
332.0 104.0
331.0 102.0
331.0 102.0
328.0 102.0
328.0 102.0
325.0 99.0
325.0 99.0
322.0 90.0
322.0 90.0
324.0 80.0
324.0 80.0
326.0 79.0
326.0 79.0
327.0 75.0
327.0 75.0
333.0 72.0
333.0 72.0
346.0 72.0
346.0 72.0
350.0 74.0
350.0 74.0
355.0 81.0
355.0 81.0
362.0 74.0
362.0 74.0
361.0 71.0
361.0 71.0
352.0 68.0
352.0 68.0
344.0 68.0
344.0 68.0
321.0 73.0
321.0 73.0
304.0 73.0
304.0 73.0
296.0 69.0
296.0 69.0
292.0 64.0
292.0 64.0
290.0 64.0
290.0 64.0
287.0 61.0
287.0 61.0
283.0 46.0
283.0 46.0
277.0 46.0
277.0 46.0
277.0 59.0


13

224
237.0 62.0
238.0 60.0
238.0 60.0
229.0 55.0
229.0 55.0
220.0 65.0
220.0 65.0
218.0 65.0
218.0 65.0
209.0 74.0
209.0 74.0
194.0 82.0
194.0 82.0
186.0 84.0
186.0 84.0
183.0 84.0
183.0 84.0
182.0 81.0
182.0 81.0
184.0 80.0
184.0 80.0
184.0 78.0
184.0 78.0
189.0 76.0
189.0 76.0
194.0 71.0
194.0 71.0
188.0 66.0
188.0 66.0
185.0 66.0
185.0 66.0
181.0 71.0
181.0 71.0
174.0 74.0
174.0 74.0
156.0 75.0
156.0 75.0
148.0 77.0
148.0 77.0
139.0 82.0
139.0 82.0
139.0 89.0
139.0 89.0
141.0 89.0
141.0 89.0
141.0 85.0
141.0 85.0
144.0 84.0
144.0 84.0
144.0 81.0
144.0 81.0
153.0 77.0
153.0 77.0
159.0 77.0
159.0 77.0
168.0 81.0
168.0 81.0
168.0 83.0
168.0 83.0
171.0 85.0
171.0 85.0
174.0 91.0
174.0 91.0
173.0 100.0
173.0 100.0
171.0 103.0
171.0 103.0
163.0 107.0
163.0 107.0
141.0 105.0
141.0 105.0
137.0 109.0
137.0 109.0
137.0 115.0
137.0 115.0
141.0 118.0
141.0 118.0
141.0 121.0
141.0 121.0
144.0 124.0
144.0 124.0
149.0 126.0
149.0 126.0
154.0 131.0
154.0 131.0
170.0 137.0
170.0 137.0
181.0 146.0
181.0 146.0
186.0 156.0
186.0 156.0
188.0 165.0
188.0 165.0
192.0 171.0
192.0 171.0
192.0 175.0
192.0 175.0
195.0 178.0
195.0 178.0
196.0 184.0
196.0 184.0
199.0 187.0
199.0 187.0
202.0 196.0
202.0 196.0
209.0 204.0
209.0 204.0
209.0 206.0
209.0 206.0
226.0 224.0
226.0 224.0
233.0 221.0
233.0 221.0
237.0 221.0
237.0 221.0
240.0 218.0
240.0 218.0
228.0 207.0
228.0 207.0
228.0 205.0
228.0 205.0
218.0 192.0
218.0 192.0
217.0 188.0
217.0 188.0
215.0 187.0
215.0 187.0
210.0 175.0
210.0 175.0
206.0 171.0
206.0 171.0
203.0 161.0
203.0 161.0
201.0 159.0
201.0 159.0
199.0 143.0
199.0 143.0
204.0 136.0
204.0 136.0
212.0 136.0
212.0 136.0
217.0 142.0
217.0 142.0
218.0 146.0
218.0 146.0
220.0 147.0
220.0 147.0
224.0 159.0
224.0 159.0
235.0 181.0
235.0 181.0
238.0 184.0
238.0 184.0
248.0 181.0
248.0 181.0
250.0 177.0
250.0 177.0
248.0 177.0
248.0 177.0
245.0 174.0
245.0 174.0
245.0 172.0
245.0 172.0
241.0 169.0
241.0 169.0
241.0 166.0
241.0 166.0
238.0 163.0
238.0 163.0
238.0 160.0
238.0 160.0
235.0 156.0
235.0 156.0
233.0 145.0
233.0 145.0
233.0 123.0
233.0 123.0
239.0 101.0
239.0 101.0
246.0 88.0
246.0 88.0
247.0 83.0
247.0 83.0
250.0 81.0
250.0 81.0
250.0 78.0
250.0 78.0
247.0 79.0
247.0 79.0
247.0 81.0
247.0 81.0
244.0 83.0
244.0 83.0
244.0 85.0
244.0 85.0
242.0 85.0
242.0 85.0
242.0 87.0
242.0 87.0
239.0 88.0
239.0 88.0
238.0 91.0
238.0 91.0
234.0 92.0
234.0 92.0
230.0 96.0
230.0 96.0
212.0 97.0
212.0 97.0
208.0 96.0
208.0 96.0
207.0 92.0
207.0 92.0
205.0 92.0
205.0 92.0
205.0 88.0
205.0 88.0
214.0 83.0
214.0 83.0
224.0 73.0
224.0 73.0
230.0 70.0
230.0 70.0
237.0 62.0


14

24
274.0 68.0
276.0 68.0
276.0 68.0
275.0 64.0
275.0 64.0
269.0 63.0
269.0 63.0
251.0 69.0
251.0 69.0
234.0 70.0
234.0 70.0
232.0 73.0
232.0 73.0
230.0 73.0
230.0 73.0
230.0 75.0
230.0 75.0
249.0 75.0
249.0 75.0
266.0 70.0
266.0 70.0
271.0 70.0
271.0 70.0
274.0 68.0


15

10
198.0 74.0
200.0 73.0
200.0 73.0
196.0 72.0
196.0 72.0
194.0 76.0
194.0 76.0
197.0 76.0
197.0 76.0
198.0 74.0


16

30
61.0 77.0
81.0 84.0
81.0 84.0
90.0 85.0
90.0 85.0
97.0 88.0
97.0 88.0
103.0 88.0
103.0 88.0
106.0 90.0
106.0 90.0
125.0 94.0
125.0 94.0
142.0 100.0
142.0 100.0
141.0 96.0
141.0 96.0
139.0 95.0
139.0 95.0
136.0 89.0
136.0 89.0
135.0 82.0
135.0 82.0
132.0 80.0
132.0 80.0
97.0 75.0
97.0 75.0
69.0 75.0
69.0 75.0
61.0 77.0


17

24
258.0 78.0
259.0 84.0
259.0 84.0
264.0 90.0
264.0 90.0
271.0 94.0
271.0 94.0
281.0 95.0
281.0 95.0
280.0 92.0
280.0 92.0
276.0 91.0
276.0 91.0
268.0 84.0
268.0 84.0
266.0 84.0
266.0 84.0
264.0 81.0
264.0 81.0
262.0 81.0
262.0 81.0
260.0 77.0
260.0 77.0
258.0 78.0


18

18
241.0 81.0
242.0 79.0
242.0 79.0
233.0 80.0
233.0 80.0
225.0 78.0
225.0 78.0
211.0 91.0
211.0 91.0
214.0 93.0
214.0 93.0
229.0 92.0
229.0 92.0
232.0 89.0
232.0 89.0
234.0 89.0
234.0 89.0
241.0 81.0


19

42
59.0 82.0
66.0 84.0
66.0 84.0
69.0 87.0
69.0 87.0
74.0 88.0
74.0 88.0
75.0 90.0
75.0 90.0
78.0 90.0
78.0 90.0
86.0 95.0
86.0 95.0
89.0 95.0
89.0 95.0
103.0 103.0
103.0 103.0
116.0 107.0
116.0 107.0
130.0 114.0
130.0 114.0
132.0 114.0
132.0 114.0
133.0 107.0
133.0 107.0
136.0 104.0
136.0 104.0
135.0 101.0
135.0 101.0
128.0 100.0
128.0 100.0
126.0 98.0
126.0 98.0
75.0 86.0
75.0 86.0
73.0 84.0
73.0 84.0
69.0 84.0
69.0 84.0
63.0 81.0
63.0 81.0
59.0 82.0


20

16
337.0 82.0
342.0 82.0
342.0 82.0
345.0 85.0
345.0 85.0
345.0 90.0
345.0 90.0
343.0 93.0
343.0 93.0
338.0 94.0
338.0 94.0
334.0 91.0
334.0 91.0
333.0 86.0
333.0 86.0
337.0 82.0


21

16
156.0 86.0
161.0 88.0
161.0 88.0
163.0 92.0
163.0 92.0
162.0 97.0
162.0 97.0
159.0 99.0
159.0 99.0
153.0 98.0
153.0 98.0
150.0 94.0
150.0 94.0
151.0 89.0
151.0 89.0
156.0 86.0


22

4
254.0 86.0
255.0 84.0
255.0 84.0
254.0 86.0


23

34
351.0 87.0
352.0 79.0
352.0 79.0
349.0 76.0
349.0 76.0
347.0 76.0
347.0 76.0
346.0 74.0
346.0 74.0
337.0 74.0
337.0 74.0
329.0 76.0
329.0 76.0
325.0 85.0
325.0 85.0
325.0 91.0
325.0 91.0
327.0 92.0
327.0 92.0
327.0 96.0
327.0 96.0
330.0 99.0
330.0 99.0
341.0 101.0
341.0 101.0
343.0 97.0
343.0 97.0
347.0 94.0
347.0 94.0
347.0 92.0
347.0 92.0
351.0 89.0
351.0 89.0
351.0 87.0


24

28
143.0 93.0
148.0 98.0
148.0 98.0
148.0 102.0
148.0 102.0
156.0 105.0
156.0 105.0
166.0 104.0
166.0 104.0
171.0 98.0
171.0 98.0
170.0 88.0
170.0 88.0
166.0 85.0
166.0 85.0
166.0 83.0
166.0 83.0
161.0 81.0
161.0 81.0
153.0 81.0
153.0 81.0
147.0 83.0
147.0 83.0
146.0 86.0
146.0 86.0
144.0 87.0
144.0 87.0
143.0 93.0


25

40
274.0 141.0
275.0 128.0
275.0 128.0
273.0 121.0
273.0 121.0
266.0 113.0
266.0 113.0
266.0 111.0
266.0 111.0
262.0 108.0
262.0 108.0
262.0 106.0
262.0 106.0
258.0 103.0
258.0 103.0
251.0 89.0
251.0 89.0
248.0 88.0
248.0 88.0
238.0 116.0
238.0 116.0
237.0 144.0
237.0 144.0
240.0 157.0
240.0 157.0
245.0 167.0
245.0 167.0
252.0 174.0
252.0 174.0
255.0 174.0
255.0 174.0
263.0 165.0
263.0 165.0
266.0 158.0
266.0 158.0
269.0 156.0
269.0 156.0
271.0 152.0
271.0 152.0
274.0 141.0


26

126
153.0 182.0
159.0 189.0
159.0 189.0
160.0 199.0
160.0 199.0
155.0 211.0
155.0 211.0
147.0 218.0
147.0 218.0
136.0 224.0
136.0 224.0
137.0 237.0
137.0 237.0
145.0 252.0
145.0 252.0
159.0 266.0
159.0 266.0
162.0 266.0
162.0 266.0
163.0 268.0
163.0 268.0
171.0 271.0
171.0 271.0
187.0 270.0
187.0 270.0
200.0 258.0
200.0 258.0
205.0 256.0
205.0 256.0
212.0 250.0
212.0 250.0
216.0 249.0
216.0 249.0
217.0 247.0
217.0 247.0
225.0 244.0
225.0 244.0
226.0 242.0
226.0 242.0
234.0 238.0
234.0 238.0
237.0 238.0
237.0 238.0
238.0 236.0
238.0 236.0
244.0 233.0
244.0 233.0
254.0 230.0
254.0 230.0
259.0 226.0
259.0 226.0
267.0 225.0
267.0 225.0
269.0 223.0
269.0 223.0
277.0 221.0
277.0 221.0
276.0 219.0
276.0 219.0
270.0 217.0
270.0 217.0
269.0 215.0
269.0 215.0
263.0 214.0
263.0 214.0
252.0 219.0
252.0 219.0
249.0 219.0
249.0 219.0
247.0 221.0
247.0 221.0
244.0 221.0
244.0 221.0
238.0 225.0
238.0 225.0
234.0 225.0
234.0 225.0
230.0 228.0
230.0 228.0
217.0 231.0
217.0 231.0
214.0 233.0
214.0 233.0
209.0 233.0
209.0 233.0
202.0 236.0
202.0 236.0
195.0 236.0
195.0 236.0
186.0 239.0
186.0 239.0
170.0 238.0
170.0 238.0
164.0 231.0
164.0 231.0
165.0 225.0
165.0 225.0
168.0 222.0
168.0 222.0
168.0 220.0
168.0 220.0
180.0 214.0
180.0 214.0
191.0 212.0
191.0 212.0
208.0 212.0
208.0 212.0
208.0 210.0
208.0 210.0
202.0 204.0
202.0 204.0
201.0 200.0
201.0 200.0
198.0 197.0
198.0 197.0
193.0 196.0
193.0 196.0
192.0 194.0
192.0 194.0
183.0 191.0
183.0 191.0
173.0 185.0
173.0 185.0
158.0 181.0
158.0 181.0
153.0 182.0


27

92
108.0 189.0
109.0 187.0
109.0 187.0
107.0 187.0
107.0 187.0
101.0 193.0
101.0 193.0
98.0 194.0
98.0 194.0
97.0 206.0
97.0 206.0
99.0 213.0
99.0 213.0
102.0 219.0
102.0 219.0
105.0 221.0
105.0 221.0
105.0 223.0
105.0 223.0
108.0 224.0
108.0 224.0
112.0 229.0
112.0 229.0
118.0 231.0
118.0 231.0
127.0 226.0
127.0 226.0
128.0 224.0
128.0 224.0
130.0 224.0
130.0 224.0
131.0 222.0
131.0 222.0
133.0 222.0
133.0 222.0
134.0 220.0
134.0 220.0
138.0 219.0
138.0 219.0
142.0 215.0
142.0 215.0
146.0 214.0
146.0 214.0
152.0 208.0
152.0 208.0
156.0 198.0
156.0 198.0
156.0 193.0
156.0 193.0
153.0 187.0
153.0 187.0
146.0 181.0
146.0 181.0
142.0 179.0
142.0 179.0
124.0 179.0
124.0 179.0
120.0 181.0
120.0 181.0
113.0 189.0
113.0 189.0
112.0 200.0
112.0 200.0
116.0 206.0
116.0 206.0
120.0 208.0
120.0 208.0
127.0 208.0
127.0 208.0
133.0 203.0
133.0 203.0
133.0 198.0
133.0 198.0
130.0 197.0
130.0 197.0
130.0 194.0
130.0 194.0
132.0 193.0
132.0 193.0
137.0 197.0
137.0 197.0
137.0 205.0
137.0 205.0
128.0 212.0
128.0 212.0
119.0 212.0
119.0 212.0
113.0 209.0
113.0 209.0
108.0 202.0
108.0 202.0
108.0 189.0


28

118
362.0 198.0
368.0 198.0
368.0 198.0
368.0 196.0
368.0 196.0
346.0 195.0
346.0 195.0
319.0 204.0
319.0 204.0
314.0 204.0
314.0 204.0
310.0 206.0
310.0 206.0
300.0 206.0
300.0 206.0
282.0 202.0
282.0 202.0
265.0 193.0
265.0 193.0
262.0 197.0
262.0 197.0
255.0 201.0
255.0 201.0
256.0 204.0
256.0 204.0
262.0 206.0
262.0 206.0
266.0 210.0
266.0 210.0
272.0 212.0
272.0 212.0
273.0 214.0
273.0 214.0
279.0 217.0
279.0 217.0
282.0 217.0
282.0 217.0
283.0 219.0
283.0 219.0
289.0 222.0
289.0 222.0
320.0 230.0
320.0 230.0
325.0 235.0
325.0 235.0
325.0 240.0
325.0 240.0
320.0 245.0
320.0 245.0
314.0 247.0
314.0 247.0
302.0 247.0
302.0 247.0
277.0 241.0
277.0 241.0
266.0 236.0
266.0 236.0
261.0 232.0
261.0 232.0
256.0 232.0
256.0 232.0
243.0 239.0
243.0 239.0
250.0 244.0
250.0 244.0
256.0 245.0
256.0 245.0
261.0 249.0
261.0 249.0
269.0 251.0
269.0 251.0
270.0 253.0
270.0 253.0
287.0 260.0
287.0 260.0
288.0 262.0
288.0 262.0
307.0 272.0
307.0 272.0
311.0 276.0
311.0 276.0
320.0 276.0
320.0 276.0
326.0 274.0
326.0 274.0
328.0 272.0
328.0 272.0
333.0 271.0
333.0 271.0
339.0 265.0
339.0 265.0
346.0 262.0
346.0 262.0
353.0 255.0
353.0 255.0
353.0 253.0
353.0 253.0
355.0 252.0
355.0 252.0
355.0 248.0
355.0 248.0
358.0 246.0
358.0 246.0
358.0 244.0
358.0 244.0
354.0 241.0
354.0 241.0
350.0 234.0
350.0 234.0
350.0 230.0
350.0 230.0
348.0 228.0
348.0 228.0
348.0 216.0
348.0 216.0
353.0 205.0
353.0 205.0
362.0 198.0


29

80
371.0 217.0
375.0 217.0
375.0 217.0
375.0 220.0
375.0 220.0
372.0 222.0
372.0 222.0
372.0 226.0
372.0 226.0
376.0 230.0
376.0 230.0
384.0 232.0
384.0 232.0
390.0 229.0
390.0 229.0
394.0 224.0
394.0 224.0
394.0 213.0
394.0 213.0
392.0 209.0
392.0 209.0
385.0 206.0
385.0 206.0
383.0 203.0
383.0 203.0
379.0 201.0
379.0 201.0
363.0 202.0
363.0 202.0
354.0 211.0
354.0 211.0
352.0 217.0
352.0 217.0
353.0 228.0
353.0 228.0
359.0 242.0
359.0 242.0
362.0 245.0
362.0 245.0
366.0 246.0
366.0 246.0
369.0 250.0
369.0 250.0
371.0 250.0
371.0 250.0
375.0 255.0
375.0 255.0
378.0 255.0
378.0 255.0
385.0 252.0
385.0 252.0
385.0 250.0
385.0 250.0
391.0 248.0
391.0 248.0
397.0 242.0
397.0 242.0
406.0 224.0
406.0 224.0
405.0 220.0
405.0 220.0
401.0 216.0
401.0 216.0
399.0 216.0
399.0 216.0
396.0 227.0
396.0 227.0
390.0 233.0
390.0 233.0
384.0 236.0
384.0 236.0
379.0 236.0
379.0 236.0
372.0 233.0
372.0 233.0
368.0 228.0
368.0 228.0
368.0 221.0
368.0 221.0
371.0 217.0


30

32
95.0 219.0
96.0 215.0
96.0 215.0
94.0 213.0
94.0 213.0
92.0 201.0
92.0 201.0
88.0 205.0
88.0 205.0
86.0 211.0
86.0 211.0
84.0 212.0
84.0 212.0
80.0 221.0
80.0 221.0
78.0 222.0
78.0 222.0
70.0 245.0
70.0 245.0
75.0 243.0
75.0 243.0
82.0 236.0
82.0 236.0
82.0 234.0
82.0 234.0
86.0 231.0
86.0 231.0
88.0 226.0
88.0 226.0
90.0 226.0
90.0 226.0
95.0 219.0


31

28
112.0 236.0
113.0 234.0
113.0 234.0
109.0 233.0
109.0 233.0
97.0 220.0
97.0 220.0
95.0 225.0
95.0 225.0
89.0 230.0
89.0 230.0
89.0 232.0
89.0 232.0
78.0 245.0
78.0 245.0
77.0 252.0
77.0 252.0
75.0 255.0
75.0 255.0
75.0 271.0
75.0 271.0
77.0 276.0
77.0 276.0
79.0 276.0
79.0 276.0
86.0 263.0
86.0 263.0
112.0 236.0


32

34
403.0 243.0
415.0 272.0
415.0 272.0
418.0 274.0
418.0 274.0
420.0 279.0
420.0 279.0
422.0 279.0
422.0 279.0
425.0 282.0
425.0 282.0
431.0 283.0
431.0 283.0
432.0 275.0
432.0 275.0
430.0 272.0
430.0 272.0
428.0 259.0
428.0 259.0
422.0 248.0
422.0 248.0
422.0 245.0
422.0 245.0
417.0 234.0
417.0 234.0
414.0 231.0
414.0 231.0
412.0 231.0
412.0 231.0
411.0 227.0
411.0 227.0
409.0 227.0
409.0 227.0
403.0 243.0


33

40
134.0 244.0
135.0 241.0
135.0 241.0
133.0 238.0
133.0 238.0
132.0 229.0
132.0 229.0
129.0 228.0
129.0 228.0
126.0 231.0
126.0 231.0
124.0 231.0
124.0 231.0
121.0 235.0
121.0 235.0
119.0 235.0
119.0 235.0
95.0 259.0
95.0 259.0
95.0 261.0
95.0 261.0
92.0 264.0
92.0 264.0
91.0 271.0
91.0 271.0
99.0 270.0
99.0 270.0
106.0 264.0
106.0 264.0
116.0 259.0
116.0 259.0
118.0 256.0
118.0 256.0
120.0 256.0
120.0 256.0
124.0 251.0
124.0 251.0
132.0 247.0
132.0 247.0
134.0 244.0


34

4
76.0 245.0
77.0 244.0
77.0 244.0
76.0 245.0


35

32
75.0 247.0
76.0 245.0
76.0 245.0
67.0 250.0
67.0 250.0
63.0 269.0
63.0 269.0
61.0 272.0
61.0 272.0
60.0 282.0
60.0 282.0
61.0 302.0
61.0 302.0
65.0 315.0
65.0 315.0
67.0 316.0
67.0 316.0
68.0 319.0
68.0 319.0
69.0 301.0
69.0 301.0
73.0 285.0
73.0 285.0
75.0 283.0
75.0 283.0
75.0 278.0
75.0 278.0
73.0 276.0
73.0 276.0
71.0 264.0
71.0 264.0
75.0 247.0


36

244
233.0 250.0
242.0 252.0
242.0 252.0
249.0 259.0
249.0 259.0
251.0 264.0
251.0 264.0
263.0 259.0
263.0 259.0
272.0 259.0
272.0 259.0
278.0 264.0
278.0 264.0
280.0 264.0
280.0 264.0
280.0 266.0
280.0 266.0
282.0 266.0
282.0 266.0
282.0 271.0
282.0 271.0
270.0 271.0
270.0 271.0
262.0 275.0
262.0 275.0
259.0 278.0
259.0 278.0
262.0 285.0
262.0 285.0
264.0 285.0
264.0 285.0
269.0 280.0
269.0 280.0
284.0 274.0
284.0 274.0
294.0 274.0
294.0 274.0
296.0 276.0
296.0 276.0
301.0 277.0
301.0 277.0
305.0 281.0
305.0 281.0
304.0 284.0
304.0 284.0
298.0 283.0
298.0 283.0
288.0 287.0
288.0 287.0
283.0 292.0
283.0 292.0
281.0 292.0
281.0 292.0
280.0 294.0
280.0 294.0
271.0 299.0
271.0 299.0
271.0 302.0
271.0 302.0
274.0 303.0
274.0 303.0
276.0 301.0
276.0 301.0
279.0 301.0
279.0 301.0
280.0 299.0
280.0 299.0
289.0 296.0
289.0 296.0
300.0 295.0
300.0 295.0
307.0 298.0
307.0 298.0
310.0 301.0
310.0 301.0
308.0 305.0
308.0 305.0
299.0 305.0
299.0 305.0
281.0 316.0
281.0 316.0
281.0 320.0
281.0 320.0
284.0 326.0
284.0 326.0
285.0 353.0
285.0 353.0
290.0 363.0
290.0 363.0
297.0 369.0
297.0 369.0
298.0 367.0
298.0 367.0
302.0 366.0
302.0 366.0
304.0 362.0
304.0 362.0
306.0 362.0
306.0 362.0
310.0 358.0
310.0 358.0
310.0 356.0
310.0 356.0
317.0 350.0
317.0 350.0
317.0 348.0
317.0 348.0
323.0 342.0
323.0 342.0
327.0 334.0
327.0 334.0
331.0 319.0
331.0 319.0
329.0 299.0
329.0 299.0
322.0 289.0
322.0 289.0
320.0 289.0
320.0 289.0
315.0 283.0
315.0 283.0
313.0 283.0
313.0 283.0
310.0 279.0
310.0 279.0
305.0 277.0
305.0 277.0
300.0 272.0
300.0 272.0
294.0 270.0
294.0 270.0
293.0 268.0
293.0 268.0
289.0 267.0
289.0 267.0
288.0 265.0
288.0 265.0
278.0 260.0
278.0 260.0
273.0 259.0
273.0 259.0
272.0 257.0
272.0 257.0
262.0 252.0
262.0 252.0
259.0 252.0
259.0 252.0
247.0 246.0
247.0 246.0
241.0 241.0
241.0 241.0
234.0 242.0
234.0 242.0
233.0 244.0
233.0 244.0
211.0 255.0
211.0 255.0
189.0 273.0
189.0 273.0
189.0 276.0
189.0 276.0
184.0 281.0
184.0 281.0
184.0 284.0
184.0 284.0
180.0 290.0
180.0 290.0
175.0 308.0
175.0 308.0
175.0 322.0
175.0 322.0
180.0 337.0
180.0 337.0
182.0 338.0
182.0 338.0
188.0 349.0
188.0 349.0
191.0 349.0
191.0 349.0
193.0 347.0
193.0 347.0
198.0 331.0
198.0 331.0
198.0 304.0
198.0 304.0
201.0 298.0
201.0 298.0
204.0 295.0
204.0 295.0
206.0 295.0
206.0 295.0
203.0 289.0
203.0 289.0
199.0 285.0
199.0 285.0
191.0 282.0
191.0 282.0
190.0 279.0
190.0 279.0
198.0 275.0
198.0 275.0
206.0 275.0
206.0 275.0
212.0 278.0
212.0 278.0
217.0 286.0
217.0 286.0
222.0 285.0
222.0 285.0
223.0 281.0
223.0 281.0
218.0 275.0
218.0 275.0
218.0 273.0
218.0 273.0
212.0 268.0
212.0 268.0
206.0 267.0
206.0 267.0
206.0 264.0
206.0 264.0
215.0 260.0
215.0 260.0
221.0 260.0
221.0 260.0
229.0 264.0
229.0 264.0
229.0 266.0
229.0 266.0
237.0 274.0
237.0 274.0
238.0 272.0
238.0 272.0
237.0 269.0
237.0 269.0
235.0 268.0
235.0 268.0
234.0 263.0
234.0 263.0
223.0 255.0
223.0 255.0
224.0 252.0
224.0 252.0
233.0 250.0


37

6
122.0 256.0
124.0 256.0
124.0 256.0
124.0 254.0
124.0 254.0
122.0 256.0


38

18
231.0 256.0
238.0 261.0
238.0 261.0
238.0 264.0
238.0 264.0
240.0 265.0
240.0 265.0
242.0 270.0
242.0 270.0
248.0 267.0
248.0 267.0
248.0 264.0
248.0 264.0
240.0 255.0
240.0 255.0
234.0 254.0
234.0 254.0
231.0 256.0


39

76
121.0 258.0
122.0 256.0
122.0 256.0
115.0 260.0
115.0 260.0
113.0 263.0
113.0 263.0
109.0 264.0
109.0 264.0
109.0 266.0
109.0 266.0
106.0 266.0
106.0 266.0
105.0 268.0
105.0 268.0
103.0 268.0
103.0 268.0
103.0 270.0
103.0 270.0
100.0 270.0
100.0 270.0
95.0 274.0
95.0 274.0
91.0 274.0
91.0 274.0
89.0 272.0
89.0 272.0
89.0 268.0
89.0 268.0
87.0 269.0
87.0 269.0
87.0 271.0
87.0 271.0
85.0 272.0
85.0 272.0
84.0 276.0
84.0 276.0
82.0 277.0
82.0 277.0
81.0 281.0
81.0 281.0
77.0 286.0
77.0 286.0
76.0 295.0
76.0 295.0
73.0 303.0
73.0 303.0
74.0 317.0
74.0 317.0
78.0 316.0
78.0 316.0
79.0 314.0
79.0 314.0
87.0 310.0
87.0 310.0
89.0 307.0
89.0 307.0
91.0 307.0
91.0 307.0
92.0 304.0
92.0 304.0
100.0 300.0
100.0 300.0
107.0 293.0
107.0 293.0
107.0 291.0
107.0 291.0
105.0 290.0
105.0 290.0
106.0 279.0
106.0 279.0
110.0 275.0
110.0 275.0
114.0 266.0
114.0 266.0
121.0 258.0


40

30
380.0 260.0
388.0 264.0
388.0 264.0
401.0 277.0
401.0 277.0
401.0 279.0
401.0 279.0
407.0 286.0
407.0 286.0
410.0 285.0
410.0 285.0
412.0 277.0
412.0 277.0
411.0 270.0
411.0 270.0
409.0 269.0
409.0 269.0
409.0 265.0
409.0 265.0
406.0 261.0
406.0 261.0
401.0 245.0
401.0 245.0
393.0 249.0
393.0 249.0
386.0 256.0
386.0 256.0
381.0 257.0
381.0 257.0
380.0 260.0


41

36
151.0 266.0
152.0 264.0
152.0 264.0
144.0 257.0
144.0 257.0
140.0 250.0
140.0 250.0
137.0 247.0
137.0 247.0
135.0 247.0
135.0 247.0
119.0 262.0
119.0 262.0
119.0 264.0
119.0 264.0
114.0 269.0
114.0 269.0
109.0 279.0
109.0 279.0
108.0 288.0
108.0 288.0
116.0 289.0
116.0 289.0
123.0 285.0
123.0 285.0
126.0 285.0
126.0 285.0
128.0 282.0
128.0 282.0
132.0 281.0
132.0 281.0
133.0 279.0
133.0 279.0
141.0 275.0
141.0 275.0
151.0 266.0


42

22
215.0 266.0
217.0 266.0
217.0 266.0
220.0 269.0
220.0 269.0
223.0 276.0
223.0 276.0
228.0 281.0
228.0 281.0
233.0 296.0
233.0 296.0
235.0 298.0
235.0 298.0
240.0 297.0
240.0 297.0
241.0 293.0
241.0 293.0
229.0 270.0
229.0 270.0
221.0 264.0
221.0 264.0
215.0 266.0


43

36
270.0 266.0
272.0 266.0
272.0 266.0
272.0 264.0
272.0 264.0
263.0 263.0
263.0 263.0
254.0 267.0
254.0 267.0
253.0 269.0
253.0 269.0
251.0 269.0
251.0 269.0
250.0 271.0
250.0 271.0
246.0 272.0
246.0 272.0
245.0 274.0
245.0 274.0
238.0 278.0
238.0 278.0
240.0 284.0
240.0 284.0
247.0 282.0
247.0 282.0
248.0 280.0
248.0 280.0
252.0 279.0
252.0 279.0
255.0 275.0
255.0 275.0
257.0 275.0
257.0 275.0
259.0 272.0
259.0 272.0
270.0 266.0


44

76
346.0 266.0
356.0 279.0
356.0 279.0
366.0 283.0
366.0 283.0
367.0 285.0
367.0 285.0
375.0 289.0
375.0 289.0
382.0 289.0
382.0 289.0
383.0 287.0
383.0 287.0
381.0 277.0
381.0 277.0
381.0 269.0
381.0 269.0
383.0 269.0
383.0 269.0
385.0 289.0
385.0 289.0
381.0 293.0
381.0 293.0
374.0 292.0
374.0 292.0
373.0 290.0
373.0 290.0
366.0 288.0
366.0 288.0
364.0 285.0
364.0 285.0
362.0 285.0
362.0 285.0
362.0 287.0
362.0 287.0
365.0 288.0
365.0 288.0
366.0 291.0
366.0 291.0
368.0 292.0
368.0 292.0
369.0 296.0
369.0 296.0
372.0 299.0
372.0 299.0
372.0 303.0
372.0 303.0
375.0 309.0
375.0 309.0
378.0 311.0
378.0 311.0
378.0 313.0
378.0 313.0
393.0 329.0
393.0 329.0
398.0 331.0
398.0 331.0
401.0 316.0
401.0 316.0
401.0 305.0
401.0 305.0
399.0 292.0
399.0 292.0
396.0 284.0
396.0 284.0
396.0 278.0
396.0 278.0
362.0 248.0
362.0 248.0
358.0 251.0
358.0 251.0
355.0 258.0
355.0 258.0
352.0 259.0
352.0 259.0
346.0 266.0


45

50
348.0 277.0
349.0 276.0
349.0 276.0
347.0 275.0
347.0 275.0
347.0 273.0
347.0 273.0
343.0 270.0
343.0 270.0
343.0 268.0
343.0 268.0
341.0 268.0
341.0 268.0
333.0 275.0
333.0 275.0
330.0 275.0
330.0 275.0
327.0 278.0
327.0 278.0
319.0 280.0
319.0 280.0
319.0 282.0
319.0 282.0
322.0 285.0
322.0 285.0
324.0 285.0
324.0 285.0
330.0 293.0
330.0 293.0
334.0 294.0
334.0 294.0
334.0 296.0
334.0 296.0
339.0 300.0
339.0 300.0
340.0 303.0
340.0 303.0
352.0 308.0
352.0 308.0
355.0 305.0
355.0 305.0
355.0 298.0
355.0 298.0
354.0 291.0
354.0 291.0
351.0 287.0
351.0 287.0
351.0 283.0
351.0 283.0
348.0 277.0


46

42
141.0 279.0
142.0 277.0
142.0 277.0
135.0 280.0
135.0 280.0
125.0 288.0
125.0 288.0
113.0 291.0
113.0 291.0
108.0 295.0
108.0 295.0
99.0 313.0
99.0 313.0
98.0 323.0
98.0 323.0
99.0 330.0
99.0 330.0
101.0 332.0
101.0 332.0
108.0 332.0
108.0 332.0
111.0 329.0
111.0 329.0
114.0 329.0
114.0 329.0
119.0 325.0
119.0 325.0
123.0 324.0
123.0 324.0
123.0 322.0
123.0 322.0
126.0 322.0
126.0 322.0
133.0 316.0
133.0 316.0
132.0 301.0
132.0 301.0
138.0 283.0
138.0 283.0
140.0 282.0
140.0 282.0
141.0 279.0


47

112
181.0 279.0
181.0 275.0
181.0 275.0
167.0 274.0
167.0 274.0
158.0 270.0
158.0 270.0
157.0 268.0
157.0 268.0
154.0 268.0
154.0 268.0
152.0 271.0
152.0 271.0
149.0 271.0
149.0 271.0
139.0 286.0
139.0 286.0
135.0 302.0
135.0 302.0
135.0 313.0
135.0 313.0
137.0 315.0
137.0 315.0
145.0 315.0
145.0 315.0
151.0 313.0
151.0 313.0
152.0 311.0
152.0 311.0
158.0 309.0
158.0 309.0
158.0 307.0
158.0 307.0
161.0 307.0
161.0 307.0
164.0 304.0
164.0 304.0
164.0 302.0
164.0 302.0
169.0 300.0
169.0 300.0
170.0 297.0
170.0 297.0
172.0 297.0
172.0 297.0
172.0 300.0
172.0 300.0
168.0 304.0
168.0 304.0
166.0 304.0
166.0 304.0
161.0 310.0
161.0 310.0
154.0 312.0
154.0 312.0
152.0 315.0
152.0 315.0
140.0 318.0
140.0 318.0
133.0 318.0
133.0 318.0
133.0 320.0
133.0 320.0
131.0 320.0
131.0 320.0
129.0 324.0
129.0 324.0
126.0 324.0
126.0 324.0
121.0 336.0
121.0 336.0
128.0 332.0
128.0 332.0
131.0 328.0
131.0 328.0
134.0 328.0
134.0 328.0
140.0 324.0
140.0 324.0
144.0 324.0
144.0 324.0
152.0 327.0
152.0 327.0
153.0 329.0
153.0 329.0
158.0 331.0
158.0 331.0
162.0 337.0
162.0 337.0
164.0 337.0
164.0 337.0
165.0 332.0
165.0 332.0
172.0 326.0
172.0 326.0
171.0 319.0
171.0 319.0
164.0 322.0
164.0 322.0
158.0 328.0
158.0 328.0
158.0 330.0
158.0 330.0
156.0 328.0
156.0 328.0
167.0 318.0
167.0 318.0
170.0 318.0
170.0 318.0
173.0 298.0
173.0 298.0
181.0 279.0


48

32
293.0 280.0
294.0 279.0
294.0 279.0
291.0 278.0
291.0 278.0
278.0 280.0
278.0 280.0
277.0 282.0
277.0 282.0
269.0 285.0
269.0 285.0
265.0 289.0
265.0 289.0
265.0 291.0
265.0 291.0
267.0 292.0
267.0 292.0
268.0 295.0
268.0 295.0
271.0 295.0
271.0 295.0
275.0 291.0
275.0 291.0
279.0 290.0
279.0 290.0
282.0 286.0
282.0 286.0
286.0 285.0
286.0 285.0
287.0 283.0
287.0 283.0
293.0 280.0


49

18
199.0 281.0
202.0 284.0
202.0 284.0
204.0 284.0
204.0 284.0
209.0 291.0
209.0 291.0
215.0 289.0
215.0 289.0
212.0 283.0
212.0 283.0
210.0 283.0
210.0 283.0
208.0 280.0
208.0 280.0
200.0 279.0
200.0 279.0
199.0 281.0


50

58
352.0 282.0
357.0 296.0
357.0 296.0
356.0 310.0
356.0 310.0
345.0 310.0
345.0 310.0
344.0 308.0
344.0 308.0
339.0 306.0
339.0 306.0
336.0 301.0
336.0 301.0
334.0 301.0
334.0 301.0
334.0 303.0
334.0 303.0
335.0 305.0
335.0 305.0
338.0 306.0
338.0 306.0
345.0 322.0
345.0 322.0
353.0 329.0
353.0 329.0
357.0 336.0
357.0 336.0
366.0 344.0
366.0 344.0
372.0 346.0
372.0 346.0
373.0 348.0
373.0 348.0
376.0 348.0
376.0 348.0
379.0 342.0
379.0 342.0
379.0 334.0
379.0 334.0
372.0 306.0
372.0 306.0
369.0 303.0
369.0 303.0
366.0 296.0
366.0 296.0
364.0 295.0
364.0 295.0
361.0 287.0
361.0 287.0
358.0 285.0
358.0 285.0
358.0 282.0
358.0 282.0
356.0 282.0
356.0 282.0
353.0 279.0
353.0 279.0
352.0 282.0


51

46
398.0 284.0
402.0 296.0
402.0 296.0
403.0 318.0
403.0 318.0
408.0 318.0
408.0 318.0
406.0 322.0
406.0 322.0
407.0 341.0
407.0 341.0
405.0 345.0
405.0 345.0
402.0 347.0
402.0 347.0
400.0 353.0
400.0 353.0
398.0 354.0
398.0 354.0
396.0 360.0
396.0 360.0
394.0 361.0
394.0 361.0
389.0 371.0
389.0 371.0
396.0 368.0
396.0 368.0
401.0 362.0
401.0 362.0
403.0 362.0
403.0 362.0
410.0 356.0
410.0 356.0
414.0 349.0
414.0 349.0
417.0 335.0
417.0 335.0
416.0 319.0
416.0 319.0
412.0 303.0
412.0 303.0
403.0 286.0
403.0 286.0
399.0 282.0
399.0 282.0
398.0 284.0


52

26
250.0 288.0
252.0 292.0
252.0 292.0
255.0 294.0
255.0 294.0
256.0 298.0
256.0 298.0
258.0 299.0
258.0 299.0
263.0 309.0
263.0 309.0
268.0 307.0
268.0 307.0
261.0 295.0
261.0 295.0
261.0 292.0
261.0 292.0
258.0 291.0
258.0 291.0
258.0 286.0
258.0 286.0
256.0 282.0
256.0 282.0
251.0 283.0
251.0 283.0
250.0 288.0


53

32
410.0 291.0
418.0 307.0
418.0 307.0
418.0 312.0
418.0 312.0
421.0 320.0
421.0 320.0
422.0 342.0
422.0 342.0
427.0 335.0
427.0 335.0
427.0 331.0
427.0 331.0
430.0 326.0
430.0 326.0
433.0 315.0
433.0 315.0
433.0 286.0
433.0 286.0
427.0 287.0
427.0 287.0
423.0 285.0
423.0 285.0
414.0 276.0
414.0 276.0
413.0 284.0
413.0 284.0
412.0 287.0
412.0 287.0
410.0 288.0
410.0 288.0
410.0 291.0


54

120
226.0 294.0
227.0 291.0
227.0 291.0
226.0 288.0
226.0 288.0
224.0 288.0
224.0 288.0
204.0 301.0
204.0 301.0
202.0 307.0
202.0 307.0
202.0 338.0
202.0 338.0
205.0 349.0
205.0 349.0
209.0 355.0
209.0 355.0
205.0 353.0
205.0 353.0
203.0 346.0
203.0 346.0
201.0 344.0
201.0 344.0
201.0 339.0
201.0 339.0
199.0 341.0
199.0 341.0
197.0 349.0
197.0 349.0
192.0 353.0
192.0 353.0
197.0 368.0
197.0 368.0
195.0 368.0
195.0 368.0
194.0 364.0
194.0 364.0
192.0 363.0
192.0 363.0
190.0 355.0
190.0 355.0
186.0 354.0
186.0 354.0
185.0 352.0
185.0 352.0
182.0 352.0
182.0 352.0
182.0 373.0
182.0 373.0
183.0 378.0
183.0 378.0
187.0 383.0
187.0 383.0
193.0 383.0
193.0 383.0
200.0 377.0
200.0 377.0
202.0 371.0
202.0 371.0
204.0 370.0
204.0 370.0
207.0 364.0
207.0 364.0
213.0 347.0
213.0 347.0
216.0 346.0
216.0 346.0
206.0 327.0
206.0 327.0
204.0 311.0
204.0 311.0
206.0 314.0
206.0 314.0
208.0 328.0
208.0 328.0
213.0 338.0
213.0 338.0
215.0 339.0
215.0 339.0
217.0 345.0
217.0 345.0
229.0 343.0
229.0 343.0
230.0 341.0
230.0 341.0
233.0 341.0
233.0 341.0
246.0 334.0
246.0 334.0
244.0 326.0
244.0 326.0
241.0 326.0
241.0 326.0
240.0 328.0
240.0 328.0
227.0 333.0
227.0 333.0
220.0 331.0
220.0 331.0
219.0 327.0
219.0 327.0
221.0 324.0
221.0 324.0
224.0 323.0
224.0 323.0
224.0 321.0
224.0 321.0
221.0 316.0
221.0 316.0
212.0 313.0
212.0 313.0
210.0 311.0
210.0 311.0
210.0 308.0
210.0 308.0
213.0 304.0
213.0 304.0
219.0 301.0
219.0 301.0
226.0 294.0


55

38
297.0 301.0
298.0 300.0
298.0 300.0
294.0 299.0
294.0 299.0
285.0 300.0
285.0 300.0
281.0 304.0
281.0 304.0
278.0 304.0
278.0 304.0
277.0 306.0
277.0 306.0
271.0 308.0
271.0 308.0
268.0 312.0
268.0 312.0
261.0 315.0
261.0 315.0
262.0 320.0
262.0 320.0
267.0 320.0
267.0 320.0
271.0 318.0
271.0 318.0
272.0 316.0
272.0 316.0
276.0 315.0
276.0 315.0
277.0 313.0
277.0 313.0
279.0 313.0
279.0 313.0
280.0 311.0
280.0 311.0
294.0 304.0
294.0 304.0
297.0 301.0


56

42
101.0 303.0
102.0 302.0
102.0 302.0
99.0 302.0
99.0 302.0
87.0 313.0
87.0 313.0
85.0 313.0
85.0 313.0
84.0 315.0
84.0 315.0
80.0 316.0
80.0 316.0
80.0 318.0
80.0 318.0
75.0 320.0
75.0 320.0
76.0 335.0
76.0 335.0
79.0 340.0
79.0 340.0
81.0 349.0
81.0 349.0
87.0 357.0
87.0 357.0
91.0 346.0
91.0 346.0
91.0 324.0
91.0 324.0
90.0 319.0
90.0 319.0
88.0 318.0
88.0 318.0
87.0 315.0
87.0 315.0
88.0 313.0
88.0 313.0
91.0 313.0
91.0 313.0
95.0 319.0
95.0 319.0
101.0 303.0


57

20
254.0 306.0
255.0 304.0
255.0 304.0
252.0 301.0
252.0 301.0
252.0 299.0
252.0 299.0
248.0 298.0
248.0 298.0
245.0 301.0
245.0 301.0
242.0 301.0
242.0 301.0
232.0 307.0
232.0 307.0
235.0 313.0
235.0 313.0
239.0 314.0
239.0 314.0
254.0 306.0


58

4
334.0 306.0
335.0 305.0
335.0 305.0
334.0 306.0


59

32
219.0 307.0
221.0 308.0
221.0 308.0
224.0 315.0
224.0 315.0
228.0 319.0
228.0 319.0
230.0 325.0
230.0 325.0
232.0 327.0
232.0 327.0
236.0 326.0
236.0 326.0
237.0 324.0
237.0 324.0
233.0 319.0
233.0 319.0
233.0 316.0
233.0 316.0
229.0 311.0
229.0 311.0
228.0 307.0
228.0 307.0
226.0 306.0
226.0 306.0
225.0 302.0
225.0 302.0
222.0 302.0
222.0 302.0
219.0 305.0
219.0 305.0
219.0 307.0


60

8
335.0 314.0
341.0 319.0
341.0 319.0
341.0 316.0
341.0 316.0
336.0 306.0
336.0 306.0
335.0 314.0


61

4
376.0 315.0
377.0 314.0
377.0 314.0
376.0 315.0


62

76
244.0 319.0
250.0 328.0
250.0 328.0
253.0 339.0
253.0 339.0
249.0 342.0
249.0 342.0
244.0 342.0
244.0 342.0
243.0 340.0
243.0 340.0
238.0 342.0
238.0 342.0
238.0 345.0
238.0 345.0
242.0 350.0
242.0 350.0
251.0 349.0
251.0 349.0
255.0 346.0
255.0 346.0
258.0 346.0
258.0 346.0
261.0 343.0
261.0 343.0
265.0 342.0
265.0 342.0
266.0 340.0
266.0 340.0
270.0 339.0
270.0 339.0
272.0 336.0
272.0 336.0
274.0 336.0
274.0 336.0
276.0 331.0
276.0 331.0
278.0 332.0
278.0 332.0
278.0 334.0
278.0 334.0
270.0 341.0
270.0 341.0
250.0 351.0
250.0 351.0
247.0 351.0
247.0 351.0
247.0 353.0
247.0 353.0
250.0 355.0
250.0 355.0
263.0 359.0
263.0 359.0
267.0 358.0
267.0 358.0
279.0 346.0
279.0 346.0
280.0 329.0
280.0 329.0
277.0 320.0
277.0 320.0
275.0 319.0
275.0 319.0
270.0 323.0
270.0 323.0
268.0 331.0
268.0 331.0
263.0 331.0
263.0 331.0
259.0 327.0
259.0 327.0
252.0 313.0
252.0 313.0
245.0 315.0
245.0 315.0
244.0 319.0


63

6
341.0 321.0
343.0 322.0
343.0 322.0
342.0 319.0
342.0 319.0
341.0 321.0


64

4
378.0 323.0
379.0 321.0
379.0 321.0
378.0 323.0


65

4
402.0 323.0
403.0 318.0
403.0 318.0
402.0 323.0


66

48
379.0 328.0
382.0 338.0
382.0 338.0
380.0 346.0
380.0 346.0
377.0 350.0
377.0 350.0
370.0 350.0
370.0 350.0
362.0 342.0
362.0 342.0
360.0 342.0
360.0 342.0
353.0 334.0
353.0 334.0
353.0 332.0
353.0 332.0
347.0 327.0
347.0 327.0
347.0 329.0
347.0 329.0
351.0 333.0
351.0 333.0
352.0 338.0
352.0 338.0
355.0 341.0
355.0 341.0
357.0 351.0
357.0 351.0
364.0 358.0
364.0 358.0
366.0 358.0
366.0 358.0
366.0 360.0
366.0 360.0
370.0 363.0
370.0 363.0
372.0 368.0
372.0 368.0
375.0 366.0
375.0 366.0
383.0 342.0
383.0 342.0
384.0 334.0
384.0 334.0
380.0 323.0
380.0 323.0
379.0 328.0


67

44
386.0 329.0
388.0 333.0
388.0 333.0
387.0 344.0
387.0 344.0
389.0 346.0
389.0 346.0
393.0 346.0
393.0 346.0
394.0 348.0
394.0 348.0
391.0 349.0
391.0 349.0
386.0 346.0
386.0 346.0
382.0 355.0
382.0 355.0
382.0 359.0
382.0 359.0
391.0 360.0
391.0 360.0
391.0 358.0
391.0 358.0
393.0 357.0
393.0 357.0
394.0 353.0
394.0 353.0
396.0 352.0
396.0 352.0
397.0 348.0
397.0 348.0
399.0 347.0
399.0 347.0
403.0 340.0
403.0 340.0
402.0 329.0
402.0 329.0
399.0 334.0
399.0 334.0
389.0 329.0
389.0 329.0
387.0 325.0
387.0 325.0
386.0 329.0


68

30
332.0 331.0
335.0 331.0
335.0 331.0
336.0 339.0
336.0 339.0
339.0 343.0
339.0 343.0
340.0 348.0
340.0 348.0
343.0 351.0
343.0 351.0
355.0 351.0
355.0 351.0
355.0 347.0
355.0 347.0
353.0 345.0
353.0 345.0
352.0 339.0
352.0 339.0
350.0 338.0
350.0 338.0
350.0 335.0
350.0 335.0
337.0 318.0
337.0 318.0
335.0 319.0
335.0 319.0
335.0 325.0
335.0 325.0
332.0 331.0


69

16
117.0 332.0
118.0 331.0
118.0 331.0
114.0 331.0
114.0 331.0
107.0 335.0
107.0 335.0
99.0 335.0
99.0 335.0
96.0 333.0
96.0 333.0
96.0 343.0
96.0 343.0
113.0 343.0
113.0 343.0
117.0 332.0


70

4
120.0 337.0
121.0 336.0
121.0 336.0
120.0 337.0


71

20
165.0 342.0
168.0 345.0
168.0 345.0
170.0 351.0
170.0 351.0
172.0 352.0
172.0 352.0
177.0 343.0
177.0 343.0
177.0 339.0
177.0 339.0
174.0 335.0
174.0 335.0
173.0 329.0
173.0 329.0
171.0 329.0
171.0 329.0
167.0 333.0
167.0 333.0
165.0 342.0


72

28
112.0 347.0
113.0 345.0
113.0 345.0
95.0 345.0
95.0 345.0
94.0 347.0
94.0 347.0
93.0 357.0
93.0 357.0
96.0 361.0
96.0 361.0
108.0 360.0
108.0 360.0
108.0 362.0
108.0 362.0
96.0 363.0
96.0 363.0
99.0 369.0
99.0 369.0
100.0 378.0
100.0 378.0
102.0 380.0
102.0 380.0
111.0 378.0
111.0 378.0
110.0 357.0
110.0 357.0
112.0 347.0


73

12
181.0 348.0
181.0 345.0
181.0 345.0
178.0 344.0
178.0 344.0
175.0 351.0
175.0 351.0
172.0 354.0
172.0 354.0
179.0 370.0
179.0 370.0
181.0 348.0


74

28
323.0 349.0
328.0 359.0
328.0 359.0
332.0 358.0
332.0 358.0
334.0 355.0
334.0 355.0
341.0 352.0
341.0 352.0
341.0 350.0
341.0 350.0
338.0 349.0
338.0 349.0
338.0 346.0
338.0 346.0
334.0 341.0
334.0 341.0
332.0 334.0
332.0 334.0
330.0 335.0
330.0 335.0
330.0 339.0
330.0 339.0
328.0 340.0
328.0 340.0
327.0 344.0
327.0 344.0
323.0 349.0


75

4
88.0 358.0
89.0 357.0
89.0 357.0
88.0 358.0


76

24
267.0 361.0
271.0 365.0
271.0 365.0
273.0 365.0
273.0 365.0
274.0 368.0
274.0 368.0
277.0 370.0
277.0 370.0
283.0 364.0
283.0 364.0
283.0 358.0
283.0 358.0
281.0 356.0
281.0 356.0
280.0 349.0
280.0 349.0
278.0 349.0
278.0 349.0
275.0 354.0
275.0 354.0
268.0 358.0
268.0 358.0
267.0 361.0


77

40
326.0 361.0
327.0 360.0
327.0 360.0
322.0 355.0
322.0 355.0
322.0 352.0
322.0 352.0
320.0 352.0
320.0 352.0
314.0 358.0
314.0 358.0
314.0 360.0
314.0 360.0
308.0 365.0
308.0 365.0
308.0 374.0
308.0 374.0
306.0 373.0
306.0 373.0
305.0 369.0
305.0 369.0
300.0 373.0
300.0 373.0
295.0 374.0
295.0 374.0
293.0 383.0
293.0 383.0
293.0 393.0
293.0 393.0
298.0 391.0
298.0 391.0
305.0 384.0
305.0 384.0
305.0 382.0
305.0 382.0
312.0 376.0
312.0 376.0
312.0 374.0
312.0 374.0
326.0 361.0


78

14
387.0 365.0
388.0 362.0
388.0 362.0
380.0 361.0
380.0 361.0
375.0 376.0
375.0 376.0
381.0 377.0
381.0 377.0
382.0 372.0
382.0 372.0
385.0 370.0
385.0 370.0
387.0 365.0


79

18
288.0 371.0
289.0 367.0
289.0 367.0
285.0 364.0
285.0 364.0
280.0 370.0
280.0 370.0
278.0 370.0
278.0 370.0
278.0 373.0
278.0 373.0
281.0 376.0
281.0 376.0
281.0 378.0
281.0 378.0
283.0 378.0
283.0 378.0
288.0 371.0


80

12
292.0 375.0
293.0 372.0
293.0 372.0
291.0 371.0
291.0 371.0
283.0 380.0
283.0 380.0
290.0 391.0
290.0 391.0
292.0 385.0
292.0 385.0
292.0 375.0


81

14
378.0 383.0
379.0 379.0
379.0 379.0
373.0 378.0
373.0 378.0
369.0 385.0
369.0 385.0
369.0 388.0
369.0 388.0
372.0 391.0
372.0 391.0
375.0 391.0
375.0 391.0
378.0 383.0


82

28
101.0 386.0
102.0 391.0
102.0 391.0
104.0 393.0
104.0 393.0
113.0 392.0
113.0 392.0
113.0 394.0
113.0 394.0
111.0 395.0
111.0 395.0
104.0 395.0
104.0 395.0
104.0 401.0
104.0 401.0
106.0 405.0
106.0 405.0
116.0 403.0
116.0 403.0
117.0 400.0
117.0 400.0
115.0 397.0
115.0 397.0
112.0 380.0
112.0 380.0
101.0 382.0
101.0 382.0
101.0 386.0


83

82
415.0 390.0
415.0 387.0
415.0 387.0
410.0 388.0
410.0 388.0
404.0 392.0
404.0 392.0
401.0 392.0
401.0 392.0
397.0 395.0
397.0 395.0
380.0 401.0
380.0 401.0
375.0 398.0
375.0 398.0
374.0 392.0
374.0 392.0
371.0 392.0
371.0 392.0
367.0 389.0
367.0 389.0
360.0 401.0
360.0 401.0
363.0 405.0
363.0 405.0
369.0 408.0
369.0 408.0
374.0 408.0
374.0 408.0
375.0 410.0
375.0 410.0
364.0 408.0
364.0 408.0
362.0 405.0
362.0 405.0
360.0 405.0
360.0 405.0
358.0 402.0
358.0 402.0
355.0 402.0
355.0 402.0
354.0 400.0
354.0 400.0
344.0 401.0
344.0 401.0
344.0 405.0
344.0 405.0
346.0 407.0
346.0 407.0
347.0 412.0
347.0 412.0
352.0 417.0
352.0 417.0
358.0 420.0
358.0 420.0
368.0 422.0
368.0 422.0
368.0 420.0
368.0 420.0
372.0 417.0
372.0 417.0
372.0 414.0
372.0 414.0
374.0 412.0
374.0 412.0
385.0 411.0
385.0 411.0
393.0 406.0
393.0 406.0
396.0 406.0
396.0 406.0
397.0 404.0
397.0 404.0
407.0 400.0
407.0 400.0
410.0 396.0
410.0 396.0
412.0 396.0
412.0 396.0
415.0 393.0
415.0 393.0
415.0 390.0


84

20
368.0 395.0
370.0 395.0
370.0 395.0
370.0 398.0
370.0 398.0
372.0 398.0
372.0 398.0
375.0 402.0
375.0 402.0
382.0 403.0
382.0 403.0
386.0 406.0
386.0 406.0
382.0 406.0
382.0 406.0
372.0 402.0
372.0 402.0
368.0 398.0
368.0 398.0
368.0 395.0


85

12
73.0 396.0
74.0 400.0
74.0 400.0
76.0 401.0
76.0 401.0
81.0 395.0
81.0 395.0
76.0 391.0
76.0 391.0
73.0 391.0
73.0 391.0
73.0 396.0


86

18
76.0 405.0
81.0 411.0
81.0 411.0
83.0 411.0
83.0 411.0
84.0 408.0
84.0 408.0
87.0 406.0
87.0 406.0
87.0 403.0
87.0 403.0
82.0 397.0
82.0 397.0
79.0 401.0
79.0 401.0
76.0 402.0
76.0 402.0
76.0 405.0


87

18
187.0 407.0
189.0 410.0
189.0 410.0
189.0 414.0
189.0 414.0
193.0 414.0
193.0 414.0
200.0 409.0
200.0 409.0
199.0 405.0
199.0 405.0
194.0 404.0
194.0 404.0
189.0 404.0
189.0 404.0
187.0 405.0
187.0 405.0
187.0 407.0


88

40
332.0 407.0
333.0 410.0
333.0 410.0
337.0 409.0
337.0 409.0
337.0 412.0
337.0 412.0
329.0 417.0
329.0 417.0
329.0 422.0
329.0 422.0
333.0 427.0
333.0 427.0
337.0 428.0
337.0 428.0
346.0 423.0
346.0 423.0
352.0 424.0
352.0 424.0
352.0 429.0
352.0 429.0
350.0 432.0
350.0 432.0
353.0 435.0
353.0 435.0
361.0 434.0
361.0 434.0
366.0 423.0
366.0 423.0
357.0 421.0
357.0 421.0
349.0 417.0
349.0 417.0
344.0 411.0
344.0 411.0
342.0 402.0
342.0 402.0
333.0 402.0
333.0 402.0
332.0 407.0


89

18
173.0 409.0
175.0 410.0
175.0 410.0
176.0 415.0
176.0 415.0
187.0 414.0
187.0 414.0
186.0 407.0
186.0 407.0
181.0 406.0
181.0 406.0
154.0 410.0
154.0 410.0
154.0 416.0
154.0 416.0
173.0 415.0
173.0 415.0
173.0 409.0


90

44
107.0 410.0
108.0 411.0
108.0 411.0
106.0 414.0
106.0 414.0
98.0 415.0
98.0 415.0
96.0 420.0
96.0 420.0
95.0 417.0
95.0 417.0
97.0 412.0
97.0 412.0
93.0 410.0
93.0 410.0
91.0 407.0
91.0 407.0
88.0 407.0
88.0 407.0
84.0 411.0
84.0 411.0
84.0 414.0
84.0 414.0
89.0 419.0
89.0 419.0
103.0 425.0
103.0 425.0
103.0 422.0
103.0 422.0
108.0 423.0
108.0 423.0
119.0 414.0
119.0 414.0
120.0 407.0
120.0 407.0
118.0 404.0
118.0 404.0
116.0 404.0
116.0 404.0
114.0 406.0
114.0 406.0
108.0 407.0
108.0 407.0
107.0 410.0


91

28
273.0 410.0
278.0 412.0
278.0 412.0
279.0 414.0
279.0 414.0
288.0 416.0
288.0 416.0
296.0 416.0
296.0 416.0
297.0 412.0
297.0 412.0
297.0 410.0
297.0 410.0
291.0 410.0
291.0 410.0
287.0 408.0
287.0 408.0
286.0 414.0
286.0 414.0
284.0 414.0
284.0 414.0
284.0 407.0
284.0 407.0
282.0 406.0
282.0 406.0
276.0 406.0
276.0 406.0
273.0 410.0


92

14
331.0 411.0
332.0 410.0
332.0 410.0
330.0 408.0
330.0 408.0
329.0 403.0
329.0 403.0
319.0 405.0
319.0 405.0
319.0 414.0
319.0 414.0
324.0 414.0
324.0 414.0
331.0 411.0


93

30
134.0 413.0
135.0 412.0
135.0 412.0
125.0 412.0
125.0 412.0
125.0 414.0
125.0 414.0
121.0 413.0
121.0 413.0
116.0 418.0
116.0 418.0
115.0 421.0
115.0 421.0
105.0 425.0
105.0 425.0
105.0 427.0
105.0 427.0
111.0 427.0
111.0 427.0
115.0 433.0
115.0 433.0
119.0 433.0
119.0 433.0
119.0 431.0
119.0 431.0
121.0 431.0
121.0 431.0
130.0 423.0
130.0 423.0
134.0 413.0


94

20
316.0 415.0
318.0 415.0
318.0 415.0
316.0 413.0
316.0 413.0
316.0 407.0
316.0 407.0
306.0 408.0
306.0 408.0
303.0 410.0
303.0 410.0
299.0 410.0
299.0 410.0
298.0 412.0
298.0 412.0
299.0 417.0
299.0 417.0
310.0 417.0
310.0 417.0
316.0 415.0


95

56
148.0 416.0
153.0 416.0
153.0 416.0
152.0 410.0
152.0 410.0
137.0 411.0
137.0 411.0
132.0 423.0
132.0 423.0
128.0 426.0
128.0 426.0
128.0 428.0
128.0 428.0
126.0 428.0
126.0 428.0
123.0 432.0
123.0 432.0
117.0 435.0
117.0 435.0
133.0 456.0
133.0 456.0
140.0 454.0
140.0 454.0
142.0 452.0
142.0 452.0
142.0 449.0
142.0 449.0
138.0 445.0
138.0 445.0
138.0 443.0
138.0 443.0
129.0 447.0
129.0 447.0
135.0 442.0
135.0 442.0
135.0 439.0
135.0 439.0
132.0 437.0
132.0 437.0
131.0 433.0
131.0 433.0
133.0 431.0
133.0 431.0
135.0 433.0
135.0 433.0
141.0 434.0
141.0 434.0
145.0 427.0
145.0 427.0
145.0 425.0
145.0 425.0
143.0 424.0
143.0 424.0
144.0 420.0
144.0 420.0
148.0 416.0


96

58
332.0 429.0
333.0 428.0
333.0 428.0
331.0 428.0
331.0 428.0
327.0 423.0
327.0 423.0
327.0 419.0
327.0 419.0
323.0 419.0
323.0 419.0
307.0 425.0
307.0 425.0
307.0 430.0
307.0 430.0
312.0 435.0
312.0 435.0
308.0 434.0
308.0 434.0
306.0 430.0
306.0 430.0
302.0 427.0
302.0 427.0
290.0 431.0
290.0 431.0
291.0 439.0
291.0 439.0
293.0 440.0
293.0 440.0
293.0 442.0
293.0 442.0
290.0 441.0
290.0 441.0
288.0 437.0
288.0 437.0
288.0 432.0
288.0 432.0
284.0 432.0
284.0 432.0
285.0 438.0
285.0 438.0
283.0 440.0
283.0 440.0
280.0 440.0
280.0 440.0
280.0 442.0
280.0 442.0
284.0 444.0
284.0 444.0
299.0 443.0
299.0 443.0
309.0 440.0
309.0 440.0
323.0 433.0
323.0 433.0
326.0 433.0
326.0 433.0
332.0 429.0


97

16
161.0 434.0
161.0 430.0
161.0 430.0
146.0 427.0
146.0 427.0
145.0 432.0
145.0 432.0
142.0 434.0
142.0 434.0
142.0 436.0
142.0 436.0
154.0 440.0
154.0 440.0
160.0 440.0
160.0 440.0
161.0 434.0


98

8
179.0 434.0
180.0 438.0
180.0 438.0
178.0 441.0
178.0 441.0
176.0 441.0
176.0 441.0
179.0 434.0


99

14
358.0 438.0
359.0 437.0
359.0 437.0
353.0 437.0
353.0 437.0
349.0 435.0
349.0 435.0
344.0 446.0
344.0 446.0
350.0 450.0
350.0 450.0
354.0 446.0
354.0 446.0
358.0 438.0


100

18
161.0 441.0
175.0 444.0
175.0 444.0
190.0 444.0
190.0 444.0
201.0 443.0
201.0 443.0
205.0 442.0
205.0 442.0
206.0 440.0
206.0 440.0
203.0 440.0
203.0 440.0
199.0 435.0
199.0 435.0
163.0 431.0
163.0 431.0
161.0 441.0


101

16
348.0 453.0
349.0 451.0
349.0 451.0
346.0 451.0
346.0 451.0
342.0 448.0
342.0 448.0
336.0 457.0
336.0 457.0
336.0 461.0
336.0 461.0
343.0 461.0
343.0 461.0
347.0 457.0
347.0 457.0
348.0 453.0


102

20
136.0 460.0
141.0 464.0
141.0 464.0
142.0 467.0
142.0 467.0
148.0 466.0
148.0 466.0
152.0 463.0
152.0 463.0
152.0 461.0
152.0 461.0
150.0 461.0
150.0 461.0
144.0 453.0
144.0 453.0
139.0 455.0
139.0 455.0
136.0 458.0
136.0 458.0
136.0 460.0


103

4
340.0 464.0
341.0 463.0
341.0 463.0
340.0 464.0


104

18
339.0 465.0
340.0 464.0
340.0 464.0
336.0 464.0
336.0 464.0
335.0 462.0
335.0 462.0
333.0 462.0
333.0 462.0
330.0 466.0
330.0 466.0
330.0 471.0
330.0 471.0
335.0 471.0
335.0 471.0
339.0 467.0
339.0 467.0
339.0 465.0


105

16
145.0 470.0
148.0 471.0
148.0 471.0
150.0 474.0
150.0 474.0
157.0 474.0
157.0 474.0
159.0 471.0
159.0 471.0
159.0 469.0
159.0 469.0
154.0 464.0
154.0 464.0
145.0 468.0
145.0 468.0
145.0 470.0


106

4
445.0 497.0
447.0 498.0
447.0 498.0
445.0 497.0


