1

140
166.0 16.0
241.0 44.0
241.0 44.0
323.0 24.0
323.0 24.0
340.0 57.0
340.0 57.0
320.0 63.0
320.0 63.0
323.0 41.0
323.0 41.0
305.0 35.0
305.0 35.0
318.0 44.0
318.0 44.0
297.0 62.0
297.0 62.0
306.0 69.0
306.0 69.0
367.0 71.0
367.0 71.0
451.0 49.0
451.0 49.0
426.0 78.0
426.0 78.0
335.0 136.0
335.0 136.0
313.0 198.0
313.0 198.0
362.0 190.0
362.0 190.0
395.0 205.0
395.0 205.0
424.0 238.0
424.0 238.0
439.0 294.0
439.0 294.0
430.0 339.0
430.0 339.0
379.0 395.0
379.0 395.0
418.0 381.0
418.0 381.0
435.0 387.0
435.0 387.0
375.0 417.0
375.0 417.0
341.0 471.0
341.0 471.0
320.0 481.0
320.0 481.0
347.0 427.0
347.0 427.0
291.0 449.0
291.0 449.0
258.0 444.0
258.0 444.0
306.0 421.0
306.0 421.0
255.0 410.0
255.0 410.0
358.0 395.0
358.0 395.0
371.0 372.0
371.0 372.0
353.0 355.0
353.0 355.0
292.0 399.0
292.0 399.0
233.0 345.0
233.0 345.0
187.0 388.0
187.0 388.0
155.0 334.0
155.0 334.0
128.0 334.0
128.0 334.0
114.0 360.0
114.0 360.0
125.0 408.0
125.0 408.0
213.0 398.0
213.0 398.0
195.0 418.0
195.0 418.0
150.0 423.0
150.0 423.0
212.0 430.0
212.0 430.0
219.0 440.0
219.0 440.0
174.0 448.0
174.0 448.0
139.0 439.0
139.0 439.0
176.0 485.0
176.0 485.0
148.0 479.0
148.0 479.0
68.0 393.0
68.0 393.0
52.0 392.0
52.0 392.0
68.0 381.0
68.0 381.0
102.0 409.0
102.0 409.0
94.0 368.0
94.0 368.0
54.0 291.0
54.0 291.0
83.0 204.0
83.0 204.0
131.0 174.0
131.0 174.0
194.0 189.0
194.0 189.0
175.0 146.0
175.0 146.0
45.0 75.0
45.0 75.0
139.0 79.0
139.0 79.0
176.0 69.0
176.0 69.0
183.0 62.0
183.0 62.0
164.0 41.0
164.0 41.0
181.0 31.0
181.0 31.0
155.0 43.0
155.0 43.0
160.0 67.0
160.0 67.0
139.0 55.0
139.0 55.0
147.0 28.0
147.0 28.0
166.0 16.0


2

18
171.0 26.0
192.0 33.0
192.0 33.0
201.0 54.0
201.0 54.0
195.0 27.0
195.0 27.0
168.0 20.0
168.0 20.0
145.0 41.0
145.0 41.0
150.0 62.0
150.0 62.0
160.0 60.0
160.0 60.0
152.0 39.0
152.0 39.0
171.0 26.0


3

12
304.0 31.0
327.0 39.0
327.0 39.0
323.0 60.0
323.0 60.0
335.0 57.0
335.0 57.0
322.0 28.0
322.0 28.0
287.0 33.0
287.0 33.0
304.0 31.0


4

4
205.0 37.0
260.0 62.0
260.0 62.0
205.0 37.0


5

12
275.0 42.0
299.0 47.0
299.0 47.0
291.0 59.0
291.0 59.0
313.0 48.0
313.0 48.0
281.0 36.0
281.0 36.0
246.0 46.0
246.0 46.0
275.0 42.0


6

10
169.0 43.0
193.0 65.0
193.0 65.0
212.0 66.0
212.0 66.0
182.0 47.0
182.0 47.0
189.0 36.0
189.0 36.0
169.0 43.0


7

2
288.0 48.0
288.0 48.0


8

6
224.0 54.0
207.0 48.0
207.0 48.0
205.0 58.0
205.0 58.0
224.0 54.0


9

6
437.0 54.0
376.0 69.0
376.0 69.0
345.0 102.0
345.0 102.0
437.0 54.0


10

6
259.0 55.0
273.0 59.0
273.0 59.0
273.0 47.0
273.0 47.0
259.0 55.0


11

6
441.0 58.0
348.0 106.0
348.0 106.0
394.0 96.0
394.0 96.0
441.0 58.0


12

48
277.0 59.0
303.0 84.0
303.0 84.0
265.0 74.0
265.0 74.0
292.0 94.0
292.0 94.0
282.0 99.0
282.0 99.0
255.0 86.0
255.0 86.0
279.0 143.0
279.0 143.0
256.0 178.0
256.0 178.0
226.0 194.0
226.0 194.0
233.0 205.0
233.0 205.0
268.0 185.0
268.0 185.0
303.0 133.0
303.0 133.0
313.0 159.0
313.0 159.0
290.0 199.0
290.0 199.0
306.0 201.0
306.0 201.0
331.0 133.0
331.0 133.0
360.0 113.0
360.0 113.0
329.0 111.0
329.0 111.0
322.0 90.0
322.0 90.0
333.0 72.0
333.0 72.0
355.0 81.0
355.0 81.0
361.0 71.0
361.0 71.0
304.0 73.0
304.0 73.0
283.0 46.0
283.0 46.0
277.0 59.0


13

40
237.0 62.0
229.0 55.0
229.0 55.0
186.0 84.0
186.0 84.0
188.0 66.0
188.0 66.0
148.0 77.0
148.0 77.0
139.0 89.0
139.0 89.0
159.0 77.0
159.0 77.0
173.0 100.0
173.0 100.0
137.0 109.0
137.0 109.0
181.0 146.0
181.0 146.0
226.0 224.0
226.0 224.0
240.0 218.0
240.0 218.0
199.0 143.0
199.0 143.0
212.0 136.0
212.0 136.0
235.0 181.0
235.0 181.0
248.0 181.0
248.0 181.0
233.0 123.0
233.0 123.0
250.0 78.0
250.0 78.0
230.0 96.0
230.0 96.0
205.0 92.0
205.0 92.0
237.0 62.0


14

4
274.0 68.0
230.0 75.0
230.0 75.0
274.0 68.0


15

2
198.0 74.0
198.0 74.0


16

6
61.0 77.0
142.0 100.0
142.0 100.0
132.0 80.0
132.0 80.0
61.0 77.0


17

4
258.0 78.0
281.0 95.0
281.0 95.0
258.0 78.0


18

4
241.0 81.0
211.0 91.0
211.0 91.0
241.0 81.0


19

6
59.0 82.0
130.0 114.0
130.0 114.0
136.0 104.0
136.0 104.0
59.0 82.0


20

4
337.0 82.0
343.0 93.0
343.0 93.0
337.0 82.0


21

4
156.0 86.0
159.0 99.0
159.0 99.0
156.0 86.0


22

2
254.0 86.0
254.0 86.0


23

8
351.0 87.0
337.0 74.0
337.0 74.0
325.0 91.0
325.0 91.0
341.0 101.0
341.0 101.0
351.0 87.0


24

8
143.0 93.0
156.0 105.0
156.0 105.0
171.0 98.0
171.0 98.0
161.0 81.0
161.0 81.0
143.0 93.0


25

8
274.0 141.0
248.0 88.0
248.0 88.0
237.0 144.0
237.0 144.0
252.0 174.0
252.0 174.0
274.0 141.0


26

18
153.0 182.0
160.0 199.0
160.0 199.0
137.0 237.0
137.0 237.0
171.0 271.0
171.0 271.0
277.0 221.0
277.0 221.0
263.0 214.0
263.0 214.0
170.0 238.0
170.0 238.0
168.0 220.0
168.0 220.0
208.0 210.0
208.0 210.0
153.0 182.0


27

22
108.0 189.0
97.0 206.0
97.0 206.0
118.0 231.0
118.0 231.0
156.0 198.0
156.0 198.0
146.0 181.0
146.0 181.0
124.0 179.0
124.0 179.0
112.0 200.0
112.0 200.0
127.0 208.0
127.0 208.0
132.0 193.0
132.0 193.0
137.0 205.0
137.0 205.0
119.0 212.0
119.0 212.0
108.0 189.0


28

18
362.0 198.0
300.0 206.0
300.0 206.0
265.0 193.0
265.0 193.0
256.0 204.0
256.0 204.0
325.0 240.0
325.0 240.0
243.0 239.0
243.0 239.0
326.0 274.0
326.0 274.0
358.0 246.0
358.0 246.0
348.0 216.0
348.0 216.0
362.0 198.0


29

20
371.0 217.0
384.0 232.0
384.0 232.0
394.0 213.0
394.0 213.0
379.0 201.0
379.0 201.0
354.0 211.0
354.0 211.0
359.0 242.0
359.0 242.0
378.0 255.0
378.0 255.0
406.0 224.0
406.0 224.0
399.0 216.0
399.0 216.0
379.0 236.0
379.0 236.0
371.0 217.0


30

6
95.0 219.0
92.0 201.0
92.0 201.0
70.0 245.0
70.0 245.0
95.0 219.0


31

8
112.0 236.0
97.0 220.0
97.0 220.0
78.0 245.0
78.0 245.0
77.0 276.0
77.0 276.0
112.0 236.0


32

6
403.0 243.0
431.0 283.0
431.0 283.0
411.0 227.0
411.0 227.0
403.0 243.0


33

6
134.0 244.0
129.0 228.0
129.0 228.0
91.0 271.0
91.0 271.0
134.0 244.0


34

2
76.0 245.0
76.0 245.0


35

6
75.0 247.0
60.0 282.0
60.0 282.0
68.0 319.0
68.0 319.0
75.0 247.0


36

46
233.0 250.0
282.0 266.0
282.0 266.0
262.0 285.0
262.0 285.0
284.0 274.0
284.0 274.0
305.0 281.0
305.0 281.0
271.0 299.0
271.0 299.0
310.0 301.0
310.0 301.0
281.0 316.0
281.0 316.0
297.0 369.0
297.0 369.0
327.0 334.0
327.0 334.0
329.0 299.0
329.0 299.0
241.0 241.0
241.0 241.0
189.0 273.0
189.0 273.0
175.0 308.0
175.0 308.0
180.0 337.0
180.0 337.0
193.0 347.0
193.0 347.0
206.0 295.0
206.0 295.0
190.0 279.0
190.0 279.0
222.0 285.0
222.0 285.0
206.0 264.0
206.0 264.0
221.0 260.0
221.0 260.0
237.0 274.0
237.0 274.0
223.0 255.0
223.0 255.0
233.0 250.0


37

2
122.0 256.0
122.0 256.0


38

4
231.0 256.0
248.0 267.0
248.0 267.0
231.0 256.0


39

8
121.0 258.0
87.0 269.0
87.0 269.0
74.0 317.0
74.0 317.0
107.0 293.0
107.0 293.0
121.0 258.0


40

6
380.0 260.0
410.0 285.0
410.0 285.0
401.0 245.0
401.0 245.0
380.0 260.0


41

6
151.0 266.0
135.0 247.0
135.0 247.0
108.0 288.0
108.0 288.0
151.0 266.0


42

6
215.0 266.0
240.0 297.0
240.0 297.0
229.0 270.0
229.0 270.0
215.0 266.0


43

4
270.0 266.0
240.0 284.0
240.0 284.0
270.0 266.0


44

16
346.0 266.0
375.0 289.0
375.0 289.0
383.0 269.0
383.0 269.0
381.0 293.0
381.0 293.0
362.0 287.0
362.0 287.0
398.0 331.0
398.0 331.0
396.0 278.0
396.0 278.0
362.0 248.0
362.0 248.0
346.0 266.0


45

8
348.0 277.0
341.0 268.0
341.0 268.0
319.0 282.0
319.0 282.0
352.0 308.0
352.0 308.0
348.0 277.0


46

8
141.0 279.0
108.0 295.0
108.0 295.0
101.0 332.0
101.0 332.0
133.0 316.0
133.0 316.0
141.0 279.0


47

18
181.0 279.0
149.0 271.0
149.0 271.0
135.0 313.0
135.0 313.0
172.0 300.0
172.0 300.0
121.0 336.0
121.0 336.0
144.0 324.0
144.0 324.0
164.0 337.0
164.0 337.0
171.0 319.0
171.0 319.0
156.0 328.0
156.0 328.0
181.0 279.0


48

4
293.0 280.0
265.0 291.0
265.0 291.0
293.0 280.0


49

4
199.0 281.0
215.0 289.0
215.0 289.0
199.0 281.0


50

10
352.0 282.0
356.0 310.0
356.0 310.0
334.0 303.0
334.0 303.0
376.0 348.0
376.0 348.0
372.0 306.0
372.0 306.0
352.0 282.0


51

8
398.0 284.0
407.0 341.0
407.0 341.0
389.0 371.0
389.0 371.0
417.0 335.0
417.0 335.0
398.0 284.0


52

6
250.0 288.0
268.0 307.0
268.0 307.0
256.0 282.0
256.0 282.0
250.0 288.0


53

8
410.0 291.0
422.0 342.0
422.0 342.0
433.0 286.0
433.0 286.0
414.0 276.0
414.0 276.0
410.0 291.0


54

26
226.0 294.0
204.0 301.0
204.0 301.0
209.0 355.0
209.0 355.0
201.0 339.0
201.0 339.0
197.0 368.0
197.0 368.0
182.0 352.0
182.0 352.0
187.0 383.0
187.0 383.0
216.0 346.0
216.0 346.0
204.0 311.0
204.0 311.0
217.0 345.0
217.0 345.0
246.0 334.0
246.0 334.0
220.0 331.0
220.0 331.0
210.0 308.0
210.0 308.0
226.0 294.0


55

4
297.0 301.0
262.0 320.0
262.0 320.0
297.0 301.0


56

10
101.0 303.0
75.0 320.0
75.0 320.0
87.0 357.0
87.0 357.0
87.0 315.0
87.0 315.0
95.0 319.0
95.0 319.0
101.0 303.0


57

6
254.0 306.0
248.0 298.0
248.0 298.0
232.0 307.0
232.0 307.0
254.0 306.0


58

2
334.0 306.0
334.0 306.0


59

4
219.0 307.0
236.0 326.0
236.0 326.0
219.0 307.0


60

4
335.0 314.0
336.0 306.0
336.0 306.0
335.0 314.0


61

2
376.0 315.0
376.0 315.0


62

22
244.0 319.0
253.0 339.0
253.0 339.0
238.0 342.0
238.0 342.0
242.0 350.0
242.0 350.0
278.0 332.0
278.0 332.0
247.0 351.0
247.0 351.0
267.0 358.0
267.0 358.0
279.0 346.0
279.0 346.0
277.0 320.0
277.0 320.0
263.0 331.0
263.0 331.0
252.0 313.0
252.0 313.0
244.0 319.0


63

2
341.0 321.0
341.0 321.0


64

2
378.0 323.0
378.0 323.0


65

2
402.0 323.0
402.0 323.0


66

8
379.0 328.0
370.0 350.0
370.0 350.0
347.0 327.0
347.0 327.0
372.0 368.0
372.0 368.0
379.0 328.0


67

10
386.0 329.0
394.0 348.0
394.0 348.0
382.0 359.0
382.0 359.0
391.0 360.0
391.0 360.0
402.0 329.0
402.0 329.0
386.0 329.0


68

6
332.0 331.0
355.0 351.0
355.0 351.0
337.0 318.0
337.0 318.0
332.0 331.0


69

6
117.0 332.0
96.0 333.0
96.0 333.0
96.0 343.0
96.0 343.0
117.0 332.0


70

2
120.0 337.0
120.0 337.0


71

6
165.0 342.0
172.0 352.0
172.0 352.0
173.0 329.0
173.0 329.0
165.0 342.0


72

14
112.0 347.0
94.0 347.0
94.0 347.0
96.0 361.0
96.0 361.0
108.0 360.0
108.0 360.0
96.0 363.0
96.0 363.0
102.0 380.0
102.0 380.0
111.0 378.0
111.0 378.0
112.0 347.0


73

6
181.0 348.0
172.0 354.0
172.0 354.0
179.0 370.0
179.0 370.0
181.0 348.0


74

8
323.0 349.0
328.0 359.0
328.0 359.0
341.0 352.0
341.0 352.0
332.0 334.0
332.0 334.0
323.0 349.0


75

2
88.0 358.0
88.0 358.0


76

6
267.0 361.0
277.0 370.0
277.0 370.0
280.0 349.0
280.0 349.0
267.0 361.0


77

10
326.0 361.0
320.0 352.0
320.0 352.0
308.0 374.0
308.0 374.0
295.0 374.0
295.0 374.0
293.0 393.0
293.0 393.0
326.0 361.0


78

4
387.0 365.0
375.0 376.0
375.0 376.0
387.0 365.0


79

4
288.0 371.0
278.0 373.0
278.0 373.0
288.0 371.0


80

6
292.0 375.0
283.0 380.0
283.0 380.0
290.0 391.0
290.0 391.0
292.0 375.0


81

4
378.0 383.0
369.0 388.0
369.0 388.0
378.0 383.0


82

10
101.0 386.0
113.0 392.0
113.0 392.0
106.0 405.0
106.0 405.0
116.0 403.0
116.0 403.0
112.0 380.0
112.0 380.0
101.0 386.0


83

14
415.0 390.0
380.0 401.0
380.0 401.0
367.0 389.0
367.0 389.0
360.0 401.0
360.0 401.0
375.0 410.0
375.0 410.0
344.0 405.0
344.0 405.0
368.0 422.0
368.0 422.0
415.0 390.0


84

4
368.0 395.0
386.0 406.0
386.0 406.0
368.0 395.0


85

4
73.0 396.0
81.0 395.0
81.0 395.0
73.0 396.0


86

4
76.0 405.0
87.0 403.0
87.0 403.0
76.0 405.0


87

4
187.0 407.0
200.0 409.0
200.0 409.0
187.0 407.0


88

10
332.0 407.0
333.0 427.0
333.0 427.0
361.0 434.0
361.0 434.0
366.0 423.0
366.0 423.0
342.0 402.0
342.0 402.0
332.0 407.0


89

8
173.0 409.0
187.0 414.0
187.0 414.0
181.0 406.0
181.0 406.0
154.0 416.0
154.0 416.0
173.0 409.0


90

8
107.0 410.0
84.0 414.0
84.0 414.0
103.0 425.0
103.0 425.0
120.0 407.0
120.0 407.0
107.0 410.0


91

4
273.0 410.0
297.0 412.0
297.0 412.0
273.0 410.0


92

6
331.0 411.0
319.0 405.0
319.0 405.0
319.0 414.0
319.0 414.0
331.0 411.0


93

6
134.0 413.0
105.0 427.0
105.0 427.0
119.0 433.0
119.0 433.0
134.0 413.0


94

4
316.0 415.0
298.0 412.0
298.0 412.0
316.0 415.0


95

14
148.0 416.0
137.0 411.0
137.0 411.0
117.0 435.0
117.0 435.0
133.0 456.0
133.0 456.0
142.0 449.0
142.0 449.0
129.0 447.0
129.0 447.0
131.0 433.0
131.0 433.0
148.0 416.0


96

12
332.0 429.0
323.0 419.0
323.0 419.0
307.0 425.0
307.0 425.0
312.0 435.0
312.0 435.0
302.0 427.0
302.0 427.0
280.0 442.0
280.0 442.0
332.0 429.0


97

6
161.0 434.0
146.0 427.0
146.0 427.0
142.0 436.0
142.0 436.0
161.0 434.0


98

2
179.0 434.0
179.0 434.0


99

4
358.0 438.0
344.0 446.0
344.0 446.0
358.0 438.0


100

6
161.0 441.0
206.0 440.0
206.0 440.0
163.0 431.0
163.0 431.0
161.0 441.0


101

4
348.0 453.0
336.0 461.0
336.0 461.0
348.0 453.0


102

6
136.0 460.0
152.0 463.0
152.0 463.0
144.0 453.0
144.0 453.0
136.0 460.0


103

2
340.0 464.0
340.0 464.0


104

4
339.0 465.0
330.0 471.0
330.0 471.0
339.0 465.0


105

4
145.0 470.0
159.0 471.0
159.0 471.0
145.0 470.0


106

2
445.0 497.0
445.0 497.0


