1

314
362.0 36.0
395.0 40.0
395.0 40.0
404.0 43.0
404.0 43.0
420.0 45.0
420.0 45.0
440.0 51.0
440.0 51.0
445.0 51.0
445.0 51.0
456.0 55.0
456.0 55.0
461.0 55.0
461.0 55.0
516.0 73.0
516.0 73.0
534.0 82.0
534.0 82.0
540.0 88.0
540.0 88.0
546.0 104.0
546.0 104.0
552.0 141.0
552.0 141.0
556.0 209.0
556.0 209.0
554.0 272.0
554.0 272.0
552.0 286.0
552.0 286.0
546.0 300.0
546.0 300.0
542.0 302.0
542.0 302.0
542.0 304.0
542.0 304.0
531.0 310.0
531.0 310.0
529.0 313.0
529.0 313.0
513.0 321.0
513.0 321.0
513.0 323.0
513.0 323.0
510.0 323.0
510.0 323.0
509.0 325.0
509.0 325.0
502.0 327.0
502.0 327.0
502.0 329.0
502.0 329.0
497.0 330.0
497.0 330.0
486.0 337.0
486.0 337.0
483.0 337.0
483.0 337.0
482.0 339.0
482.0 339.0
458.0 350.0
458.0 350.0
457.0 352.0
457.0 352.0
449.0 354.0
449.0 354.0
448.0 356.0
448.0 356.0
445.0 356.0
445.0 356.0
444.0 358.0
444.0 358.0
440.0 358.0
440.0 358.0
437.0 361.0
437.0 361.0
433.0 362.0
433.0 362.0
432.0 391.0
432.0 391.0
429.0 417.0
429.0 417.0
423.0 435.0
423.0 435.0
416.0 442.0
416.0 442.0
414.0 442.0
414.0 442.0
404.0 451.0
404.0 451.0
396.0 454.0
396.0 454.0
394.0 457.0
394.0 457.0
391.0 457.0
391.0 457.0
387.0 461.0
387.0 461.0
384.0 461.0
384.0 461.0
376.0 465.0
376.0 465.0
375.0 467.0
375.0 467.0
371.0 468.0
371.0 468.0
369.0 471.0
369.0 471.0
367.0 470.0
367.0 470.0
367.0 472.0
367.0 472.0
362.0 473.0
362.0 473.0
360.0 476.0
360.0 476.0
356.0 476.0
356.0 476.0
352.0 478.0
352.0 478.0
352.0 480.0
352.0 480.0
345.0 482.0
345.0 482.0
345.0 484.0
345.0 484.0
340.0 485.0
340.0 485.0
340.0 487.0
340.0 487.0
326.0 491.0
326.0 491.0
324.0 492.0
324.0 492.0
324.0 494.0
324.0 494.0
319.0 494.0
319.0 494.0
318.0 496.0
318.0 496.0
316.0 496.0
316.0 496.0
316.0 498.0
316.0 498.0
311.0 498.0
311.0 498.0
311.0 500.0
311.0 500.0
299.0 503.0
299.0 503.0
297.0 506.0
297.0 506.0
291.0 506.0
291.0 506.0
290.0 509.0
290.0 509.0
287.0 508.0
287.0 508.0
286.0 510.0
286.0 510.0
283.0 510.0
283.0 510.0
284.0 512.0
284.0 512.0
280.0 511.0
280.0 511.0
271.0 514.0
271.0 514.0
261.0 512.0
261.0 512.0
258.0 513.0
258.0 513.0
252.0 510.0
252.0 510.0
237.0 508.0
237.0 508.0
236.0 506.0
236.0 506.0
231.0 506.0
231.0 506.0
230.0 504.0
230.0 504.0
216.0 502.0
216.0 502.0
215.0 500.0
215.0 500.0
209.0 500.0
209.0 500.0
208.0 498.0
208.0 498.0
204.0 498.0
204.0 498.0
197.0 494.0
197.0 494.0
192.0 494.0
192.0 494.0
191.0 492.0
191.0 492.0
187.0 492.0
187.0 492.0
179.0 488.0
179.0 488.0
172.0 487.0
172.0 487.0
170.0 485.0
170.0 485.0
165.0 485.0
165.0 485.0
164.0 483.0
164.0 483.0
158.0 482.0
158.0 482.0
156.0 480.0
156.0 480.0
151.0 480.0
151.0 480.0
150.0 478.0
150.0 478.0
146.0 478.0
146.0 478.0
139.0 474.0
139.0 474.0
127.0 471.0
127.0 471.0
119.0 466.0
119.0 466.0
110.0 464.0
110.0 464.0
105.0 460.0
105.0 460.0
101.0 460.0
101.0 460.0
100.0 458.0
100.0 458.0
95.0 457.0
95.0 457.0
94.0 455.0
94.0 455.0
84.0 451.0
84.0 451.0
82.0 448.0
82.0 448.0
77.0 446.0
77.0 446.0
71.0 432.0
71.0 432.0
67.0 406.0
67.0 406.0
65.0 368.0
65.0 368.0
66.0 311.0
66.0 311.0
68.0 301.0
68.0 301.0
70.0 265.0
70.0 265.0
74.0 238.0
74.0 238.0
76.0 236.0
76.0 236.0
79.0 222.0
79.0 222.0
81.0 221.0
81.0 221.0
83.0 216.0
83.0 216.0
85.0 216.0
85.0 216.0
88.0 212.0
88.0 212.0
100.0 207.0
100.0 207.0
101.0 205.0
101.0 205.0
107.0 204.0
107.0 204.0
118.0 198.0
118.0 198.0
166.0 182.0
166.0 182.0
191.0 176.0
191.0 176.0
194.0 174.0
194.0 174.0
197.0 132.0
197.0 132.0
201.0 106.0
201.0 106.0
204.0 94.0
204.0 94.0
207.0 88.0
207.0 88.0
213.0 82.0
213.0 82.0
231.0 73.0
231.0 73.0
253.0 66.0
253.0 66.0
266.0 60.0
266.0 60.0
274.0 59.0
274.0 59.0
276.0 57.0
276.0 57.0
280.0 57.0
280.0 57.0
289.0 53.0
289.0 53.0
330.0 43.0
330.0 43.0
333.0 41.0
333.0 41.0
362.0 36.0


2

136
371.0 48.0
378.0 47.0
378.0 47.0
373.0 45.0
373.0 45.0
356.0 45.0
356.0 45.0
331.0 50.0
331.0 50.0
317.0 55.0
317.0 55.0
308.0 56.0
308.0 56.0
302.0 59.0
302.0 59.0
294.0 60.0
294.0 60.0
288.0 63.0
288.0 63.0
284.0 63.0
284.0 63.0
282.0 65.0
282.0 65.0
278.0 65.0
278.0 65.0
248.0 75.0
248.0 75.0
239.0 80.0
239.0 80.0
236.0 80.0
236.0 80.0
234.0 84.0
234.0 84.0
289.0 93.0
289.0 93.0
293.0 95.0
293.0 95.0
298.0 95.0
298.0 95.0
322.0 101.0
322.0 101.0
328.0 104.0
328.0 104.0
333.0 104.0
333.0 104.0
376.0 119.0
376.0 119.0
382.0 123.0
382.0 123.0
389.0 125.0
389.0 125.0
394.0 129.0
394.0 129.0
397.0 129.0
397.0 129.0
406.0 123.0
406.0 123.0
409.0 123.0
409.0 123.0
411.0 121.0
411.0 121.0
414.0 121.0
414.0 121.0
416.0 119.0
416.0 119.0
422.0 118.0
422.0 118.0
424.0 116.0
424.0 116.0
430.0 115.0
430.0 115.0
438.0 111.0
438.0 111.0
442.0 111.0
442.0 111.0
457.0 105.0
457.0 105.0
461.0 105.0
461.0 105.0
470.0 101.0
470.0 101.0
496.0 95.0
496.0 95.0
499.0 93.0
499.0 93.0
523.0 88.0
523.0 88.0
521.0 85.0
521.0 85.0
512.0 82.0
512.0 82.0
506.0 78.0
506.0 78.0
502.0 78.0
502.0 78.0
500.0 76.0
500.0 76.0
482.0 70.0
482.0 70.0
474.0 69.0
474.0 69.0
472.0 67.0
472.0 67.0
464.0 66.0
464.0 66.0
461.0 64.0
461.0 64.0
426.0 55.0
426.0 55.0
391.0 48.0
391.0 48.0
389.0 48.0
389.0 48.0
389.0 51.0
389.0 51.0
396.0 54.0
396.0 54.0
399.0 58.0
399.0 58.0
398.0 65.0
398.0 65.0
392.0 70.0
392.0 70.0
369.0 73.0
369.0 73.0
359.0 71.0
359.0 71.0
353.0 68.0
353.0 68.0
349.0 62.0
349.0 62.0
350.0 56.0
350.0 56.0
357.0 51.0
357.0 51.0
371.0 48.0


3

24
391.0 90.0
400.0 90.0
400.0 90.0
416.0 94.0
416.0 94.0
421.0 99.0
421.0 99.0
421.0 108.0
421.0 108.0
414.0 114.0
414.0 114.0
399.0 117.0
399.0 117.0
383.0 116.0
383.0 116.0
373.0 112.0
373.0 112.0
368.0 106.0
368.0 106.0
369.0 99.0
369.0 99.0
376.0 93.0
376.0 93.0
391.0 90.0


4

28
510.0 115.0
520.0 117.0
520.0 117.0
526.0 124.0
526.0 124.0
530.0 134.0
530.0 134.0
530.0 152.0
530.0 152.0
526.0 161.0
526.0 161.0
519.0 167.0
519.0 167.0
511.0 167.0
511.0 167.0
505.0 164.0
505.0 164.0
501.0 159.0
501.0 159.0
497.0 149.0
497.0 149.0
498.0 127.0
498.0 127.0
501.0 121.0
501.0 121.0
505.0 117.0
505.0 117.0
510.0 115.0


5

138
232.0 119.0
243.0 120.0
243.0 120.0
246.0 124.0
246.0 124.0
248.0 124.0
248.0 124.0
250.0 130.0
250.0 130.0
252.0 131.0
252.0 131.0
254.0 139.0
254.0 139.0
254.0 150.0
254.0 150.0
252.0 158.0
252.0 158.0
249.0 162.0
249.0 162.0
250.0 166.0
250.0 166.0
284.0 171.0
284.0 171.0
283.0 158.0
283.0 158.0
286.0 147.0
286.0 147.0
293.0 139.0
293.0 139.0
301.0 137.0
301.0 137.0
307.0 139.0
307.0 139.0
312.0 144.0
312.0 144.0
316.0 152.0
316.0 152.0
316.0 179.0
316.0 179.0
347.0 187.0
347.0 187.0
347.0 170.0
347.0 170.0
350.0 161.0
350.0 161.0
357.0 154.0
357.0 154.0
368.0 153.0
368.0 153.0
376.0 160.0
376.0 160.0
380.0 169.0
380.0 169.0
381.0 186.0
381.0 186.0
380.0 191.0
380.0 191.0
378.0 193.0
378.0 193.0
378.0 197.0
378.0 197.0
402.0 206.0
402.0 206.0
401.0 174.0
401.0 174.0
398.0 152.0
398.0 152.0
396.0 149.0
396.0 149.0
396.0 143.0
396.0 143.0
394.0 139.0
394.0 139.0
392.0 139.0
392.0 139.0
384.0 132.0
384.0 132.0
379.0 131.0
379.0 131.0
378.0 129.0
378.0 129.0
372.0 128.0
372.0 128.0
368.0 125.0
368.0 125.0
365.0 125.0
365.0 125.0
358.0 121.0
358.0 121.0
354.0 121.0
354.0 121.0
346.0 117.0
346.0 117.0
342.0 117.0
342.0 117.0
330.0 112.0
330.0 112.0
326.0 112.0
326.0 112.0
320.0 109.0
320.0 109.0
315.0 109.0
315.0 109.0
300.0 104.0
300.0 104.0
295.0 104.0
295.0 104.0
291.0 102.0
291.0 102.0
261.0 96.0
261.0 96.0
229.0 92.0
229.0 92.0
215.0 92.0
215.0 92.0
213.0 94.0
213.0 94.0
206.0 127.0
206.0 127.0
204.0 171.0
204.0 171.0
210.0 171.0
210.0 171.0
226.0 167.0
226.0 167.0
226.0 164.0
226.0 164.0
221.0 155.0
221.0 155.0
220.0 139.0
220.0 139.0
222.0 131.0
222.0 131.0
225.0 128.0
225.0 128.0
225.0 125.0
225.0 125.0
232.0 119.0


6

108
404.0 142.0
407.0 150.0
407.0 150.0
410.0 171.0
410.0 171.0
412.0 211.0
412.0 211.0
414.0 214.0
414.0 214.0
416.0 214.0
416.0 214.0
416.0 216.0
416.0 216.0
418.0 216.0
418.0 216.0
423.0 226.0
423.0 226.0
428.0 251.0
428.0 251.0
430.0 275.0
430.0 275.0
435.0 273.0
435.0 273.0
444.0 273.0
444.0 273.0
448.0 275.0
448.0 275.0
454.0 282.0
454.0 282.0
458.0 295.0
458.0 295.0
457.0 311.0
457.0 311.0
452.0 322.0
452.0 322.0
444.0 327.0
444.0 327.0
433.0 326.0
433.0 326.0
433.0 350.0
433.0 350.0
436.0 350.0
436.0 350.0
474.0 332.0
474.0 332.0
475.0 330.0
475.0 330.0
478.0 330.0
478.0 330.0
479.0 328.0
479.0 328.0
506.0 315.0
506.0 315.0
512.0 310.0
512.0 310.0
515.0 310.0
515.0 310.0
516.0 308.0
516.0 308.0
526.0 303.0
526.0 303.0
540.0 292.0
540.0 292.0
543.0 282.0
543.0 282.0
545.0 266.0
545.0 266.0
547.0 215.0
547.0 215.0
543.0 143.0
543.0 143.0
536.0 101.0
536.0 101.0
533.0 96.0
533.0 96.0
528.0 96.0
528.0 96.0
504.0 102.0
504.0 102.0
499.0 102.0
499.0 102.0
482.0 108.0
482.0 108.0
474.0 109.0
474.0 109.0
472.0 111.0
472.0 111.0
464.0 112.0
464.0 112.0
455.0 116.0
455.0 116.0
451.0 116.0
451.0 116.0
440.0 121.0
440.0 121.0
428.0 124.0
428.0 124.0
426.0 126.0
426.0 126.0
420.0 127.0
420.0 127.0
416.0 130.0
416.0 130.0
413.0 130.0
413.0 130.0
405.0 134.0
405.0 134.0
404.0 142.0


7

38
433.0 143.0
442.0 143.0
442.0 143.0
446.0 145.0
446.0 145.0
451.0 151.0
451.0 151.0
453.0 158.0
453.0 158.0
455.0 160.0
455.0 160.0
456.0 173.0
456.0 173.0
454.0 183.0
454.0 183.0
450.0 190.0
450.0 190.0
448.0 190.0
448.0 190.0
448.0 192.0
448.0 192.0
442.0 195.0
442.0 195.0
436.0 195.0
436.0 195.0
430.0 192.0
430.0 192.0
422.0 178.0
422.0 178.0
422.0 157.0
422.0 157.0
427.0 147.0
427.0 147.0
429.0 147.0
429.0 147.0
429.0 145.0
429.0 145.0
433.0 143.0


8

28
258.0 197.0
275.0 197.0
275.0 197.0
285.0 200.0
285.0 200.0
289.0 202.0
289.0 202.0
289.0 204.0
289.0 204.0
292.0 206.0
292.0 206.0
293.0 213.0
293.0 213.0
288.0 219.0
288.0 219.0
272.0 224.0
272.0 224.0
254.0 223.0
254.0 223.0
245.0 220.0
245.0 220.0
239.0 214.0
239.0 214.0
240.0 205.0
240.0 205.0
249.0 199.0
249.0 199.0
258.0 197.0


9

94
108.0 215.0
150.0 221.0
150.0 221.0
153.0 223.0
153.0 223.0
159.0 223.0
159.0 223.0
180.0 229.0
180.0 229.0
189.0 230.0
189.0 230.0
195.0 233.0
195.0 233.0
213.0 237.0
213.0 237.0
240.0 246.0
240.0 246.0
268.0 259.0
268.0 259.0
270.0 262.0
270.0 262.0
273.0 262.0
273.0 262.0
280.0 256.0
280.0 256.0
288.0 254.0
288.0 254.0
292.0 251.0
292.0 251.0
326.0 240.0
326.0 240.0
328.0 238.0
328.0 238.0
336.0 237.0
336.0 237.0
342.0 234.0
342.0 234.0
346.0 234.0
346.0 234.0
348.0 232.0
348.0 232.0
370.0 227.0
370.0 227.0
376.0 224.0
376.0 224.0
402.0 219.0
402.0 219.0
402.0 216.0
402.0 216.0
392.0 211.0
392.0 211.0
389.0 211.0
389.0 211.0
387.0 209.0
387.0 209.0
381.0 208.0
381.0 208.0
379.0 206.0
379.0 206.0
367.0 202.0
367.0 202.0
363.0 202.0
363.0 202.0
361.0 200.0
361.0 200.0
357.0 200.0
357.0 200.0
333.0 192.0
333.0 192.0
328.0 192.0
328.0 192.0
318.0 188.0
318.0 188.0
313.0 188.0
313.0 188.0
288.0 181.0
288.0 181.0
267.0 178.0
267.0 178.0
263.0 176.0
263.0 176.0
256.0 176.0
256.0 176.0
251.0 174.0
251.0 174.0
232.0 174.0
232.0 174.0
172.0 189.0
172.0 189.0
116.0 208.0
116.0 208.0
108.0 212.0
108.0 212.0
108.0 215.0


10

40
514.0 234.0
521.0 235.0
521.0 235.0
523.0 238.0
523.0 238.0
527.0 240.0
527.0 240.0
531.0 247.0
531.0 247.0
534.0 258.0
534.0 258.0
534.0 268.0
534.0 268.0
532.0 276.0
532.0 276.0
529.0 282.0
529.0 282.0
521.0 288.0
521.0 288.0
514.0 288.0
514.0 288.0
508.0 285.0
508.0 285.0
508.0 283.0
508.0 283.0
502.0 277.0
502.0 277.0
499.0 266.0
499.0 266.0
500.0 248.0
500.0 248.0
502.0 247.0
502.0 247.0
504.0 240.0
504.0 240.0
507.0 239.0
507.0 239.0
507.0 237.0
507.0 237.0
514.0 234.0


11

46
387.0 242.0
395.0 242.0
395.0 242.0
396.0 244.0
396.0 244.0
400.0 245.0
400.0 245.0
400.0 247.0
400.0 247.0
403.0 249.0
403.0 249.0
406.0 255.0
406.0 255.0
408.0 262.0
408.0 262.0
407.0 282.0
407.0 282.0
403.0 290.0
403.0 290.0
400.0 291.0
400.0 291.0
400.0 293.0
400.0 293.0
398.0 293.0
398.0 293.0
397.0 295.0
397.0 295.0
393.0 296.0
393.0 296.0
383.0 293.0
383.0 293.0
381.0 289.0
381.0 289.0
378.0 287.0
378.0 287.0
374.0 277.0
374.0 277.0
374.0 259.0
374.0 259.0
376.0 256.0
376.0 256.0
376.0 252.0
376.0 252.0
384.0 243.0
384.0 243.0
387.0 242.0


12

46
106.0 251.0
115.0 251.0
115.0 251.0
116.0 253.0
116.0 253.0
120.0 254.0
120.0 254.0
120.0 256.0
120.0 256.0
122.0 256.0
122.0 256.0
123.0 260.0
123.0 260.0
125.0 261.0
125.0 261.0
127.0 268.0
127.0 268.0
128.0 277.0
128.0 277.0
126.0 290.0
126.0 290.0
123.0 296.0
123.0 296.0
120.0 298.0
120.0 298.0
120.0 300.0
120.0 300.0
114.0 304.0
114.0 304.0
106.0 304.0
106.0 304.0
105.0 302.0
105.0 302.0
101.0 301.0
101.0 301.0
95.0 292.0
95.0 292.0
93.0 284.0
93.0 284.0
93.0 272.0
93.0 272.0
95.0 264.0
95.0 264.0
98.0 258.0
98.0 258.0
106.0 251.0


13

96
280.0 275.0
285.0 300.0
285.0 300.0
288.0 368.0
288.0 368.0
286.0 443.0
286.0 443.0
282.0 484.0
282.0 484.0
279.0 494.0
279.0 494.0
279.0 499.0
279.0 499.0
283.0 499.0
283.0 499.0
288.0 496.0
288.0 496.0
294.0 495.0
294.0 495.0
300.0 491.0
300.0 491.0
311.0 488.0
311.0 488.0
312.0 486.0
312.0 486.0
319.0 484.0
319.0 484.0
324.0 480.0
324.0 480.0
327.0 480.0
327.0 480.0
349.0 468.0
349.0 468.0
354.0 467.0
354.0 467.0
355.0 465.0
355.0 465.0
367.0 460.0
367.0 460.0
368.0 458.0
368.0 458.0
392.0 446.0
392.0 446.0
396.0 442.0
396.0 442.0
403.0 439.0
403.0 439.0
406.0 435.0
406.0 435.0
410.0 434.0
410.0 434.0
415.0 429.0
415.0 429.0
417.0 419.0
417.0 419.0
419.0 416.0
419.0 416.0
423.0 376.0
423.0 376.0
423.0 302.0
423.0 302.0
418.0 248.0
418.0 248.0
416.0 244.0
416.0 244.0
414.0 229.0
414.0 229.0
412.0 227.0
412.0 227.0
400.0 228.0
400.0 228.0
371.0 235.0
371.0 235.0
362.0 239.0
362.0 239.0
357.0 239.0
357.0 239.0
344.0 244.0
344.0 244.0
340.0 244.0
340.0 244.0
332.0 248.0
332.0 248.0
322.0 250.0
322.0 250.0
320.0 252.0
320.0 252.0
308.0 255.0
308.0 255.0
306.0 257.0
306.0 257.0
302.0 257.0
302.0 257.0
280.0 267.0
280.0 267.0
280.0 275.0


14

34
232.0 286.0
245.0 287.0
245.0 287.0
251.0 293.0
251.0 293.0
255.0 302.0
255.0 302.0
256.0 314.0
256.0 314.0
254.0 326.0
254.0 326.0
250.0 334.0
250.0 334.0
246.0 338.0
246.0 338.0
240.0 340.0
240.0 340.0
232.0 339.0
232.0 339.0
231.0 337.0
231.0 337.0
228.0 336.0
228.0 336.0
228.0 334.0
228.0 334.0
226.0 334.0
226.0 334.0
221.0 320.0
221.0 320.0
221.0 304.0
221.0 304.0
225.0 294.0
225.0 294.0
232.0 286.0


15

122
75.0 310.0
75.0 386.0
75.0 386.0
79.0 424.0
79.0 424.0
84.0 439.0
84.0 439.0
92.0 443.0
92.0 443.0
93.0 445.0
93.0 445.0
106.0 450.0
106.0 450.0
107.0 452.0
107.0 452.0
125.0 458.0
125.0 458.0
134.0 463.0
134.0 463.0
140.0 464.0
140.0 464.0
144.0 467.0
144.0 467.0
154.0 469.0
154.0 469.0
158.0 472.0
158.0 472.0
162.0 472.0
162.0 472.0
170.0 476.0
170.0 476.0
174.0 476.0
174.0 476.0
176.0 478.0
176.0 478.0
186.0 480.0
186.0 480.0
188.0 482.0
188.0 482.0
192.0 482.0
192.0 482.0
201.0 486.0
201.0 486.0
205.0 486.0
205.0 486.0
213.0 490.0
213.0 490.0
218.0 490.0
218.0 490.0
230.0 495.0
230.0 495.0
235.0 495.0
235.0 495.0
249.0 500.0
249.0 500.0
266.0 503.0
266.0 503.0
268.0 501.0
268.0 501.0
268.0 495.0
268.0 495.0
270.0 491.0
270.0 491.0
273.0 473.0
273.0 473.0
278.0 395.0
278.0 395.0
277.0 327.0
277.0 327.0
274.0 290.0
274.0 290.0
272.0 286.0
272.0 286.0
270.0 273.0
270.0 273.0
260.0 265.0
260.0 265.0
250.0 260.0
250.0 260.0
242.0 258.0
242.0 258.0
238.0 255.0
238.0 255.0
234.0 255.0
234.0 255.0
230.0 252.0
230.0 252.0
221.0 250.0
221.0 250.0
219.0 248.0
219.0 248.0
211.0 247.0
211.0 247.0
195.0 241.0
195.0 241.0
178.0 238.0
178.0 238.0
175.0 236.0
175.0 236.0
162.0 234.0
162.0 234.0
154.0 231.0
154.0 231.0
143.0 230.0
143.0 230.0
139.0 228.0
139.0 228.0
104.0 223.0
104.0 223.0
88.0 223.0
88.0 223.0
84.0 235.0
84.0 235.0
84.0 240.0
84.0 240.0
82.0 243.0
82.0 243.0
82.0 250.0
82.0 250.0
80.0 256.0
80.0 256.0
75.0 310.0


16

42
352.0 327.0
361.0 327.0
361.0 327.0
365.0 329.0
365.0 329.0
368.0 332.0
368.0 332.0
369.0 336.0
369.0 336.0
371.0 336.0
371.0 336.0
372.0 342.0
372.0 342.0
374.0 344.0
374.0 344.0
373.0 368.0
373.0 368.0
370.0 374.0
370.0 374.0
364.0 380.0
364.0 380.0
361.0 381.0
361.0 381.0
353.0 381.0
353.0 381.0
352.0 379.0
352.0 379.0
347.0 377.0
347.0 377.0
342.0 369.0
342.0 369.0
340.0 362.0
340.0 362.0
339.0 352.0
339.0 352.0
341.0 341.0
341.0 341.0
343.0 339.0
343.0 339.0
344.0 334.0
344.0 334.0
352.0 327.0


17

40
168.0 331.0
176.0 331.0
176.0 331.0
179.0 334.0
179.0 334.0
181.0 334.0
181.0 334.0
185.0 338.0
185.0 338.0
190.0 352.0
190.0 352.0
190.0 365.0
190.0 365.0
188.0 368.0
188.0 368.0
188.0 372.0
188.0 372.0
184.0 377.0
184.0 377.0
184.0 380.0
184.0 380.0
182.0 380.0
182.0 380.0
178.0 385.0
178.0 385.0
165.0 384.0
165.0 384.0
158.0 376.0
158.0 376.0
155.0 366.0
155.0 366.0
155.0 352.0
155.0 352.0
158.0 341.0
158.0 341.0
160.0 340.0
160.0 340.0
161.0 336.0
161.0 336.0
168.0 331.0


18

40
105.0 373.0
110.0 373.0
110.0 373.0
117.0 376.0
117.0 376.0
117.0 378.0
117.0 378.0
120.0 379.0
120.0 379.0
121.0 384.0
121.0 384.0
123.0 384.0
123.0 384.0
125.0 392.0
125.0 392.0
125.0 409.0
125.0 409.0
123.0 416.0
123.0 416.0
119.0 423.0
119.0 423.0
112.0 428.0
112.0 428.0
104.0 428.0
104.0 428.0
100.0 426.0
100.0 426.0
93.0 417.0
93.0 417.0
91.0 408.0
91.0 408.0
92.0 387.0
92.0 387.0
94.0 386.0
94.0 386.0
99.0 376.0
99.0 376.0
102.0 376.0
102.0 376.0
105.0 373.0


19

42
311.0 412.0
317.0 413.0
317.0 413.0
321.0 417.0
321.0 417.0
323.0 417.0
323.0 417.0
323.0 419.0
323.0 419.0
326.0 421.0
326.0 421.0
330.0 435.0
330.0 435.0
330.0 447.0
330.0 447.0
328.0 456.0
328.0 456.0
326.0 457.0
326.0 457.0
323.0 464.0
323.0 464.0
321.0 464.0
321.0 464.0
317.0 468.0
317.0 468.0
309.0 468.0
309.0 468.0
302.0 464.0
302.0 464.0
302.0 462.0
302.0 462.0
297.0 456.0
297.0 456.0
295.0 449.0
295.0 449.0
295.0 431.0
295.0 431.0
297.0 424.0
297.0 424.0
304.0 415.0
304.0 415.0
311.0 412.0


20

42
231.0 420.0
240.0 420.0
240.0 420.0
241.0 422.0
241.0 422.0
246.0 424.0
246.0 424.0
246.0 426.0
246.0 426.0
249.0 428.0
249.0 428.0
249.0 431.0
249.0 431.0
251.0 432.0
251.0 432.0
253.0 440.0
253.0 440.0
252.0 460.0
252.0 460.0
247.0 470.0
247.0 470.0
240.0 475.0
240.0 475.0
231.0 475.0
231.0 475.0
230.0 473.0
230.0 473.0
226.0 472.0
226.0 472.0
222.0 467.0
222.0 467.0
218.0 456.0
218.0 456.0
218.0 440.0
218.0 440.0
220.0 432.0
220.0 432.0
224.0 424.0
224.0 424.0
228.0 423.0
228.0 423.0
231.0 420.0


