1

18
362.0 36.0
571.8 25.7
556.0 235.0
556.0 235.0
546.6 346.7
433.0 362.0
433.0 362.0
332.5 604.1
77.0 446.0
77.0 446.0
50.2 336.2
82.0 218.0
82.0 218.0
129.9 193.1
191.0 176.0
191.0 176.0
208.0 37.4
362.0 36.0


2

9
371.0 48.0
316.7 47.0
234.0 84.0
234.0 84.0
388.4 143.0
523.0 87.0
523.0 87.0
375.9 57.2
371.0 48.0


3

3
391.0 90.0
410.1 132.6
391.0 90.0


4

3
510.0 115.0
529.3 195.3
510.0 115.0


5

15
232.0 119.0
267.5 193.5
301.0 137.0
301.0 137.0
332.5 209.1
368.0 153.0
368.0 153.0
387.6 194.7
402.0 206.0
402.0 206.0
384.1 79.4
215.0 92.0
215.0 92.0
199.5 208.7
232.0 119.0


6

9
404.0 142.0
458.2 268.9
433.0 350.0
433.0 350.0
596.4 302.8
533.0 96.0
533.0 96.0
463.0 106.0
404.0 142.0


7

3
433.0 143.0
456.7 223.2
433.0 143.0


8

3
258.0 197.0
286.7 240.8
258.0 197.0


9

6
108.0 215.0
262.9 275.6
402.0 219.0
402.0 219.0
257.9 142.8
108.0 215.0


10

3
514.0 234.0
530.4 319.3
514.0 234.0


11

3
387.0 242.0
405.6 326.8
387.0 242.0


12

3
106.0 251.0
120.9 334.6
106.0 251.0


13

9
280.0 275.0
299.8 389.3
279.0 499.0
279.0 499.0
469.7 459.9
413.0 228.0
413.0 228.0
338.7 237.7
280.0 275.0


14

3
232.0 286.0
254.8 371.5
232.0 286.0


15

9
75.0 310.0
70.3 504.3
266.0 503.0
266.0 503.0
342.7 231.8
88.0 223.0
88.0 223.0
80.2 269.2
75.0 310.0


16

3
352.0 327.0
372.5 413.5
352.0 327.0


17

3
168.0 331.0
184.0 417.8
168.0 331.0


18

3
105.0 373.0
115.8 462.0
105.0 373.0


19

3
311.0 412.0
320.3 503.2
311.0 412.0


20

3
231.0 420.0
248.3 509.5
231.0 420.0


