1

2900
44.0 25.0
56.0 25.0
56.0 25.0
56.0 26.0
56.0 26.0
62.0 27.0
62.0 27.0
62.0 28.0
62.0 28.0
63.0 28.0
63.0 28.0
63.0 29.0
63.0 29.0
65.0 29.0
65.0 29.0
65.0 30.0
65.0 30.0
66.0 30.0
66.0 30.0
66.0 31.0
66.0 31.0
67.0 31.0
67.0 31.0
67.0 32.0
67.0 32.0
68.0 32.0
68.0 32.0
68.0 33.0
68.0 33.0
69.0 33.0
69.0 33.0
69.0 34.0
69.0 34.0
71.0 35.0
71.0 35.0
71.0 37.0
71.0 37.0
73.0 38.0
73.0 38.0
73.0 41.0
73.0 41.0
74.0 41.0
74.0 41.0
74.0 44.0
74.0 44.0
75.0 44.0
75.0 44.0
75.0 52.0
75.0 52.0
76.0 52.0
76.0 52.0
76.0 66.0
76.0 66.0
77.0 66.0
77.0 66.0
77.0 72.0
77.0 72.0
78.0 72.0
78.0 72.0
79.0 82.0
79.0 82.0
80.0 82.0
80.0 82.0
80.0 85.0
80.0 85.0
81.0 85.0
81.0 85.0
81.0 88.0
81.0 88.0
82.0 88.0
82.0 88.0
82.0 92.0
82.0 92.0
83.0 92.0
83.0 92.0
84.0 98.0
84.0 98.0
85.0 98.0
85.0 98.0
85.0 100.0
85.0 100.0
86.0 100.0
86.0 100.0
86.0 102.0
86.0 102.0
87.0 102.0
87.0 102.0
87.0 105.0
87.0 105.0
88.0 105.0
88.0 105.0
88.0 107.0
88.0 107.0
89.0 107.0
89.0 107.0
89.0 109.0
89.0 109.0
90.0 109.0
90.0 109.0
90.0 112.0
90.0 112.0
92.0 113.0
92.0 113.0
92.0 115.0
92.0 115.0
93.0 115.0
93.0 115.0
94.0 119.0
94.0 119.0
96.0 120.0
96.0 120.0
96.0 122.0
96.0 122.0
97.0 122.0
97.0 122.0
98.0 126.0
98.0 126.0
100.0 127.0
100.0 127.0
100.0 129.0
100.0 129.0
102.0 130.0
102.0 130.0
102.0 132.0
102.0 132.0
103.0 132.0
103.0 132.0
103.0 133.0
103.0 133.0
105.0 134.0
105.0 134.0
105.0 136.0
105.0 136.0
107.0 137.0
107.0 137.0
107.0 139.0
107.0 139.0
108.0 139.0
108.0 139.0
108.0 140.0
108.0 140.0
110.0 141.0
110.0 141.0
110.0 143.0
110.0 143.0
111.0 143.0
111.0 143.0
111.0 144.0
111.0 144.0
112.0 144.0
112.0 144.0
112.0 145.0
112.0 145.0
113.0 145.0
113.0 145.0
113.0 146.0
113.0 146.0
114.0 146.0
114.0 146.0
114.0 147.0
114.0 147.0
115.0 147.0
115.0 147.0
115.0 148.0
115.0 148.0
117.0 149.0
117.0 149.0
117.0 151.0
117.0 151.0
118.0 151.0
118.0 151.0
118.0 152.0
118.0 152.0
119.0 152.0
119.0 152.0
119.0 153.0
119.0 153.0
120.0 153.0
120.0 153.0
120.0 154.0
120.0 154.0
121.0 154.0
121.0 154.0
121.0 155.0
121.0 155.0
122.0 155.0
122.0 155.0
122.0 156.0
122.0 156.0
123.0 156.0
123.0 156.0
123.0 157.0
123.0 157.0
124.0 157.0
124.0 157.0
124.0 158.0
124.0 158.0
125.0 158.0
125.0 158.0
125.0 159.0
125.0 159.0
126.0 159.0
126.0 159.0
126.0 160.0
126.0 160.0
127.0 160.0
127.0 160.0
127.0 161.0
127.0 161.0
128.0 161.0
128.0 161.0
128.0 162.0
128.0 162.0
129.0 162.0
129.0 162.0
130.0 164.0
130.0 164.0
131.0 164.0
131.0 164.0
131.0 165.0
131.0 165.0
132.0 165.0
132.0 165.0
132.0 166.0
132.0 166.0
134.0 166.0
134.0 166.0
134.0 167.0
134.0 167.0
135.0 167.0
135.0 167.0
135.0 168.0
135.0 168.0
136.0 168.0
136.0 168.0
136.0 169.0
136.0 169.0
137.0 169.0
137.0 169.0
138.0 171.0
138.0 171.0
140.0 171.0
140.0 171.0
140.0 172.0
140.0 172.0
141.0 172.0
141.0 172.0
141.0 173.0
141.0 173.0
142.0 173.0
142.0 173.0
143.0 175.0
143.0 175.0
145.0 175.0
145.0 175.0
145.0 176.0
145.0 176.0
146.0 176.0
146.0 176.0
147.0 178.0
147.0 178.0
149.0 178.0
149.0 178.0
149.0 179.0
149.0 179.0
150.0 179.0
150.0 179.0
151.0 181.0
151.0 181.0
153.0 181.0
153.0 181.0
153.0 182.0
153.0 182.0
154.0 182.0
154.0 182.0
154.0 183.0
154.0 183.0
156.0 183.0
156.0 183.0
157.0 185.0
157.0 185.0
161.0 186.0
161.0 186.0
161.0 187.0
161.0 187.0
162.0 187.0
162.0 187.0
162.0 188.0
162.0 188.0
164.0 188.0
164.0 188.0
165.0 190.0
165.0 190.0
169.0 191.0
169.0 191.0
170.0 193.0
170.0 193.0
172.0 193.0
172.0 193.0
172.0 194.0
172.0 194.0
174.0 194.0
174.0 194.0
174.0 195.0
174.0 195.0
176.0 195.0
176.0 195.0
176.0 196.0
176.0 196.0
178.0 196.0
178.0 196.0
178.0 197.0
178.0 197.0
180.0 197.0
180.0 197.0
180.0 198.0
180.0 198.0
182.0 198.0
182.0 198.0
182.0 199.0
182.0 199.0
184.0 199.0
184.0 199.0
184.0 200.0
184.0 200.0
186.0 200.0
186.0 200.0
186.0 201.0
186.0 201.0
188.0 201.0
188.0 201.0
188.0 202.0
188.0 202.0
191.0 202.0
191.0 202.0
191.0 203.0
191.0 203.0
193.0 203.0
193.0 203.0
193.0 204.0
193.0 204.0
196.0 204.0
196.0 204.0
196.0 205.0
196.0 205.0
198.0 205.0
198.0 205.0
198.0 206.0
198.0 206.0
200.0 206.0
200.0 206.0
200.0 207.0
200.0 207.0
203.0 207.0
203.0 207.0
203.0 208.0
203.0 208.0
205.0 208.0
205.0 208.0
205.0 209.0
205.0 209.0
208.0 209.0
208.0 209.0
208.0 210.0
208.0 210.0
211.0 210.0
211.0 210.0
211.0 211.0
211.0 211.0
215.0 211.0
215.0 211.0
215.0 212.0
215.0 212.0
218.0 212.0
218.0 212.0
218.0 213.0
218.0 213.0
221.0 213.0
221.0 213.0
221.0 214.0
221.0 214.0
224.0 214.0
224.0 214.0
224.0 215.0
224.0 215.0
226.0 215.0
226.0 215.0
226.0 204.0
226.0 204.0
227.0 204.0
227.0 204.0
227.0 192.0
227.0 192.0
228.0 192.0
228.0 192.0
228.0 184.0
228.0 184.0
229.0 184.0
229.0 184.0
229.0 175.0
229.0 175.0
230.0 175.0
230.0 175.0
230.0 169.0
230.0 169.0
231.0 169.0
231.0 169.0
231.0 163.0
231.0 163.0
232.0 163.0
232.0 163.0
232.0 157.0
232.0 157.0
233.0 157.0
233.0 157.0
234.0 147.0
234.0 147.0
235.0 147.0
235.0 147.0
235.0 143.0
235.0 143.0
236.0 143.0
236.0 143.0
236.0 139.0
236.0 139.0
237.0 139.0
237.0 139.0
238.0 131.0
238.0 131.0
239.0 131.0
239.0 131.0
239.0 128.0
239.0 128.0
240.0 128.0
240.0 128.0
240.0 125.0
240.0 125.0
241.0 125.0
241.0 125.0
242.0 119.0
242.0 119.0
243.0 119.0
243.0 119.0
243.0 115.0
243.0 115.0
244.0 115.0
244.0 115.0
244.0 112.0
244.0 112.0
245.0 112.0
245.0 112.0
245.0 110.0
245.0 110.0
246.0 110.0
246.0 110.0
246.0 108.0
246.0 108.0
247.0 108.0
247.0 108.0
247.0 105.0
247.0 105.0
248.0 105.0
248.0 105.0
248.0 103.0
248.0 103.0
249.0 103.0
249.0 103.0
249.0 100.0
249.0 100.0
250.0 100.0
250.0 100.0
250.0 98.0
250.0 98.0
251.0 98.0
251.0 98.0
251.0 96.0
251.0 96.0
252.0 96.0
252.0 96.0
252.0 94.0
252.0 94.0
253.0 94.0
253.0 94.0
253.0 92.0
253.0 92.0
254.0 92.0
254.0 92.0
254.0 90.0
254.0 90.0
255.0 90.0
255.0 90.0
255.0 88.0
255.0 88.0
256.0 88.0
256.0 88.0
256.0 86.0
256.0 86.0
257.0 86.0
257.0 86.0
257.0 84.0
257.0 84.0
258.0 84.0
258.0 84.0
258.0 82.0
258.0 82.0
260.0 81.0
260.0 81.0
260.0 79.0
260.0 79.0
262.0 78.0
262.0 78.0
262.0 76.0
262.0 76.0
264.0 75.0
264.0 75.0
264.0 73.0
264.0 73.0
266.0 72.0
266.0 72.0
266.0 70.0
266.0 70.0
268.0 69.0
268.0 69.0
268.0 67.0
268.0 67.0
269.0 67.0
269.0 67.0
269.0 66.0
269.0 66.0
270.0 66.0
270.0 66.0
270.0 65.0
270.0 65.0
271.0 65.0
271.0 65.0
271.0 64.0
271.0 64.0
273.0 63.0
273.0 63.0
273.0 61.0
273.0 61.0
274.0 61.0
274.0 61.0
274.0 60.0
274.0 60.0
275.0 60.0
275.0 60.0
275.0 59.0
275.0 59.0
276.0 59.0
276.0 59.0
276.0 58.0
276.0 58.0
277.0 58.0
277.0 58.0
277.0 57.0
277.0 57.0
278.0 57.0
278.0 57.0
278.0 56.0
278.0 56.0
279.0 56.0
279.0 56.0
279.0 55.0
279.0 55.0
280.0 55.0
280.0 55.0
280.0 54.0
280.0 54.0
281.0 54.0
281.0 54.0
281.0 53.0
281.0 53.0
282.0 53.0
282.0 53.0
282.0 52.0
282.0 52.0
283.0 52.0
283.0 52.0
283.0 51.0
283.0 51.0
284.0 51.0
284.0 51.0
284.0 50.0
284.0 50.0
285.0 50.0
285.0 50.0
285.0 49.0
285.0 49.0
286.0 49.0
286.0 49.0
287.0 47.0
287.0 47.0
289.0 47.0
289.0 47.0
289.0 46.0
289.0 46.0
290.0 46.0
290.0 46.0
291.0 44.0
291.0 44.0
293.0 44.0
293.0 44.0
294.0 42.0
294.0 42.0
296.0 42.0
296.0 42.0
296.0 41.0
296.0 41.0
297.0 41.0
297.0 41.0
298.0 39.0
298.0 39.0
300.0 39.0
300.0 39.0
300.0 38.0
300.0 38.0
302.0 38.0
302.0 38.0
302.0 37.0
302.0 37.0
304.0 37.0
304.0 37.0
304.0 36.0
304.0 36.0
306.0 36.0
306.0 36.0
306.0 35.0
306.0 35.0
308.0 35.0
308.0 35.0
308.0 34.0
308.0 34.0
310.0 34.0
310.0 34.0
310.0 33.0
310.0 33.0
314.0 32.0
314.0 32.0
314.0 31.0
314.0 31.0
317.0 31.0
317.0 31.0
317.0 30.0
317.0 30.0
320.0 30.0
320.0 30.0
320.0 29.0
320.0 29.0
323.0 29.0
323.0 29.0
323.0 28.0
323.0 28.0
327.0 28.0
327.0 28.0
327.0 27.0
327.0 27.0
337.0 26.0
337.0 26.0
337.0 25.0
337.0 25.0
363.0 25.0
363.0 25.0
363.0 26.0
363.0 26.0
369.0 26.0
369.0 26.0
369.0 27.0
369.0 27.0
374.0 27.0
374.0 27.0
374.0 28.0
374.0 28.0
378.0 28.0
378.0 28.0
378.0 29.0
378.0 29.0
381.0 29.0
381.0 29.0
381.0 30.0
381.0 30.0
385.0 30.0
385.0 30.0
385.0 31.0
385.0 31.0
388.0 31.0
388.0 31.0
388.0 32.0
388.0 32.0
390.0 32.0
390.0 32.0
390.0 33.0
390.0 33.0
392.0 33.0
392.0 33.0
392.0 34.0
392.0 34.0
395.0 34.0
395.0 34.0
395.0 35.0
395.0 35.0
397.0 35.0
397.0 35.0
397.0 36.0
397.0 36.0
399.0 36.0
399.0 36.0
399.0 37.0
399.0 37.0
401.0 37.0
401.0 37.0
401.0 38.0
401.0 38.0
403.0 38.0
403.0 38.0
403.0 39.0
403.0 39.0
405.0 39.0
405.0 39.0
405.0 40.0
405.0 40.0
409.0 41.0
409.0 41.0
410.0 43.0
410.0 43.0
412.0 43.0
412.0 43.0
413.0 45.0
413.0 45.0
415.0 45.0
415.0 45.0
416.0 47.0
416.0 47.0
418.0 47.0
418.0 47.0
419.0 49.0
419.0 49.0
421.0 49.0
421.0 49.0
421.0 50.0
421.0 50.0
422.0 50.0
422.0 50.0
423.0 52.0
423.0 52.0
425.0 52.0
425.0 52.0
425.0 53.0
425.0 53.0
426.0 53.0
426.0 53.0
426.0 54.0
426.0 54.0
427.0 54.0
427.0 54.0
427.0 55.0
427.0 55.0
428.0 55.0
428.0 55.0
428.0 56.0
428.0 56.0
429.0 56.0
429.0 56.0
430.0 58.0
430.0 58.0
432.0 58.0
432.0 58.0
432.0 59.0
432.0 59.0
433.0 59.0
433.0 59.0
433.0 60.0
433.0 60.0
434.0 60.0
434.0 60.0
434.0 61.0
434.0 61.0
435.0 61.0
435.0 61.0
435.0 62.0
435.0 62.0
436.0 62.0
436.0 62.0
436.0 63.0
436.0 63.0
437.0 63.0
437.0 63.0
437.0 64.0
437.0 64.0
438.0 64.0
438.0 64.0
438.0 65.0
438.0 65.0
439.0 65.0
439.0 65.0
439.0 66.0
439.0 66.0
440.0 66.0
440.0 66.0
441.0 68.0
441.0 68.0
442.0 68.0
442.0 68.0
442.0 70.0
442.0 70.0
443.0 70.0
443.0 70.0
443.0 71.0
443.0 71.0
444.0 71.0
444.0 71.0
444.0 72.0
444.0 72.0
445.0 72.0
445.0 72.0
445.0 73.0
445.0 73.0
446.0 73.0
446.0 73.0
446.0 74.0
446.0 74.0
448.0 75.0
448.0 75.0
448.0 77.0
448.0 77.0
449.0 77.0
449.0 77.0
449.0 78.0
449.0 78.0
451.0 79.0
451.0 79.0
451.0 81.0
451.0 81.0
453.0 82.0
453.0 82.0
453.0 84.0
453.0 84.0
455.0 85.0
455.0 85.0
455.0 87.0
455.0 87.0
457.0 88.0
457.0 88.0
457.0 90.0
457.0 90.0
459.0 91.0
459.0 91.0
459.0 93.0
459.0 93.0
460.0 93.0
460.0 93.0
460.0 95.0
460.0 95.0
461.0 95.0
461.0 95.0
461.0 97.0
461.0 97.0
462.0 97.0
462.0 97.0
462.0 99.0
462.0 99.0
463.0 99.0
463.0 99.0
463.0 101.0
463.0 101.0
464.0 101.0
464.0 101.0
464.0 103.0
464.0 103.0
465.0 103.0
465.0 103.0
465.0 105.0
465.0 105.0
466.0 105.0
466.0 105.0
466.0 108.0
466.0 108.0
467.0 108.0
467.0 108.0
467.0 110.0
467.0 110.0
468.0 110.0
468.0 110.0
468.0 112.0
468.0 112.0
469.0 112.0
469.0 112.0
469.0 115.0
469.0 115.0
470.0 115.0
470.0 115.0
470.0 119.0
470.0 119.0
471.0 119.0
471.0 119.0
471.0 122.0
471.0 122.0
472.0 122.0
472.0 122.0
472.0 126.0
472.0 126.0
473.0 126.0
473.0 126.0
473.0 131.0
473.0 131.0
474.0 131.0
474.0 131.0
474.0 137.0
474.0 137.0
475.0 137.0
475.0 137.0
475.0 162.0
475.0 162.0
474.0 162.0
474.0 162.0
473.0 174.0
473.0 174.0
472.0 174.0
472.0 174.0
472.0 177.0
472.0 177.0
471.0 177.0
471.0 177.0
471.0 181.0
471.0 181.0
470.0 181.0
470.0 181.0
469.0 187.0
469.0 187.0
468.0 187.0
468.0 187.0
468.0 189.0
468.0 189.0
467.0 189.0
467.0 189.0
467.0 191.0
467.0 191.0
466.0 191.0
466.0 191.0
466.0 193.0
466.0 193.0
465.0 193.0
465.0 193.0
465.0 196.0
465.0 196.0
464.0 196.0
464.0 196.0
463.0 200.0
463.0 200.0
461.0 201.0
461.0 201.0
460.0 205.0
460.0 205.0
458.0 206.0
458.0 206.0
458.0 208.0
458.0 208.0
456.0 209.0
456.0 209.0
456.0 211.0
456.0 211.0
455.0 211.0
455.0 211.0
455.0 212.0
455.0 212.0
453.0 213.0
453.0 213.0
453.0 215.0
453.0 215.0
452.0 215.0
452.0 215.0
452.0 216.0
452.0 216.0
450.0 217.0
450.0 217.0
450.0 219.0
450.0 219.0
449.0 219.0
449.0 219.0
449.0 220.0
449.0 220.0
448.0 220.0
448.0 220.0
448.0 221.0
448.0 221.0
447.0 221.0
447.0 221.0
447.0 222.0
447.0 222.0
446.0 222.0
446.0 222.0
446.0 223.0
446.0 223.0
445.0 223.0
445.0 223.0
445.0 224.0
445.0 224.0
444.0 224.0
444.0 224.0
444.0 225.0
444.0 225.0
443.0 225.0
443.0 225.0
443.0 226.0
443.0 226.0
442.0 226.0
442.0 226.0
442.0 227.0
442.0 227.0
441.0 227.0
441.0 227.0
441.0 228.0
441.0 228.0
440.0 228.0
440.0 228.0
440.0 229.0
440.0 229.0
439.0 229.0
439.0 229.0
439.0 230.0
439.0 230.0
438.0 230.0
438.0 230.0
438.0 231.0
438.0 231.0
437.0 231.0
437.0 231.0
437.0 232.0
437.0 232.0
436.0 232.0
436.0 232.0
435.0 234.0
435.0 234.0
433.0 234.0
433.0 234.0
433.0 235.0
433.0 235.0
432.0 235.0
432.0 235.0
432.0 236.0
432.0 236.0
431.0 236.0
431.0 236.0
430.0 238.0
430.0 238.0
428.0 238.0
428.0 238.0
428.0 239.0
428.0 239.0
427.0 239.0
427.0 239.0
426.0 241.0
426.0 241.0
424.0 241.0
424.0 241.0
423.0 243.0
423.0 243.0
421.0 243.0
421.0 243.0
421.0 244.0
421.0 244.0
420.0 244.0
420.0 244.0
420.0 245.0
420.0 245.0
418.0 245.0
418.0 245.0
417.0 247.0
417.0 247.0
413.0 248.0
413.0 248.0
412.0 250.0
412.0 250.0
410.0 250.0
410.0 250.0
410.0 251.0
410.0 251.0
408.0 251.0
408.0 251.0
408.0 252.0
408.0 252.0
406.0 252.0
406.0 252.0
406.0 253.0
406.0 253.0
404.0 253.0
404.0 253.0
404.0 254.0
404.0 254.0
402.0 254.0
402.0 254.0
402.0 255.0
402.0 255.0
398.0 256.0
398.0 256.0
398.0 257.0
398.0 257.0
395.0 257.0
395.0 257.0
395.0 258.0
395.0 258.0
393.0 258.0
393.0 258.0
393.0 259.0
393.0 259.0
391.0 259.0
391.0 259.0
391.0 260.0
391.0 260.0
385.0 261.0
385.0 261.0
385.0 262.0
385.0 262.0
383.0 262.0
383.0 262.0
383.0 263.0
383.0 263.0
380.0 263.0
380.0 263.0
380.0 264.0
380.0 264.0
377.0 264.0
377.0 264.0
377.0 265.0
377.0 265.0
374.0 265.0
374.0 265.0
374.0 266.0
374.0 266.0
370.0 266.0
370.0 266.0
370.0 267.0
370.0 267.0
366.0 267.0
366.0 267.0
366.0 268.0
366.0 268.0
362.0 268.0
362.0 268.0
362.0 269.0
362.0 269.0
358.0 269.0
358.0 269.0
358.0 270.0
358.0 270.0
353.0 270.0
353.0 270.0
353.0 271.0
353.0 271.0
347.0 271.0
347.0 271.0
347.0 272.0
347.0 272.0
341.0 272.0
341.0 272.0
341.0 273.0
341.0 273.0
332.0 273.0
332.0 273.0
332.0 274.0
332.0 274.0
322.0 274.0
322.0 274.0
322.0 275.0
322.0 275.0
280.0 275.0
280.0 275.0
280.0 274.0
280.0 274.0
275.0 274.0
275.0 274.0
275.0 281.0
275.0 281.0
274.0 281.0
274.0 281.0
274.0 296.0
274.0 296.0
273.0 296.0
273.0 296.0
273.0 308.0
273.0 308.0
272.0 308.0
272.0 308.0
272.0 316.0
272.0 316.0
271.0 316.0
271.0 316.0
271.0 325.0
271.0 325.0
270.0 325.0
270.0 325.0
270.0 331.0
270.0 331.0
269.0 331.0
269.0 331.0
268.0 343.0
268.0 343.0
267.0 343.0
267.0 343.0
267.0 348.0
267.0 348.0
266.0 348.0
266.0 348.0
266.0 353.0
266.0 353.0
265.0 353.0
265.0 353.0
265.0 357.0
265.0 357.0
264.0 357.0
264.0 357.0
264.0 359.0
264.0 359.0
266.0 359.0
266.0 359.0
266.0 360.0
266.0 360.0
268.0 360.0
268.0 360.0
268.0 361.0
268.0 361.0
272.0 362.0
272.0 362.0
273.0 364.0
273.0 364.0
275.0 364.0
275.0 364.0
275.0 365.0
275.0 365.0
277.0 365.0
277.0 365.0
277.0 366.0
277.0 366.0
279.0 366.0
279.0 366.0
279.0 367.0
279.0 367.0
283.0 368.0
283.0 368.0
284.0 370.0
284.0 370.0
286.0 370.0
286.0 370.0
286.0 371.0
286.0 371.0
288.0 371.0
288.0 371.0
288.0 372.0
288.0 372.0
290.0 372.0
290.0 372.0
290.0 373.0
290.0 373.0
292.0 373.0
292.0 373.0
292.0 374.0
292.0 374.0
294.0 374.0
294.0 374.0
294.0 375.0
294.0 375.0
296.0 375.0
296.0 375.0
296.0 376.0
296.0 376.0
298.0 376.0
298.0 376.0
298.0 377.0
298.0 377.0
300.0 377.0
300.0 377.0
300.0 378.0
300.0 378.0
304.0 379.0
304.0 379.0
305.0 381.0
305.0 381.0
307.0 381.0
307.0 381.0
307.0 382.0
307.0 382.0
309.0 382.0
309.0 382.0
309.0 383.0
309.0 383.0
311.0 383.0
311.0 383.0
311.0 384.0
311.0 384.0
313.0 384.0
313.0 384.0
313.0 385.0
313.0 385.0
315.0 385.0
315.0 385.0
315.0 386.0
315.0 386.0
318.0 386.0
318.0 386.0
318.0 387.0
318.0 387.0
320.0 387.0
320.0 387.0
320.0 388.0
320.0 388.0
322.0 388.0
322.0 388.0
322.0 389.0
322.0 389.0
324.0 389.0
324.0 389.0
324.0 390.0
324.0 390.0
326.0 390.0
326.0 390.0
326.0 391.0
326.0 391.0
328.0 391.0
328.0 391.0
328.0 392.0
328.0 392.0
330.0 392.0
330.0 392.0
330.0 393.0
330.0 393.0
332.0 393.0
332.0 393.0
332.0 394.0
332.0 394.0
334.0 394.0
334.0 394.0
334.0 395.0
334.0 395.0
337.0 395.0
337.0 395.0
337.0 396.0
337.0 396.0
339.0 396.0
339.0 396.0
339.0 397.0
339.0 397.0
341.0 397.0
341.0 397.0
341.0 398.0
341.0 398.0
343.0 398.0
343.0 398.0
343.0 399.0
343.0 399.0
346.0 399.0
346.0 399.0
346.0 400.0
346.0 400.0
348.0 400.0
348.0 400.0
348.0 401.0
348.0 401.0
351.0 401.0
351.0 401.0
351.0 402.0
351.0 402.0
353.0 402.0
353.0 402.0
353.0 403.0
353.0 403.0
356.0 403.0
356.0 403.0
356.0 404.0
356.0 404.0
358.0 404.0
358.0 404.0
358.0 405.0
358.0 405.0
361.0 405.0
361.0 405.0
361.0 406.0
361.0 406.0
363.0 406.0
363.0 406.0
363.0 407.0
363.0 407.0
366.0 407.0
366.0 407.0
366.0 408.0
366.0 408.0
372.0 409.0
372.0 409.0
372.0 410.0
372.0 410.0
374.0 410.0
374.0 410.0
374.0 411.0
374.0 411.0
377.0 411.0
377.0 411.0
377.0 412.0
377.0 412.0
380.0 412.0
380.0 412.0
380.0 413.0
380.0 413.0
383.0 413.0
383.0 413.0
383.0 414.0
383.0 414.0
387.0 414.0
387.0 414.0
387.0 415.0
387.0 415.0
391.0 415.0
391.0 415.0
391.0 416.0
391.0 416.0
394.0 416.0
394.0 416.0
394.0 417.0
394.0 417.0
398.0 417.0
398.0 417.0
398.0 418.0
398.0 418.0
406.0 419.0
406.0 419.0
406.0 420.0
406.0 420.0
416.0 421.0
416.0 421.0
416.0 422.0
416.0 422.0
423.0 422.0
423.0 422.0
423.0 423.0
423.0 423.0
431.0 423.0
431.0 423.0
431.0 424.0
431.0 424.0
446.0 424.0
446.0 424.0
446.0 425.0
446.0 425.0
457.0 425.0
457.0 425.0
457.0 426.0
457.0 426.0
459.0 426.0
459.0 426.0
459.0 427.0
459.0 427.0
462.0 427.0
462.0 427.0
463.0 429.0
463.0 429.0
465.0 429.0
465.0 429.0
465.0 430.0
465.0 430.0
466.0 430.0
466.0 430.0
466.0 431.0
466.0 431.0
467.0 431.0
467.0 431.0
467.0 432.0
467.0 432.0
468.0 432.0
468.0 432.0
468.0 433.0
468.0 433.0
469.0 433.0
469.0 433.0
469.0 434.0
469.0 434.0
471.0 435.0
471.0 435.0
471.0 437.0
471.0 437.0
473.0 438.0
473.0 438.0
474.0 444.0
474.0 444.0
475.0 444.0
475.0 444.0
475.0 457.0
475.0 457.0
474.0 457.0
474.0 457.0
474.0 459.0
474.0 459.0
473.0 459.0
473.0 459.0
473.0 462.0
473.0 462.0
471.0 463.0
471.0 463.0
471.0 465.0
471.0 465.0
470.0 465.0
470.0 465.0
470.0 466.0
470.0 466.0
469.0 466.0
469.0 466.0
469.0 467.0
469.0 467.0
468.0 467.0
468.0 467.0
468.0 468.0
468.0 468.0
467.0 468.0
467.0 468.0
467.0 469.0
467.0 469.0
466.0 469.0
466.0 469.0
465.0 471.0
465.0 471.0
463.0 471.0
463.0 471.0
462.0 473.0
462.0 473.0
456.0 474.0
456.0 474.0
456.0 475.0
456.0 475.0
432.0 475.0
432.0 475.0
432.0 474.0
432.0 474.0
422.0 474.0
422.0 474.0
422.0 473.0
422.0 473.0
415.0 473.0
415.0 473.0
415.0 472.0
415.0 472.0
407.0 472.0
407.0 472.0
407.0 471.0
407.0 471.0
403.0 471.0
403.0 471.0
403.0 470.0
403.0 470.0
398.0 470.0
398.0 470.0
398.0 469.0
398.0 469.0
388.0 468.0
388.0 468.0
388.0 467.0
388.0 467.0
385.0 467.0
385.0 467.0
385.0 466.0
385.0 466.0
381.0 466.0
381.0 466.0
381.0 465.0
381.0 465.0
377.0 465.0
377.0 465.0
377.0 464.0
377.0 464.0
374.0 464.0
374.0 464.0
374.0 463.0
374.0 463.0
370.0 463.0
370.0 463.0
370.0 462.0
370.0 462.0
367.0 462.0
367.0 462.0
367.0 461.0
367.0 461.0
364.0 461.0
364.0 461.0
364.0 460.0
364.0 460.0
361.0 460.0
361.0 460.0
361.0 459.0
361.0 459.0
358.0 459.0
358.0 459.0
358.0 458.0
358.0 458.0
355.0 458.0
355.0 458.0
355.0 457.0
355.0 457.0
352.0 457.0
352.0 457.0
352.0 456.0
352.0 456.0
346.0 455.0
346.0 455.0
346.0 454.0
346.0 454.0
344.0 454.0
344.0 454.0
344.0 453.0
344.0 453.0
341.0 453.0
341.0 453.0
341.0 452.0
341.0 452.0
339.0 452.0
339.0 452.0
339.0 451.0
339.0 451.0
336.0 451.0
336.0 451.0
336.0 450.0
336.0 450.0
334.0 450.0
334.0 450.0
334.0 449.0
334.0 449.0
331.0 449.0
331.0 449.0
331.0 448.0
331.0 448.0
329.0 448.0
329.0 448.0
329.0 447.0
329.0 447.0
326.0 447.0
326.0 447.0
326.0 446.0
326.0 446.0
324.0 446.0
324.0 446.0
324.0 445.0
324.0 445.0
322.0 445.0
322.0 445.0
322.0 444.0
322.0 444.0
320.0 444.0
320.0 444.0
320.0 443.0
320.0 443.0
317.0 443.0
317.0 443.0
317.0 442.0
317.0 442.0
315.0 442.0
315.0 442.0
315.0 441.0
315.0 441.0
313.0 441.0
313.0 441.0
313.0 440.0
313.0 440.0
311.0 440.0
311.0 440.0
311.0 439.0
311.0 439.0
308.0 439.0
308.0 439.0
308.0 438.0
308.0 438.0
306.0 438.0
306.0 438.0
306.0 437.0
306.0 437.0
304.0 437.0
304.0 437.0
304.0 436.0
304.0 436.0
302.0 436.0
302.0 436.0
302.0 435.0
302.0 435.0
300.0 435.0
300.0 435.0
300.0 434.0
300.0 434.0
298.0 434.0
298.0 434.0
298.0 433.0
298.0 433.0
296.0 433.0
296.0 433.0
296.0 432.0
296.0 432.0
294.0 432.0
294.0 432.0
294.0 431.0
294.0 431.0
292.0 431.0
292.0 431.0
292.0 430.0
292.0 430.0
290.0 430.0
290.0 430.0
290.0 429.0
290.0 429.0
288.0 429.0
288.0 429.0
288.0 428.0
288.0 428.0
286.0 428.0
286.0 428.0
286.0 427.0
286.0 427.0
284.0 427.0
284.0 427.0
284.0 426.0
284.0 426.0
282.0 426.0
282.0 426.0
282.0 425.0
282.0 425.0
280.0 425.0
280.0 425.0
280.0 424.0
280.0 424.0
278.0 424.0
278.0 424.0
278.0 423.0
278.0 423.0
276.0 423.0
276.0 423.0
276.0 422.0
276.0 422.0
274.0 422.0
274.0 422.0
274.0 421.0
274.0 421.0
272.0 421.0
272.0 421.0
272.0 420.0
272.0 420.0
270.0 420.0
270.0 420.0
270.0 419.0
270.0 419.0
266.0 418.0
266.0 418.0
265.0 416.0
265.0 416.0
263.0 416.0
263.0 416.0
263.0 415.0
263.0 415.0
261.0 415.0
261.0 415.0
261.0 414.0
261.0 414.0
259.0 414.0
259.0 414.0
259.0 413.0
259.0 413.0
255.0 412.0
255.0 412.0
255.0 411.0
255.0 411.0
253.0 411.0
253.0 411.0
252.0 409.0
252.0 409.0
250.0 409.0
250.0 409.0
250.0 408.0
250.0 408.0
248.0 408.0
248.0 408.0
248.0 407.0
248.0 407.0
246.0 408.0
246.0 408.0
246.0 410.0
246.0 410.0
245.0 410.0
245.0 410.0
245.0 412.0
245.0 412.0
244.0 412.0
244.0 412.0
244.0 414.0
244.0 414.0
243.0 414.0
243.0 414.0
242.0 418.0
242.0 418.0
240.0 419.0
240.0 419.0
240.0 421.0
240.0 421.0
238.0 422.0
238.0 422.0
238.0 424.0
238.0 424.0
236.0 425.0
236.0 425.0
236.0 427.0
236.0 427.0
234.0 428.0
234.0 428.0
234.0 430.0
234.0 430.0
232.0 431.0
232.0 431.0
232.0 433.0
232.0 433.0
231.0 433.0
231.0 433.0
231.0 434.0
231.0 434.0
230.0 434.0
230.0 434.0
230.0 435.0
230.0 435.0
229.0 435.0
229.0 435.0
229.0 436.0
229.0 436.0
227.0 437.0
227.0 437.0
227.0 439.0
227.0 439.0
226.0 439.0
226.0 439.0
226.0 440.0
226.0 440.0
225.0 440.0
225.0 440.0
225.0 441.0
225.0 441.0
224.0 441.0
224.0 441.0
224.0 442.0
224.0 442.0
223.0 442.0
223.0 442.0
223.0 443.0
223.0 443.0
222.0 443.0
222.0 443.0
222.0 444.0
222.0 444.0
221.0 444.0
221.0 444.0
221.0 445.0
221.0 445.0
220.0 445.0
220.0 445.0
220.0 446.0
220.0 446.0
219.0 446.0
219.0 446.0
219.0 447.0
219.0 447.0
218.0 447.0
218.0 447.0
218.0 448.0
218.0 448.0
217.0 448.0
217.0 448.0
217.0 449.0
217.0 449.0
216.0 449.0
216.0 449.0
216.0 450.0
216.0 450.0
215.0 450.0
215.0 450.0
215.0 451.0
215.0 451.0
214.0 451.0
214.0 451.0
213.0 453.0
213.0 453.0
211.0 453.0
211.0 453.0
211.0 454.0
211.0 454.0
210.0 454.0
210.0 454.0
209.0 456.0
209.0 456.0
207.0 456.0
207.0 456.0
206.0 458.0
206.0 458.0
204.0 458.0
204.0 458.0
204.0 459.0
204.0 459.0
203.0 459.0
203.0 459.0
202.0 461.0
202.0 461.0
200.0 461.0
200.0 461.0
200.0 462.0
200.0 462.0
198.0 462.0
198.0 462.0
198.0 463.0
198.0 463.0
196.0 463.0
196.0 463.0
196.0 464.0
196.0 464.0
194.0 464.0
194.0 464.0
194.0 465.0
194.0 465.0
192.0 465.0
192.0 465.0
192.0 466.0
192.0 466.0
190.0 466.0
190.0 466.0
190.0 467.0
190.0 467.0
188.0 467.0
188.0 467.0
188.0 468.0
188.0 468.0
186.0 468.0
186.0 468.0
186.0 469.0
186.0 469.0
183.0 469.0
183.0 469.0
183.0 470.0
183.0 470.0
180.0 470.0
180.0 470.0
180.0 471.0
180.0 471.0
177.0 471.0
177.0 471.0
177.0 472.0
177.0 472.0
173.0 472.0
173.0 472.0
173.0 473.0
173.0 473.0
168.0 473.0
168.0 473.0
168.0 474.0
168.0 474.0
162.0 474.0
162.0 474.0
162.0 475.0
162.0 475.0
126.0 475.0
126.0 475.0
126.0 474.0
126.0 474.0
115.0 474.0
115.0 474.0
115.0 473.0
115.0 473.0
107.0 473.0
107.0 473.0
107.0 472.0
107.0 472.0
101.0 472.0
101.0 472.0
101.0 471.0
101.0 471.0
91.0 470.0
91.0 470.0
91.0 469.0
91.0 469.0
87.0 469.0
87.0 469.0
87.0 468.0
87.0 468.0
84.0 468.0
84.0 468.0
84.0 467.0
84.0 467.0
80.0 467.0
80.0 467.0
80.0 466.0
80.0 466.0
74.0 465.0
74.0 465.0
74.0 464.0
74.0 464.0
72.0 464.0
72.0 464.0
72.0 463.0
72.0 463.0
69.0 463.0
69.0 463.0
69.0 462.0
69.0 462.0
67.0 462.0
67.0 462.0
67.0 461.0
67.0 461.0
65.0 461.0
65.0 461.0
65.0 460.0
65.0 460.0
63.0 460.0
63.0 460.0
63.0 459.0
63.0 459.0
61.0 459.0
61.0 459.0
61.0 458.0
61.0 458.0
59.0 458.0
59.0 458.0
58.0 456.0
58.0 456.0
54.0 455.0
54.0 455.0
54.0 454.0
54.0 454.0
53.0 454.0
53.0 454.0
52.0 452.0
52.0 452.0
50.0 452.0
50.0 452.0
50.0 451.0
50.0 451.0
49.0 451.0
49.0 451.0
49.0 450.0
49.0 450.0
48.0 450.0
48.0 450.0
47.0 448.0
47.0 448.0
45.0 448.0
45.0 448.0
45.0 447.0
45.0 447.0
44.0 447.0
44.0 447.0
44.0 446.0
44.0 446.0
43.0 446.0
43.0 446.0
43.0 445.0
43.0 445.0
42.0 445.0
42.0 445.0
42.0 444.0
42.0 444.0
40.0 443.0
40.0 443.0
40.0 441.0
40.0 441.0
39.0 441.0
39.0 441.0
39.0 440.0
39.0 440.0
37.0 439.0
37.0 439.0
37.0 437.0
37.0 437.0
36.0 437.0
36.0 437.0
36.0 436.0
36.0 436.0
34.0 435.0
34.0 435.0
34.0 433.0
34.0 433.0
33.0 433.0
33.0 433.0
32.0 429.0
32.0 429.0
31.0 429.0
31.0 429.0
31.0 427.0
31.0 427.0
30.0 427.0
30.0 427.0
30.0 425.0
30.0 425.0
29.0 425.0
29.0 425.0
28.0 419.0
28.0 419.0
27.0 419.0
27.0 419.0
27.0 415.0
27.0 415.0
26.0 415.0
26.0 415.0
26.0 410.0
26.0 410.0
25.0 410.0
25.0 410.0
25.0 388.0
25.0 388.0
26.0 388.0
26.0 388.0
26.0 384.0
26.0 384.0
27.0 384.0
27.0 384.0
27.0 379.0
27.0 379.0
28.0 379.0
28.0 379.0
28.0 375.0
28.0 375.0
29.0 375.0
29.0 375.0
29.0 372.0
29.0 372.0
30.0 372.0
30.0 372.0
31.0 366.0
31.0 366.0
32.0 366.0
32.0 366.0
32.0 364.0
32.0 364.0
33.0 364.0
33.0 364.0
33.0 362.0
33.0 362.0
34.0 362.0
34.0 362.0
34.0 360.0
34.0 360.0
35.0 360.0
35.0 360.0
35.0 357.0
35.0 357.0
36.0 357.0
36.0 357.0
36.0 355.0
36.0 355.0
38.0 354.0
38.0 354.0
38.0 352.0
38.0 352.0
39.0 352.0
39.0 352.0
40.0 348.0
40.0 348.0
42.0 347.0
42.0 347.0
42.0 345.0
42.0 345.0
44.0 344.0
44.0 344.0
44.0 342.0
44.0 342.0
46.0 341.0
46.0 341.0
46.0 339.0
46.0 339.0
48.0 338.0
48.0 338.0
48.0 336.0
48.0 336.0
49.0 336.0
49.0 336.0
49.0 335.0
49.0 335.0
50.0 335.0
50.0 335.0
50.0 334.0
50.0 334.0
51.0 334.0
51.0 334.0
51.0 333.0
51.0 333.0
53.0 332.0
53.0 332.0
53.0 330.0
53.0 330.0
54.0 330.0
54.0 330.0
54.0 329.0
54.0 329.0
55.0 329.0
55.0 329.0
55.0 328.0
55.0 328.0
56.0 328.0
56.0 328.0
56.0 327.0
56.0 327.0
57.0 327.0
57.0 327.0
57.0 326.0
57.0 326.0
58.0 326.0
58.0 326.0
58.0 325.0
58.0 325.0
59.0 325.0
59.0 325.0
59.0 324.0
59.0 324.0
60.0 324.0
60.0 324.0
60.0 323.0
60.0 323.0
61.0 323.0
61.0 323.0
61.0 322.0
61.0 322.0
62.0 322.0
62.0 322.0
62.0 321.0
62.0 321.0
63.0 321.0
63.0 321.0
63.0 320.0
63.0 320.0
64.0 320.0
64.0 320.0
64.0 319.0
64.0 319.0
66.0 318.0
66.0 318.0
66.0 317.0
66.0 317.0
68.0 317.0
68.0 317.0
68.0 316.0
68.0 316.0
69.0 316.0
69.0 316.0
69.0 315.0
69.0 315.0
70.0 315.0
70.0 315.0
71.0 313.0
71.0 313.0
73.0 313.0
73.0 313.0
73.0 312.0
73.0 312.0
74.0 312.0
74.0 312.0
75.0 310.0
75.0 310.0
77.0 310.0
77.0 310.0
78.0 308.0
78.0 308.0
82.0 307.0
82.0 307.0
83.0 305.0
83.0 305.0
85.0 305.0
85.0 305.0
85.0 304.0
85.0 304.0
87.0 304.0
87.0 304.0
87.0 303.0
87.0 303.0
89.0 303.0
89.0 303.0
89.0 302.0
89.0 302.0
91.0 302.0
91.0 302.0
91.0 301.0
91.0 301.0
93.0 301.0
93.0 301.0
93.0 300.0
93.0 300.0
96.0 300.0
96.0 300.0
96.0 299.0
96.0 299.0
99.0 299.0
99.0 299.0
99.0 298.0
99.0 298.0
105.0 297.0
105.0 297.0
105.0 296.0
105.0 296.0
109.0 296.0
109.0 296.0
109.0 295.0
109.0 295.0
116.0 295.0
116.0 295.0
116.0 294.0
116.0 294.0
136.0 294.0
136.0 294.0
136.0 295.0
136.0 295.0
146.0 296.0
146.0 296.0
146.0 297.0
146.0 297.0
149.0 297.0
149.0 297.0
149.0 298.0
149.0 298.0
155.0 299.0
155.0 299.0
155.0 300.0
155.0 300.0
157.0 300.0
157.0 300.0
157.0 301.0
157.0 301.0
160.0 301.0
160.0 301.0
160.0 302.0
160.0 302.0
162.0 302.0
162.0 302.0
162.0 303.0
162.0 303.0
164.0 303.0
164.0 303.0
164.0 304.0
164.0 304.0
166.0 304.0
166.0 304.0
166.0 305.0
166.0 305.0
168.0 305.0
168.0 305.0
168.0 306.0
168.0 306.0
172.0 307.0
172.0 307.0
173.0 309.0
173.0 309.0
175.0 309.0
175.0 309.0
175.0 310.0
175.0 310.0
177.0 310.0
177.0 310.0
177.0 311.0
177.0 311.0
179.0 311.0
179.0 311.0
179.0 312.0
179.0 312.0
181.0 312.0
181.0 312.0
181.0 313.0
181.0 313.0
183.0 313.0
183.0 313.0
183.0 314.0
183.0 314.0
185.0 314.0
185.0 314.0
185.0 315.0
185.0 315.0
187.0 315.0
187.0 315.0
187.0 316.0
187.0 316.0
191.0 317.0
191.0 317.0
192.0 319.0
192.0 319.0
194.0 319.0
194.0 319.0
194.0 320.0
194.0 320.0
196.0 320.0
196.0 320.0
196.0 321.0
196.0 321.0
198.0 321.0
198.0 321.0
198.0 322.0
198.0 322.0
202.0 323.0
202.0 323.0
203.0 325.0
203.0 325.0
205.0 325.0
205.0 325.0
205.0 326.0
205.0 326.0
207.0 326.0
207.0 326.0
207.0 327.0
207.0 327.0
211.0 328.0
211.0 328.0
212.0 330.0
212.0 330.0
214.0 330.0
214.0 330.0
214.0 331.0
214.0 331.0
218.0 332.0
218.0 332.0
218.0 329.0
218.0 329.0
219.0 329.0
219.0 329.0
219.0 323.0
219.0 323.0
220.0 323.0
220.0 323.0
220.0 316.0
220.0 316.0
221.0 316.0
221.0 316.0
222.0 300.0
222.0 300.0
223.0 300.0
223.0 300.0
223.0 285.0
223.0 285.0
224.0 285.0
224.0 285.0
224.0 267.0
224.0 267.0
223.0 267.0
223.0 267.0
223.0 266.0
223.0 266.0
219.0 266.0
219.0 266.0
219.0 265.0
219.0 265.0
214.0 265.0
214.0 265.0
214.0 264.0
214.0 264.0
211.0 264.0
211.0 264.0
211.0 263.0
211.0 263.0
208.0 263.0
208.0 263.0
208.0 262.0
208.0 262.0
205.0 262.0
205.0 262.0
205.0 261.0
205.0 261.0
201.0 261.0
201.0 261.0
201.0 260.0
201.0 260.0
198.0 260.0
198.0 260.0
198.0 259.0
198.0 259.0
195.0 259.0
195.0 259.0
195.0 258.0
195.0 258.0
192.0 258.0
192.0 258.0
192.0 257.0
192.0 257.0
186.0 256.0
186.0 256.0
186.0 255.0
186.0 255.0
184.0 255.0
184.0 255.0
184.0 254.0
184.0 254.0
181.0 254.0
181.0 254.0
181.0 253.0
181.0 253.0
179.0 253.0
179.0 253.0
179.0 252.0
179.0 252.0
176.0 252.0
176.0 252.0
176.0 251.0
176.0 251.0
174.0 251.0
174.0 251.0
174.0 250.0
174.0 250.0
171.0 250.0
171.0 250.0
171.0 249.0
171.0 249.0
169.0 249.0
169.0 249.0
169.0 248.0
169.0 248.0
167.0 248.0
167.0 248.0
167.0 247.0
167.0 247.0
164.0 247.0
164.0 247.0
164.0 246.0
164.0 246.0
162.0 246.0
162.0 246.0
162.0 245.0
162.0 245.0
158.0 244.0
158.0 244.0
157.0 242.0
157.0 242.0
155.0 242.0
155.0 242.0
155.0 241.0
155.0 241.0
153.0 241.0
153.0 241.0
153.0 240.0
153.0 240.0
151.0 240.0
151.0 240.0
151.0 239.0
151.0 239.0
149.0 239.0
149.0 239.0
149.0 238.0
149.0 238.0
147.0 238.0
147.0 238.0
147.0 237.0
147.0 237.0
145.0 237.0
145.0 237.0
145.0 236.0
145.0 236.0
141.0 235.0
141.0 235.0
141.0 234.0
141.0 234.0
140.0 234.0
140.0 234.0
140.0 233.0
140.0 233.0
138.0 233.0
138.0 233.0
137.0 231.0
137.0 231.0
133.0 230.0
133.0 230.0
132.0 228.0
132.0 228.0
130.0 228.0
130.0 228.0
129.0 226.0
129.0 226.0
127.0 226.0
127.0 226.0
126.0 224.0
126.0 224.0
124.0 224.0
124.0 224.0
123.0 222.0
123.0 222.0
121.0 222.0
121.0 222.0
120.0 220.0
120.0 220.0
118.0 220.0
118.0 220.0
118.0 219.0
118.0 219.0
117.0 219.0
117.0 219.0
117.0 218.0
117.0 218.0
116.0 218.0
116.0 218.0
115.0 216.0
115.0 216.0
113.0 216.0
113.0 216.0
113.0 215.0
113.0 215.0
112.0 215.0
112.0 215.0
111.0 213.0
111.0 213.0
109.0 213.0
109.0 213.0
109.0 212.0
109.0 212.0
108.0 212.0
108.0 212.0
108.0 211.0
108.0 211.0
107.0 211.0
107.0 211.0
106.0 209.0
106.0 209.0
104.0 209.0
104.0 209.0
104.0 208.0
104.0 208.0
103.0 208.0
103.0 208.0
103.0 207.0
103.0 207.0
102.0 207.0
102.0 207.0
102.0 206.0
102.0 206.0
101.0 206.0
101.0 206.0
101.0 205.0
101.0 205.0
100.0 205.0
100.0 205.0
100.0 204.0
100.0 204.0
99.0 204.0
99.0 204.0
99.0 203.0
99.0 203.0
98.0 203.0
98.0 203.0
97.0 201.0
97.0 201.0
95.0 201.0
95.0 201.0
95.0 200.0
95.0 200.0
94.0 200.0
94.0 200.0
94.0 199.0
94.0 199.0
93.0 199.0
93.0 199.0
93.0 198.0
93.0 198.0
92.0 198.0
92.0 198.0
92.0 197.0
92.0 197.0
91.0 197.0
91.0 197.0
91.0 196.0
91.0 196.0
90.0 196.0
90.0 196.0
90.0 195.0
90.0 195.0
89.0 195.0
89.0 195.0
89.0 194.0
89.0 194.0
88.0 194.0
88.0 194.0
88.0 193.0
88.0 193.0
87.0 193.0
87.0 193.0
87.0 192.0
87.0 192.0
86.0 192.0
86.0 192.0
86.0 191.0
86.0 191.0
85.0 191.0
85.0 191.0
85.0 190.0
85.0 190.0
84.0 190.0
84.0 190.0
84.0 189.0
84.0 189.0
83.0 189.0
83.0 189.0
83.0 188.0
83.0 188.0
81.0 187.0
81.0 187.0
81.0 185.0
81.0 185.0
80.0 185.0
80.0 185.0
80.0 184.0
80.0 184.0
79.0 184.0
79.0 184.0
79.0 183.0
79.0 183.0
78.0 183.0
78.0 183.0
78.0 182.0
78.0 182.0
77.0 182.0
77.0 182.0
77.0 181.0
77.0 181.0
76.0 181.0
76.0 181.0
76.0 180.0
76.0 180.0
74.0 179.0
74.0 179.0
74.0 177.0
74.0 177.0
73.0 177.0
73.0 177.0
73.0 176.0
73.0 176.0
72.0 176.0
72.0 176.0
72.0 175.0
72.0 175.0
71.0 175.0
71.0 175.0
71.0 174.0
71.0 174.0
69.0 173.0
69.0 173.0
69.0 171.0
69.0 171.0
68.0 171.0
68.0 171.0
68.0 170.0
68.0 170.0
66.0 169.0
66.0 169.0
66.0 167.0
66.0 167.0
64.0 166.0
64.0 166.0
64.0 164.0
64.0 164.0
63.0 164.0
63.0 164.0
63.0 163.0
63.0 163.0
61.0 162.0
61.0 162.0
61.0 160.0
61.0 160.0
59.0 159.0
59.0 159.0
59.0 157.0
59.0 157.0
58.0 157.0
58.0 157.0
58.0 156.0
58.0 156.0
56.0 155.0
56.0 155.0
56.0 153.0
56.0 153.0
55.0 153.0
55.0 153.0
54.0 149.0
54.0 149.0
52.0 148.0
52.0 148.0
52.0 146.0
52.0 146.0
51.0 146.0
51.0 146.0
50.0 142.0
50.0 142.0
48.0 141.0
48.0 141.0
48.0 139.0
48.0 139.0
47.0 139.0
47.0 139.0
47.0 137.0
47.0 137.0
46.0 137.0
46.0 137.0
46.0 135.0
46.0 135.0
45.0 135.0
45.0 135.0
45.0 133.0
45.0 133.0
44.0 133.0
44.0 133.0
44.0 131.0
44.0 131.0
43.0 131.0
43.0 131.0
43.0 129.0
43.0 129.0
42.0 129.0
42.0 129.0
42.0 126.0
42.0 126.0
41.0 126.0
41.0 126.0
41.0 124.0
41.0 124.0
40.0 124.0
40.0 124.0
40.0 122.0
40.0 122.0
39.0 122.0
39.0 122.0
39.0 119.0
39.0 119.0
38.0 119.0
38.0 119.0
38.0 117.0
38.0 117.0
37.0 117.0
37.0 117.0
37.0 115.0
37.0 115.0
36.0 115.0
36.0 115.0
36.0 112.0
36.0 112.0
35.0 112.0
35.0 112.0
35.0 108.0
35.0 108.0
34.0 108.0
34.0 108.0
34.0 105.0
34.0 105.0
33.0 105.0
33.0 105.0
32.0 99.0
32.0 99.0
31.0 99.0
31.0 99.0
31.0 95.0
31.0 95.0
30.0 95.0
30.0 95.0
30.0 91.0
30.0 91.0
29.0 91.0
29.0 91.0
29.0 86.0
29.0 86.0
28.0 86.0
28.0 86.0
28.0 80.0
28.0 80.0
27.0 80.0
27.0 80.0
27.0 75.0
27.0 75.0
26.0 75.0
26.0 75.0
26.0 64.0
26.0 64.0
25.0 64.0
25.0 64.0
25.0 44.0
25.0 44.0
26.0 44.0
26.0 44.0
27.0 38.0
27.0 38.0
29.0 37.0
29.0 37.0
29.0 35.0
29.0 35.0
30.0 35.0
30.0 35.0
30.0 34.0
30.0 34.0
31.0 34.0
31.0 34.0
31.0 33.0
31.0 33.0
32.0 33.0
32.0 33.0
32.0 32.0
32.0 32.0
33.0 32.0
33.0 32.0
33.0 31.0
33.0 31.0
34.0 31.0
34.0 31.0
35.0 29.0
35.0 29.0
37.0 29.0
37.0 29.0
38.0 27.0
38.0 27.0
44.0 26.0
44.0 26.0
44.0 25.0


2

508
424.0 152.0
425.0 152.0
425.0 152.0
425.0 148.0
425.0 148.0
424.0 148.0
424.0 148.0
424.0 140.0
424.0 140.0
423.0 140.0
423.0 140.0
423.0 135.0
423.0 135.0
422.0 135.0
422.0 135.0
422.0 132.0
422.0 132.0
421.0 132.0
421.0 132.0
421.0 129.0
421.0 129.0
420.0 129.0
420.0 129.0
420.0 127.0
420.0 127.0
419.0 127.0
419.0 127.0
419.0 124.0
419.0 124.0
418.0 124.0
418.0 124.0
417.0 120.0
417.0 120.0
415.0 119.0
415.0 119.0
415.0 117.0
415.0 117.0
414.0 117.0
414.0 117.0
414.0 115.0
414.0 115.0
412.0 114.0
412.0 114.0
412.0 112.0
412.0 112.0
410.0 111.0
410.0 111.0
410.0 109.0
410.0 109.0
409.0 109.0
409.0 109.0
409.0 108.0
409.0 108.0
408.0 108.0
408.0 108.0
408.0 107.0
408.0 107.0
406.0 106.0
406.0 106.0
406.0 104.0
406.0 104.0
405.0 104.0
405.0 104.0
405.0 103.0
405.0 103.0
404.0 103.0
404.0 103.0
404.0 102.0
404.0 102.0
403.0 102.0
403.0 102.0
403.0 101.0
403.0 101.0
402.0 101.0
402.0 101.0
402.0 100.0
402.0 100.0
401.0 100.0
401.0 100.0
401.0 99.0
401.0 99.0
400.0 99.0
400.0 99.0
400.0 98.0
400.0 98.0
399.0 98.0
399.0 98.0
399.0 97.0
399.0 97.0
398.0 97.0
398.0 97.0
398.0 96.0
398.0 96.0
397.0 96.0
397.0 96.0
396.0 94.0
396.0 94.0
394.0 94.0
394.0 94.0
394.0 93.0
394.0 93.0
393.0 93.0
393.0 93.0
393.0 92.0
393.0 92.0
392.0 92.0
392.0 92.0
391.0 90.0
391.0 90.0
389.0 90.0
389.0 90.0
388.0 88.0
388.0 88.0
386.0 88.0
386.0 88.0
385.0 86.0
385.0 86.0
381.0 85.0
381.0 85.0
380.0 83.0
380.0 83.0
378.0 83.0
378.0 83.0
378.0 82.0
378.0 82.0
376.0 82.0
376.0 82.0
376.0 81.0
376.0 81.0
373.0 81.0
373.0 81.0
373.0 80.0
373.0 80.0
371.0 80.0
371.0 80.0
371.0 79.0
371.0 79.0
368.0 79.0
368.0 79.0
368.0 78.0
368.0 78.0
365.0 78.0
365.0 78.0
365.0 77.0
365.0 77.0
360.0 77.0
360.0 77.0
360.0 76.0
360.0 76.0
352.0 76.0
352.0 76.0
352.0 75.0
352.0 75.0
348.0 75.0
348.0 75.0
348.0 76.0
348.0 76.0
340.0 76.0
340.0 76.0
340.0 77.0
340.0 77.0
337.0 77.0
337.0 77.0
337.0 78.0
337.0 78.0
331.0 79.0
331.0 79.0
331.0 80.0
331.0 80.0
327.0 81.0
327.0 81.0
326.0 83.0
326.0 83.0
324.0 83.0
324.0 83.0
323.0 85.0
323.0 85.0
321.0 85.0
321.0 85.0
321.0 86.0
321.0 86.0
320.0 86.0
320.0 86.0
320.0 87.0
320.0 87.0
319.0 87.0
319.0 87.0
319.0 88.0
319.0 88.0
318.0 88.0
318.0 88.0
318.0 89.0
318.0 89.0
317.0 89.0
317.0 89.0
317.0 90.0
317.0 90.0
316.0 90.0
316.0 90.0
316.0 91.0
316.0 91.0
315.0 91.0
315.0 91.0
315.0 92.0
315.0 92.0
314.0 92.0
314.0 92.0
314.0 93.0
314.0 93.0
313.0 93.0
313.0 93.0
313.0 94.0
313.0 94.0
312.0 94.0
312.0 94.0
312.0 95.0
312.0 95.0
310.0 96.0
310.0 96.0
310.0 98.0
310.0 98.0
309.0 98.0
309.0 98.0
309.0 99.0
309.0 99.0
307.0 100.0
307.0 100.0
307.0 102.0
307.0 102.0
306.0 102.0
306.0 102.0
306.0 103.0
306.0 103.0
305.0 103.0
305.0 103.0
305.0 105.0
305.0 105.0
303.0 106.0
303.0 106.0
303.0 108.0
303.0 108.0
302.0 108.0
302.0 108.0
302.0 110.0
302.0 110.0
301.0 110.0
301.0 110.0
300.0 114.0
300.0 114.0
298.0 115.0
298.0 115.0
298.0 117.0
298.0 117.0
297.0 117.0
297.0 117.0
297.0 120.0
297.0 120.0
296.0 120.0
296.0 120.0
296.0 122.0
296.0 122.0
295.0 122.0
295.0 122.0
295.0 124.0
295.0 124.0
294.0 124.0
294.0 124.0
294.0 127.0
294.0 127.0
293.0 127.0
293.0 127.0
293.0 129.0
293.0 129.0
292.0 129.0
292.0 129.0
292.0 132.0
292.0 132.0
291.0 132.0
291.0 132.0
291.0 135.0
291.0 135.0
290.0 135.0
290.0 135.0
290.0 138.0
290.0 138.0
289.0 138.0
289.0 138.0
288.0 144.0
288.0 144.0
287.0 144.0
287.0 144.0
287.0 148.0
287.0 148.0
286.0 148.0
286.0 148.0
286.0 152.0
286.0 152.0
285.0 152.0
285.0 152.0
285.0 156.0
285.0 156.0
284.0 156.0
284.0 156.0
284.0 160.0
284.0 160.0
283.0 160.0
283.0 160.0
283.0 166.0
283.0 166.0
282.0 166.0
282.0 166.0
282.0 171.0
282.0 171.0
281.0 171.0
281.0 171.0
281.0 177.0
281.0 177.0
280.0 177.0
280.0 177.0
280.0 184.0
280.0 184.0
279.0 184.0
279.0 184.0
279.0 192.0
279.0 192.0
278.0 192.0
278.0 192.0
278.0 200.0
278.0 200.0
277.0 200.0
277.0 200.0
277.0 215.0
277.0 215.0
276.0 215.0
276.0 215.0
276.0 224.0
276.0 224.0
296.0 224.0
296.0 224.0
296.0 225.0
296.0 225.0
306.0 225.0
306.0 225.0
306.0 224.0
306.0 224.0
323.0 224.0
323.0 224.0
323.0 223.0
323.0 223.0
333.0 223.0
333.0 223.0
333.0 222.0
333.0 222.0
338.0 222.0
338.0 222.0
338.0 221.0
338.0 221.0
344.0 221.0
344.0 221.0
344.0 220.0
344.0 220.0
349.0 220.0
349.0 220.0
349.0 219.0
349.0 219.0
357.0 218.0
357.0 218.0
357.0 217.0
357.0 217.0
360.0 217.0
360.0 217.0
360.0 216.0
360.0 216.0
363.0 216.0
363.0 216.0
363.0 215.0
363.0 215.0
369.0 214.0
369.0 214.0
369.0 213.0
369.0 213.0
371.0 213.0
371.0 213.0
371.0 212.0
371.0 212.0
374.0 212.0
374.0 212.0
374.0 211.0
374.0 211.0
376.0 211.0
376.0 211.0
376.0 210.0
376.0 210.0
378.0 210.0
378.0 210.0
378.0 209.0
378.0 209.0
381.0 209.0
381.0 209.0
382.0 207.0
382.0 207.0
384.0 207.0
384.0 207.0
384.0 206.0
384.0 206.0
386.0 206.0
386.0 206.0
386.0 205.0
386.0 205.0
390.0 204.0
390.0 204.0
391.0 202.0
391.0 202.0
393.0 202.0
393.0 202.0
394.0 200.0
394.0 200.0
396.0 200.0
396.0 200.0
396.0 199.0
396.0 199.0
397.0 199.0
397.0 199.0
398.0 197.0
398.0 197.0
400.0 197.0
400.0 197.0
400.0 196.0
400.0 196.0
401.0 196.0
401.0 196.0
401.0 195.0
401.0 195.0
402.0 195.0
402.0 195.0
402.0 194.0
402.0 194.0
403.0 194.0
403.0 194.0
403.0 193.0
403.0 193.0
404.0 193.0
404.0 193.0
404.0 192.0
404.0 192.0
405.0 192.0
405.0 192.0
405.0 191.0
405.0 191.0
406.0 191.0
406.0 191.0
406.0 190.0
406.0 190.0
407.0 190.0
407.0 190.0
407.0 189.0
407.0 189.0
408.0 189.0
408.0 189.0
408.0 188.0
408.0 188.0
409.0 188.0
409.0 188.0
409.0 187.0
409.0 187.0
410.0 187.0
410.0 187.0
410.0 186.0
410.0 186.0
412.0 185.0
412.0 185.0
412.0 183.0
412.0 183.0
413.0 183.0
413.0 183.0
413.0 182.0
413.0 182.0
415.0 181.0
415.0 181.0
416.0 177.0
416.0 177.0
418.0 176.0
418.0 176.0
418.0 174.0
418.0 174.0
419.0 174.0
419.0 174.0
419.0 172.0
419.0 172.0
420.0 172.0
420.0 172.0
420.0 170.0
420.0 170.0
421.0 170.0
421.0 170.0
421.0 167.0
421.0 167.0
422.0 167.0
422.0 167.0
422.0 164.0
422.0 164.0
423.0 164.0
423.0 164.0
423.0 160.0
423.0 160.0
424.0 160.0
424.0 160.0
424.0 152.0


3

400
202.0 383.0
203.0 383.0
203.0 383.0
203.0 382.0
203.0 382.0
201.0 382.0
201.0 382.0
200.0 380.0
200.0 380.0
198.0 380.0
198.0 380.0
198.0 379.0
198.0 379.0
196.0 379.0
196.0 379.0
196.0 378.0
196.0 378.0
192.0 377.0
192.0 377.0
191.0 375.0
191.0 375.0
189.0 375.0
189.0 375.0
189.0 374.0
189.0 374.0
187.0 374.0
187.0 374.0
187.0 373.0
187.0 373.0
183.0 372.0
183.0 372.0
182.0 370.0
182.0 370.0
180.0 370.0
180.0 370.0
180.0 369.0
180.0 369.0
178.0 369.0
178.0 369.0
178.0 368.0
178.0 368.0
174.0 367.0
174.0 367.0
173.0 365.0
173.0 365.0
171.0 365.0
171.0 365.0
171.0 364.0
171.0 364.0
169.0 364.0
169.0 364.0
169.0 363.0
169.0 363.0
167.0 363.0
167.0 363.0
167.0 362.0
167.0 362.0
165.0 362.0
165.0 362.0
165.0 361.0
165.0 361.0
163.0 361.0
163.0 361.0
163.0 360.0
163.0 360.0
159.0 359.0
159.0 359.0
158.0 357.0
158.0 357.0
156.0 357.0
156.0 357.0
156.0 356.0
156.0 356.0
154.0 356.0
154.0 356.0
154.0 355.0
154.0 355.0
152.0 355.0
152.0 355.0
152.0 354.0
152.0 354.0
150.0 354.0
150.0 354.0
150.0 353.0
150.0 353.0
148.0 353.0
148.0 353.0
148.0 352.0
148.0 352.0
146.0 352.0
146.0 352.0
146.0 351.0
146.0 351.0
144.0 351.0
144.0 351.0
144.0 350.0
144.0 350.0
142.0 350.0
142.0 350.0
142.0 349.0
142.0 349.0
140.0 349.0
140.0 349.0
140.0 348.0
140.0 348.0
138.0 348.0
138.0 348.0
138.0 347.0
138.0 347.0
135.0 347.0
135.0 347.0
135.0 346.0
135.0 346.0
133.0 346.0
133.0 346.0
133.0 345.0
133.0 345.0
119.0 345.0
119.0 345.0
119.0 346.0
119.0 346.0
115.0 346.0
115.0 346.0
115.0 347.0
115.0 347.0
113.0 347.0
113.0 347.0
113.0 348.0
113.0 348.0
111.0 348.0
111.0 348.0
111.0 349.0
111.0 349.0
107.0 350.0
107.0 350.0
107.0 351.0
107.0 351.0
106.0 351.0
106.0 351.0
106.0 352.0
106.0 352.0
104.0 352.0
104.0 352.0
103.0 354.0
103.0 354.0
101.0 354.0
101.0 354.0
101.0 355.0
101.0 355.0
100.0 355.0
100.0 355.0
100.0 356.0
100.0 356.0
99.0 356.0
99.0 356.0
99.0 357.0
99.0 357.0
98.0 357.0
98.0 357.0
98.0 358.0
98.0 358.0
97.0 358.0
97.0 358.0
97.0 359.0
97.0 359.0
96.0 359.0
96.0 359.0
96.0 360.0
96.0 360.0
95.0 360.0
95.0 360.0
95.0 361.0
95.0 361.0
94.0 361.0
94.0 361.0
94.0 362.0
94.0 362.0
93.0 362.0
93.0 362.0
93.0 363.0
93.0 363.0
92.0 363.0
92.0 363.0
92.0 364.0
92.0 364.0
90.0 365.0
90.0 365.0
90.0 367.0
90.0 367.0
89.0 367.0
89.0 367.0
89.0 368.0
89.0 368.0
87.0 369.0
87.0 369.0
87.0 371.0
87.0 371.0
85.0 372.0
85.0 372.0
85.0 374.0
85.0 374.0
83.0 375.0
83.0 375.0
83.0 377.0
83.0 377.0
82.0 377.0
82.0 377.0
82.0 379.0
82.0 379.0
81.0 379.0
81.0 379.0
81.0 381.0
81.0 381.0
80.0 381.0
80.0 381.0
80.0 383.0
80.0 383.0
79.0 383.0
79.0 383.0
79.0 386.0
79.0 386.0
78.0 386.0
78.0 386.0
78.0 389.0
78.0 389.0
77.0 389.0
77.0 389.0
77.0 392.0
77.0 392.0
76.0 392.0
76.0 392.0
76.0 398.0
76.0 398.0
75.0 398.0
75.0 398.0
75.0 401.0
75.0 401.0
76.0 401.0
76.0 401.0
76.0 406.0
76.0 406.0
78.0 407.0
78.0 407.0
78.0 409.0
78.0 409.0
79.0 409.0
79.0 409.0
80.0 411.0
80.0 411.0
82.0 411.0
82.0 411.0
83.0 413.0
83.0 413.0
85.0 413.0
85.0 413.0
85.0 414.0
85.0 414.0
87.0 414.0
87.0 414.0
87.0 415.0
87.0 415.0
89.0 415.0
89.0 415.0
89.0 416.0
89.0 416.0
91.0 416.0
91.0 416.0
91.0 417.0
91.0 417.0
94.0 417.0
94.0 417.0
94.0 418.0
94.0 418.0
97.0 418.0
97.0 418.0
97.0 419.0
97.0 419.0
100.0 419.0
100.0 419.0
100.0 420.0
100.0 420.0
104.0 420.0
104.0 420.0
104.0 421.0
104.0 421.0
109.0 421.0
109.0 421.0
109.0 422.0
109.0 422.0
115.0 422.0
115.0 422.0
115.0 423.0
115.0 423.0
124.0 423.0
124.0 423.0
124.0 424.0
124.0 424.0
139.0 424.0
139.0 424.0
139.0 425.0
139.0 425.0
152.0 425.0
152.0 425.0
152.0 424.0
152.0 424.0
160.0 424.0
160.0 424.0
160.0 423.0
160.0 423.0
163.0 423.0
163.0 423.0
163.0 422.0
163.0 422.0
169.0 421.0
169.0 421.0
169.0 420.0
169.0 420.0
173.0 419.0
173.0 419.0
174.0 417.0
174.0 417.0
176.0 417.0
176.0 417.0
177.0 415.0
177.0 415.0
179.0 415.0
179.0 415.0
179.0 414.0
179.0 414.0
180.0 414.0
180.0 414.0
180.0 413.0
180.0 413.0
181.0 413.0
181.0 413.0
181.0 412.0
181.0 412.0
182.0 412.0
182.0 412.0
182.0 411.0
182.0 411.0
183.0 411.0
183.0 411.0
183.0 410.0
183.0 410.0
184.0 410.0
184.0 410.0
184.0 409.0
184.0 409.0
185.0 409.0
185.0 409.0
185.0 408.0
185.0 408.0
186.0 408.0
186.0 408.0
186.0 407.0
186.0 407.0
187.0 407.0
187.0 407.0
187.0 406.0
187.0 406.0
188.0 406.0
188.0 406.0
188.0 405.0
188.0 405.0
190.0 404.0
190.0 404.0
190.0 402.0
190.0 402.0
191.0 402.0
191.0 402.0
191.0 401.0
191.0 401.0
193.0 400.0
193.0 400.0
193.0 398.0
193.0 398.0
194.0 398.0
194.0 398.0
194.0 397.0
194.0 397.0
195.0 397.0
195.0 397.0
195.0 395.0
195.0 395.0
197.0 394.0
197.0 394.0
197.0 392.0
197.0 392.0
198.0 392.0
198.0 392.0
198.0 390.0
198.0 390.0
199.0 390.0
199.0 390.0
200.0 386.0
200.0 386.0
202.0 385.0
202.0 385.0
202.0 383.0


