1

30
44.0 25.0
98.2 156.9
225.0 215.0
225.0 215.0
247.2 -28.2
434.0 60.0
434.0 60.0
544.7 261.2
275.0 274.0
275.0 274.0
281.9 328.4
264.0 358.0
264.0 358.0
384.2 402.2
474.0 459.0
474.0 459.0
355.2 490.8
247.0 407.0
247.0 407.0
138.4 544.8
25.0 410.0
25.0 410.0
66.2 241.8
217.0 332.0
217.0 332.0
233.6 317.4
224.0 267.0
224.0 267.0
14.0 216.2
44.0 25.0


2

6
424.0 152.0
320.0 -6.7
276.0 224.0
276.0 224.0
400.5 240.2
424.0 152.0


3

9
202.0 383.0
176.9 373.7
133.0 345.0
133.0 345.0
20.8 418.0
169.0 421.0
169.0 421.0
198.4 425.6
202.0 383.0


