1

288
44.0 25.0
66.1 26.3
70.0 34.0
70.0 34.0
92.3 180.6
225.0 215.0
225.0 215.0
223.3 31.0
381.0 29.0
381.0 29.0
425.3 41.3
434.0 60.0
434.0 60.0
470.9 84.9
470.0 115.0
470.0 115.0
482.4 290.6
275.0 274.0
275.0 274.0
281.9 328.4
264.0 358.0
264.0 358.0
346.0 416.4
462.0 427.0
462.0 427.0
462.0 427.5
462.0 428.0
462.0 428.0
462.5 428.0
463.0 428.0
463.0 428.0
463.0 428.5
463.0 429.0
463.0 429.0
463.5 429.0
464.0 429.0
464.0 429.0
464.5 429.0
465.0 429.0
465.0 429.0
465.0 429.5
465.0 430.0
465.0 430.0
465.5 430.0
466.0 430.0
466.0 430.0
466.0 430.5
466.0 431.0
466.0 431.0
466.5 431.0
467.0 431.0
467.0 431.0
467.0 431.5
467.0 432.0
467.0 432.0
467.5 432.0
468.0 432.0
468.0 432.0
468.0 432.5
468.0 433.0
468.0 433.0
468.5 433.0
469.0 433.0
469.0 433.0
469.0 433.5
469.0 434.0
469.0 434.0
469.5 434.0
470.0 434.0
470.0 434.0
470.0 434.5
470.0 435.0
470.0 435.0
470.5 435.0
471.0 435.0
471.0 435.0
471.0 435.5
471.0 436.0
471.0 436.0
471.0 436.5
471.0 437.0
471.0 437.0
471.5 437.0
472.0 437.0
472.0 437.0
472.0 437.5
472.0 438.0
472.0 438.0
472.5 438.0
473.0 438.0
473.0 438.0
473.0 438.5
473.0 439.0
473.0 439.0
473.0 439.5
473.0 440.0
473.0 440.0
473.0 440.5
473.0 441.0
473.0 441.0
473.5 441.0
474.0 441.0
474.0 441.0
474.0 441.5
474.0 442.0
474.0 442.0
474.0 442.5
474.0 443.0
474.0 443.0
474.0 443.5
474.0 444.0
474.0 444.0
474.5 444.0
475.0 444.0
475.0 444.0
475.0 444.5
475.0 445.0
475.0 445.0
475.0 445.5
475.0 446.0
475.0 446.0
475.0 446.5
475.0 447.0
475.0 447.0
475.0 447.5
475.0 448.0
475.0 448.0
475.0 448.5
475.0 449.0
475.0 449.0
475.0 449.5
475.0 450.0
475.0 450.0
475.0 450.5
475.0 451.0
475.0 451.0
475.0 451.5
475.0 452.0
475.0 452.0
475.0 452.5
475.0 453.0
475.0 453.0
475.0 453.5
475.0 454.0
475.0 454.0
475.0 454.5
475.0 455.0
475.0 455.0
475.0 455.5
475.0 456.0
475.0 456.0
475.0 456.5
475.0 457.0
475.0 457.0
474.5 457.0
474.0 457.0
474.0 457.0
474.0 457.5
474.0 458.0
474.0 458.0
474.0 458.5
474.0 459.0
474.0 459.0
473.5 459.0
473.0 459.0
473.0 459.0
473.0 459.5
473.0 460.0
473.0 460.0
473.0 460.5
473.0 461.0
473.0 461.0
473.0 461.5
473.0 462.0
473.0 462.0
472.5 462.0
472.0 462.0
472.0 462.0
472.0 462.5
472.0 463.0
472.0 463.0
471.5 463.0
471.0 463.0
471.0 463.0
471.0 463.5
471.0 464.0
471.0 464.0
471.0 464.5
471.0 465.0
471.0 465.0
470.5 465.0
470.0 465.0
470.0 465.0
470.0 465.5
470.0 466.0
470.0 466.0
469.5 466.0
469.0 466.0
469.0 466.0
469.0 466.5
469.0 467.0
469.0 467.0
468.5 467.0
468.0 467.0
468.0 467.0
468.0 467.5
468.0 468.0
468.0 468.0
467.5 468.0
467.0 468.0
467.0 468.0
467.0 468.5
467.0 469.0
467.0 469.0
466.5 469.0
466.0 469.0
466.0 469.0
466.0 469.5
466.0 470.0
466.0 470.0
465.5 470.0
465.0 470.0
465.0 470.0
465.0 470.5
465.0 471.0
465.0 471.0
464.5 471.0
464.0 471.0
464.0 471.0
463.5 471.0
463.0 471.0
463.0 471.0
463.0 471.5
463.0 472.0
463.0 472.0
462.5 472.0
462.0 472.0
462.0 472.0
462.0 472.5
462.0 473.0
462.0 473.0
461.5 473.0
461.0 473.0
461.0 473.0
460.5 473.0
460.0 473.0
460.0 473.0
459.5 473.0
459.0 473.0
459.0 473.0
459.0 473.5
459.0 474.0
459.0 474.0
458.5 474.0
458.0 474.0
458.0 474.0
457.5 474.0
457.0 474.0
457.0 474.0
456.5 474.0
456.0 474.0
456.0 474.0
456.0 474.5
456.0 475.0
456.0 475.0
333.4 469.2
247.0 407.0
247.0 407.0
194.0 511.1
61.0 459.0
61.0 459.0
35.5 460.4
25.0 410.0
25.0 410.0
31.5 294.5
149.0 297.0
149.0 297.0
188.8 321.7
217.0 332.0
217.0 332.0
233.6 317.4
224.0 267.0
224.0 267.0
50.5 234.0
25.0 46.0
25.0 46.0
30.8 33.4
44.0 25.0


2

12
424.0 152.0
435.9 119.7
396.0 94.0
396.0 94.0
397.6 84.3
352.0 75.0
352.0 75.0
274.6 106.4
276.0 224.0
276.0 224.0
400.5 240.2
424.0 152.0


3

171
202.0 383.0
176.9 373.7
133.0 345.0
133.0 345.0
110.9 363.2
92.0 363.0
92.0 363.0
92.0 363.5
92.0 364.0
92.0 364.0
91.5 364.0
91.0 364.0
91.0 364.0
91.0 364.5
91.0 365.0
91.0 365.0
90.5 365.0
90.0 365.0
90.0 365.0
90.0 365.5
90.0 366.0
90.0 366.0
90.0 366.5
90.0 367.0
90.0 367.0
89.5 367.0
89.0 367.0
89.0 367.0
89.0 367.5
89.0 368.0
89.0 368.0
88.5 368.0
88.0 368.0
88.0 368.0
88.0 368.5
88.0 369.0
88.0 369.0
87.5 369.0
87.0 369.0
87.0 369.0
87.0 369.5
87.0 370.0
87.0 370.0
87.0 370.5
87.0 371.0
87.0 371.0
86.5 371.0
86.0 371.0
86.0 371.0
86.0 371.5
86.0 372.0
86.0 372.0
85.5 372.0
85.0 372.0
85.0 372.0
85.0 372.5
85.0 373.0
85.0 373.0
85.0 373.5
85.0 374.0
85.0 374.0
84.5 374.0
84.0 374.0
84.0 374.0
84.0 374.5
84.0 375.0
84.0 375.0
83.5 375.0
83.0 375.0
83.0 375.0
83.0 375.5
83.0 376.0
83.0 376.0
83.0 376.5
83.0 377.0
83.0 377.0
82.5 377.0
82.0 377.0
82.0 377.0
82.0 377.5
82.0 378.0
82.0 378.0
82.0 378.5
82.0 379.0
82.0 379.0
81.5 379.0
81.0 379.0
81.0 379.0
81.0 379.5
81.0 380.0
81.0 380.0
81.0 380.5
81.0 381.0
81.0 381.0
80.5 381.0
80.0 381.0
80.0 381.0
80.0 381.5
80.0 382.0
80.0 382.0
80.0 382.5
80.0 383.0
80.0 383.0
79.5 383.0
79.0 383.0
79.0 383.0
79.0 383.5
79.0 384.0
79.0 384.0
79.0 384.5
79.0 385.0
79.0 385.0
79.0 385.5
79.0 386.0
79.0 386.0
78.5 386.0
78.0 386.0
78.0 386.0
78.0 386.5
78.0 387.0
78.0 387.0
78.0 387.5
78.0 388.0
78.0 388.0
78.0 388.5
78.0 389.0
78.0 389.0
77.5 389.0
77.0 389.0
77.0 389.0
77.0 389.5
77.0 390.0
77.0 390.0
77.0 390.5
77.0 391.0
77.0 391.0
77.0 391.5
77.0 392.0
77.0 392.0
76.5 392.0
76.0 392.0
76.0 392.0
76.0 392.5
76.0 393.0
76.0 393.0
76.0 393.5
76.0 394.0
76.0 394.0
76.0 394.5
76.0 395.0
76.0 395.0
76.0 395.5
76.0 396.0
76.0 396.0
76.0 396.5
76.0 397.0
76.0 397.0
76.0 397.5
76.0 398.0
76.0 398.0
75.5 398.0
75.0 398.0
75.0 398.0
75.0 398.5
75.0 399.0
75.0 399.0
106.9 446.5
169.0 421.0
169.0 421.0
198.4 425.6
202.0 383.0


