1

72
44.0 25.0
73.0 38.0
73.0 38.0
84.0 98.0
84.0 98.0
117.0 151.0
117.0 151.0
170.0 193.0
170.0 193.0
224.0 215.0
224.0 215.0
249.0 100.0
249.0 100.0
298.0 39.0
298.0 39.0
374.0 27.0
374.0 27.0
442.0 68.0
442.0 68.0
475.0 137.0
475.0 137.0
460.0 205.0
460.0 205.0
430.0 238.0
430.0 238.0
383.0 263.0
383.0 263.0
275.0 274.0
275.0 274.0
264.0 359.0
264.0 359.0
374.0 411.0
374.0 411.0
462.0 427.0
462.0 427.0
475.0 444.0
475.0 444.0
465.0 471.0
465.0 471.0
370.0 463.0
370.0 463.0
248.0 407.0
248.0 407.0
213.0 453.0
213.0 453.0
168.0 474.0
168.0 474.0
91.0 470.0
91.0 470.0
40.0 443.0
40.0 443.0
25.0 388.0
25.0 388.0
66.0 317.0
66.0 317.0
136.0 294.0
136.0 294.0
218.0 332.0
218.0 332.0
224.0 285.0
224.0 285.0
223.0 266.0
223.0 266.0
133.0 230.0
133.0 230.0
56.0 155.0
56.0 155.0
26.0 75.0
26.0 75.0
27.0 38.0
27.0 38.0
44.0 25.0


2

18
424.0 152.0
417.0 120.0
417.0 120.0
391.0 90.0
391.0 90.0
360.0 76.0
360.0 76.0
331.0 79.0
331.0 79.0
292.0 129.0
292.0 129.0
276.0 224.0
276.0 224.0
381.0 209.0
381.0 209.0
412.0 185.0
412.0 185.0
424.0 152.0


3

12
202.0 383.0
119.0 345.0
119.0 345.0
90.0 365.0
90.0 365.0
75.0 401.0
75.0 401.0
100.0 420.0
100.0 420.0
160.0 424.0
160.0 424.0
202.0 383.0


