1

3215
44.0 25.0
45.0 25.0
46.0 25.0
47.0 25.0
48.0 25.0
49.0 25.0
50.0 25.0
51.0 25.0
52.0 25.0
53.0 25.0
54.0 25.0
55.0 25.0
56.0 25.0
56.0 26.0
57.0 26.0
58.0 26.0
59.0 26.0
59.0 27.0
60.0 27.0
61.0 27.0
62.0 27.0
62.0 28.0
63.0 28.0
63.0 29.0
64.0 29.0
65.0 29.0
65.0 30.0
66.0 30.0
66.0 31.0
67.0 31.0
67.0 32.0
68.0 32.0
68.0 33.0
69.0 33.0
69.0 34.0
70.0 34.0
70.0 35.0
71.0 35.0
71.0 36.0
71.0 37.0
72.0 37.0
72.0 38.0
73.0 38.0
73.0 39.0
73.0 40.0
73.0 41.0
74.0 41.0
74.0 42.0
74.0 43.0
74.0 44.0
75.0 44.0
75.0 45.0
75.0 46.0
75.0 47.0
75.0 48.0
75.0 49.0
75.0 50.0
75.0 51.0
75.0 52.0
76.0 52.0
76.0 53.0
76.0 54.0
76.0 55.0
76.0 56.0
76.0 57.0
76.0 58.0
76.0 59.0
76.0 60.0
76.0 61.0
76.0 62.0
76.0 63.0
76.0 64.0
76.0 65.0
76.0 66.0
77.0 66.0
77.0 67.0
77.0 68.0
77.0 69.0
77.0 70.0
77.0 71.0
77.0 72.0
78.0 72.0
78.0 73.0
78.0 74.0
78.0 75.0
78.0 76.0
78.0 77.0
79.0 77.0
79.0 78.0
79.0 79.0
79.0 80.0
79.0 81.0
79.0 82.0
80.0 82.0
80.0 83.0
80.0 84.0
80.0 85.0
81.0 85.0
81.0 86.0
81.0 87.0
81.0 88.0
82.0 88.0
82.0 89.0
82.0 90.0
82.0 91.0
82.0 92.0
83.0 92.0
83.0 93.0
83.0 94.0
83.0 95.0
84.0 95.0
84.0 96.0
84.0 97.0
84.0 98.0
85.0 98.0
85.0 99.0
85.0 100.0
86.0 100.0
86.0 101.0
86.0 102.0
87.0 102.0
87.0 103.0
87.0 104.0
87.0 105.0
88.0 105.0
88.0 106.0
88.0 107.0
89.0 107.0
89.0 108.0
89.0 109.0
90.0 109.0
90.0 110.0
90.0 111.0
90.0 112.0
91.0 112.0
91.0 113.0
92.0 113.0
92.0 114.0
92.0 115.0
93.0 115.0
93.0 116.0
93.0 117.0
94.0 117.0
94.0 118.0
94.0 119.0
95.0 119.0
95.0 120.0
96.0 120.0
96.0 121.0
96.0 122.0
97.0 122.0
97.0 123.0
97.0 124.0
98.0 124.0
98.0 125.0
98.0 126.0
99.0 126.0
99.0 127.0
100.0 127.0
100.0 128.0
100.0 129.0
101.0 129.0
101.0 130.0
102.0 130.0
102.0 131.0
102.0 132.0
103.0 132.0
103.0 133.0
104.0 133.0
104.0 134.0
105.0 134.0
105.0 135.0
105.0 136.0
106.0 136.0
106.0 137.0
107.0 137.0
107.0 138.0
107.0 139.0
108.0 139.0
108.0 140.0
109.0 140.0
109.0 141.0
110.0 141.0
110.0 142.0
110.0 143.0
111.0 143.0
111.0 144.0
112.0 144.0
112.0 145.0
113.0 145.0
113.0 146.0
114.0 146.0
114.0 147.0
115.0 147.0
115.0 148.0
116.0 148.0
116.0 149.0
117.0 149.0
117.0 150.0
117.0 151.0
118.0 151.0
118.0 152.0
119.0 152.0
119.0 153.0
120.0 153.0
120.0 154.0
121.0 154.0
121.0 155.0
122.0 155.0
122.0 156.0
123.0 156.0
123.0 157.0
124.0 157.0
124.0 158.0
125.0 158.0
125.0 159.0
126.0 159.0
126.0 160.0
127.0 160.0
127.0 161.0
128.0 161.0
128.0 162.0
129.0 162.0
129.0 163.0
130.0 163.0
130.0 164.0
131.0 164.0
131.0 165.0
132.0 165.0
132.0 166.0
133.0 166.0
134.0 166.0
134.0 167.0
135.0 167.0
135.0 168.0
136.0 168.0
136.0 169.0
137.0 169.0
137.0 170.0
138.0 170.0
138.0 171.0
139.0 171.0
140.0 171.0
140.0 172.0
141.0 172.0
141.0 173.0
142.0 173.0
142.0 174.0
143.0 174.0
143.0 175.0
144.0 175.0
145.0 175.0
145.0 176.0
146.0 176.0
146.0 177.0
147.0 177.0
147.0 178.0
148.0 178.0
149.0 178.0
149.0 179.0
150.0 179.0
150.0 180.0
151.0 180.0
151.0 181.0
152.0 181.0
153.0 181.0
153.0 182.0
154.0 182.0
154.0 183.0
155.0 183.0
156.0 183.0
156.0 184.0
157.0 184.0
157.0 185.0
158.0 185.0
159.0 185.0
159.0 186.0
160.0 186.0
161.0 186.0
161.0 187.0
162.0 187.0
162.0 188.0
163.0 188.0
164.0 188.0
164.0 189.0
165.0 189.0
165.0 190.0
166.0 190.0
167.0 190.0
167.0 191.0
168.0 191.0
169.0 191.0
169.0 192.0
170.0 192.0
170.0 193.0
171.0 193.0
172.0 193.0
172.0 194.0
173.0 194.0
174.0 194.0
174.0 195.0
175.0 195.0
176.0 195.0
176.0 196.0
177.0 196.0
178.0 196.0
178.0 197.0
179.0 197.0
180.0 197.0
180.0 198.0
181.0 198.0
182.0 198.0
182.0 199.0
183.0 199.0
184.0 199.0
184.0 200.0
185.0 200.0
186.0 200.0
186.0 201.0
187.0 201.0
188.0 201.0
188.0 202.0
189.0 202.0
190.0 202.0
191.0 202.0
191.0 203.0
192.0 203.0
193.0 203.0
193.0 204.0
194.0 204.0
195.0 204.0
196.0 204.0
196.0 205.0
197.0 205.0
198.0 205.0
198.0 206.0
199.0 206.0
200.0 206.0
200.0 207.0
201.0 207.0
202.0 207.0
203.0 207.0
203.0 208.0
204.0 208.0
205.0 208.0
205.0 209.0
206.0 209.0
207.0 209.0
208.0 209.0
208.0 210.0
209.0 210.0
210.0 210.0
211.0 210.0
211.0 211.0
212.0 211.0
213.0 211.0
214.0 211.0
215.0 211.0
215.0 212.0
216.0 212.0
217.0 212.0
218.0 212.0
218.0 213.0
219.0 213.0
220.0 213.0
221.0 213.0
221.0 214.0
222.0 214.0
223.0 214.0
224.0 214.0
224.0 215.0
225.0 215.0
226.0 215.0
226.0 214.0
226.0 213.0
226.0 212.0
226.0 211.0
226.0 210.0
226.0 209.0
226.0 208.0
226.0 207.0
226.0 206.0
226.0 205.0
226.0 204.0
227.0 204.0
227.0 203.0
227.0 202.0
227.0 201.0
227.0 200.0
227.0 199.0
227.0 198.0
227.0 197.0
227.0 196.0
227.0 195.0
227.0 194.0
227.0 193.0
227.0 192.0
228.0 192.0
228.0 191.0
228.0 190.0
228.0 189.0
228.0 188.0
228.0 187.0
228.0 186.0
228.0 185.0
228.0 184.0
229.0 184.0
229.0 183.0
229.0 182.0
229.0 181.0
229.0 180.0
229.0 179.0
229.0 178.0
229.0 177.0
229.0 176.0
229.0 175.0
230.0 175.0
230.0 174.0
230.0 173.0
230.0 172.0
230.0 171.0
230.0 170.0
230.0 169.0
231.0 169.0
231.0 168.0
231.0 167.0
231.0 166.0
231.0 165.0
231.0 164.0
231.0 163.0
232.0 163.0
232.0 162.0
232.0 161.0
232.0 160.0
232.0 159.0
232.0 158.0
232.0 157.0
233.0 157.0
233.0 156.0
233.0 155.0
233.0 154.0
233.0 153.0
233.0 152.0
234.0 152.0
234.0 151.0
234.0 150.0
234.0 149.0
234.0 148.0
234.0 147.0
235.0 147.0
235.0 146.0
235.0 145.0
235.0 144.0
235.0 143.0
236.0 143.0
236.0 142.0
236.0 141.0
236.0 140.0
236.0 139.0
237.0 139.0
237.0 138.0
237.0 137.0
237.0 136.0
237.0 135.0
238.0 135.0
238.0 134.0
238.0 133.0
238.0 132.0
238.0 131.0
239.0 131.0
239.0 130.0
239.0 129.0
239.0 128.0
240.0 128.0
240.0 127.0
240.0 126.0
240.0 125.0
241.0 125.0
241.0 124.0
241.0 123.0
241.0 122.0
242.0 122.0
242.0 121.0
242.0 120.0
242.0 119.0
243.0 119.0
243.0 118.0
243.0 117.0
243.0 116.0
243.0 115.0
244.0 115.0
244.0 114.0
244.0 113.0
244.0 112.0
245.0 112.0
245.0 111.0
245.0 110.0
246.0 110.0
246.0 109.0
246.0 108.0
247.0 108.0
247.0 107.0
247.0 106.0
247.0 105.0
248.0 105.0
248.0 104.0
248.0 103.0
249.0 103.0
249.0 102.0
249.0 101.0
249.0 100.0
250.0 100.0
250.0 99.0
250.0 98.0
251.0 98.0
251.0 97.0
251.0 96.0
252.0 96.0
252.0 95.0
252.0 94.0
253.0 94.0
253.0 93.0
253.0 92.0
254.0 92.0
254.0 91.0
254.0 90.0
255.0 90.0
255.0 89.0
255.0 88.0
256.0 88.0
256.0 87.0
256.0 86.0
257.0 86.0
257.0 85.0
257.0 84.0
258.0 84.0
258.0 83.0
258.0 82.0
259.0 82.0
259.0 81.0
260.0 81.0
260.0 80.0
260.0 79.0
261.0 79.0
261.0 78.0
262.0 78.0
262.0 77.0
262.0 76.0
263.0 76.0
263.0 75.0
264.0 75.0
264.0 74.0
264.0 73.0
265.0 73.0
265.0 72.0
266.0 72.0
266.0 71.0
266.0 70.0
267.0 70.0
267.0 69.0
268.0 69.0
268.0 68.0
268.0 67.0
269.0 67.0
269.0 66.0
270.0 66.0
270.0 65.0
271.0 65.0
271.0 64.0
272.0 64.0
272.0 63.0
273.0 63.0
273.0 62.0
273.0 61.0
274.0 61.0
274.0 60.0
275.0 60.0
275.0 59.0
276.0 59.0
276.0 58.0
277.0 58.0
277.0 57.0
278.0 57.0
278.0 56.0
279.0 56.0
279.0 55.0
280.0 55.0
280.0 54.0
281.0 54.0
281.0 53.0
282.0 53.0
282.0 52.0
283.0 52.0
283.0 51.0
284.0 51.0
284.0 50.0
285.0 50.0
285.0 49.0
286.0 49.0
286.0 48.0
287.0 48.0
287.0 47.0
288.0 47.0
289.0 47.0
289.0 46.0
290.0 46.0
290.0 45.0
291.0 45.0
291.0 44.0
292.0 44.0
293.0 44.0
293.0 43.0
294.0 43.0
294.0 42.0
295.0 42.0
296.0 42.0
296.0 41.0
297.0 41.0
297.0 40.0
298.0 40.0
298.0 39.0
299.0 39.0
300.0 39.0
300.0 38.0
301.0 38.0
302.0 38.0
302.0 37.0
303.0 37.0
304.0 37.0
304.0 36.0
305.0 36.0
306.0 36.0
306.0 35.0
307.0 35.0
308.0 35.0
308.0 34.0
309.0 34.0
310.0 34.0
310.0 33.0
311.0 33.0
312.0 33.0
312.0 32.0
313.0 32.0
314.0 32.0
314.0 31.0
315.0 31.0
316.0 31.0
317.0 31.0
317.0 30.0
318.0 30.0
319.0 30.0
320.0 30.0
320.0 29.0
321.0 29.0
322.0 29.0
323.0 29.0
323.0 28.0
324.0 28.0
325.0 28.0
326.0 28.0
327.0 28.0
327.0 27.0
328.0 27.0
329.0 27.0
330.0 27.0
331.0 27.0
332.0 27.0
332.0 26.0
333.0 26.0
334.0 26.0
335.0 26.0
336.0 26.0
337.0 26.0
337.0 25.0
338.0 25.0
339.0 25.0
340.0 25.0
341.0 25.0
342.0 25.0
343.0 25.0
344.0 25.0
345.0 25.0
346.0 25.0
347.0 25.0
348.0 25.0
349.0 25.0
350.0 25.0
351.0 25.0
352.0 25.0
353.0 25.0
354.0 25.0
355.0 25.0
356.0 25.0
357.0 25.0
358.0 25.0
359.0 25.0
360.0 25.0
361.0 25.0
362.0 25.0
363.0 25.0
363.0 26.0
364.0 26.0
365.0 26.0
366.0 26.0
367.0 26.0
368.0 26.0
369.0 26.0
369.0 27.0
370.0 27.0
371.0 27.0
372.0 27.0
373.0 27.0
374.0 27.0
374.0 28.0
375.0 28.0
376.0 28.0
377.0 28.0
378.0 28.0
378.0 29.0
379.0 29.0
380.0 29.0
381.0 29.0
381.0 30.0
382.0 30.0
383.0 30.0
384.0 30.0
385.0 30.0
385.0 31.0
386.0 31.0
387.0 31.0
388.0 31.0
388.0 32.0
389.0 32.0
390.0 32.0
390.0 33.0
391.0 33.0
392.0 33.0
392.0 34.0
393.0 34.0
394.0 34.0
395.0 34.0
395.0 35.0
396.0 35.0
397.0 35.0
397.0 36.0
398.0 36.0
399.0 36.0
399.0 37.0
400.0 37.0
401.0 37.0
401.0 38.0
402.0 38.0
403.0 38.0
403.0 39.0
404.0 39.0
405.0 39.0
405.0 40.0
406.0 40.0
407.0 40.0
407.0 41.0
408.0 41.0
409.0 41.0
409.0 42.0
410.0 42.0
410.0 43.0
411.0 43.0
412.0 43.0
412.0 44.0
413.0 44.0
413.0 45.0
414.0 45.0
415.0 45.0
415.0 46.0
416.0 46.0
416.0 47.0
417.0 47.0
418.0 47.0
418.0 48.0
419.0 48.0
419.0 49.0
420.0 49.0
421.0 49.0
421.0 50.0
422.0 50.0
422.0 51.0
423.0 51.0
423.0 52.0
424.0 52.0
425.0 52.0
425.0 53.0
426.0 53.0
426.0 54.0
427.0 54.0
427.0 55.0
428.0 55.0
428.0 56.0
429.0 56.0
429.0 57.0
430.0 57.0
430.0 58.0
431.0 58.0
432.0 58.0
432.0 59.0
433.0 59.0
433.0 60.0
434.0 60.0
434.0 61.0
435.0 61.0
435.0 62.0
436.0 62.0
436.0 63.0
437.0 63.0
437.0 64.0
438.0 64.0
438.0 65.0
439.0 65.0
439.0 66.0
440.0 66.0
440.0 67.0
441.0 67.0
441.0 68.0
442.0 68.0
442.0 69.0
442.0 70.0
443.0 70.0
443.0 71.0
444.0 71.0
444.0 72.0
445.0 72.0
445.0 73.0
446.0 73.0
446.0 74.0
447.0 74.0
447.0 75.0
448.0 75.0
448.0 76.0
448.0 77.0
449.0 77.0
449.0 78.0
450.0 78.0
450.0 79.0
451.0 79.0
451.0 80.0
451.0 81.0
452.0 81.0
452.0 82.0
453.0 82.0
453.0 83.0
453.0 84.0
454.0 84.0
454.0 85.0
455.0 85.0
455.0 86.0
455.0 87.0
456.0 87.0
456.0 88.0
457.0 88.0
457.0 89.0
457.0 90.0
458.0 90.0
458.0 91.0
459.0 91.0
459.0 92.0
459.0 93.0
460.0 93.0
460.0 94.0
460.0 95.0
461.0 95.0
461.0 96.0
461.0 97.0
462.0 97.0
462.0 98.0
462.0 99.0
463.0 99.0
463.0 100.0
463.0 101.0
464.0 101.0
464.0 102.0
464.0 103.0
465.0 103.0
465.0 104.0
465.0 105.0
466.0 105.0
466.0 106.0
466.0 107.0
466.0 108.0
467.0 108.0
467.0 109.0
467.0 110.0
468.0 110.0
468.0 111.0
468.0 112.0
469.0 112.0
469.0 113.0
469.0 114.0
469.0 115.0
470.0 115.0
470.0 116.0
470.0 117.0
470.0 118.0
470.0 119.0
471.0 119.0
471.0 120.0
471.0 121.0
471.0 122.0
472.0 122.0
472.0 123.0
472.0 124.0
472.0 125.0
472.0 126.0
473.0 126.0
473.0 127.0
473.0 128.0
473.0 129.0
473.0 130.0
473.0 131.0
474.0 131.0
474.0 132.0
474.0 133.0
474.0 134.0
474.0 135.0
474.0 136.0
474.0 137.0
475.0 137.0
475.0 138.0
475.0 139.0
475.0 140.0
475.0 141.0
475.0 142.0
475.0 143.0
475.0 144.0
475.0 145.0
475.0 146.0
475.0 147.0
475.0 148.0
475.0 149.0
475.0 150.0
475.0 151.0
475.0 152.0
475.0 153.0
475.0 154.0
475.0 155.0
475.0 156.0
475.0 157.0
475.0 158.0
475.0 159.0
475.0 160.0
475.0 161.0
475.0 162.0
474.0 162.0
474.0 163.0
474.0 164.0
474.0 165.0
474.0 166.0
474.0 167.0
474.0 168.0
473.0 168.0
473.0 169.0
473.0 170.0
473.0 171.0
473.0 172.0
473.0 173.0
473.0 174.0
472.0 174.0
472.0 175.0
472.0 176.0
472.0 177.0
471.0 177.0
471.0 178.0
471.0 179.0
471.0 180.0
471.0 181.0
470.0 181.0
470.0 182.0
470.0 183.0
470.0 184.0
469.0 184.0
469.0 185.0
469.0 186.0
469.0 187.0
468.0 187.0
468.0 188.0
468.0 189.0
467.0 189.0
467.0 190.0
467.0 191.0
466.0 191.0
466.0 192.0
466.0 193.0
465.0 193.0
465.0 194.0
465.0 195.0
465.0 196.0
464.0 196.0
464.0 197.0
464.0 198.0
463.0 198.0
463.0 199.0
463.0 200.0
462.0 200.0
462.0 201.0
461.0 201.0
461.0 202.0
461.0 203.0
460.0 203.0
460.0 204.0
460.0 205.0
459.0 205.0
459.0 206.0
458.0 206.0
458.0 207.0
458.0 208.0
457.0 208.0
457.0 209.0
456.0 209.0
456.0 210.0
456.0 211.0
455.0 211.0
455.0 212.0
454.0 212.0
454.0 213.0
453.0 213.0
453.0 214.0
453.0 215.0
452.0 215.0
452.0 216.0
451.0 216.0
451.0 217.0
450.0 217.0
450.0 218.0
450.0 219.0
449.0 219.0
449.0 220.0
448.0 220.0
448.0 221.0
447.0 221.0
447.0 222.0
446.0 222.0
446.0 223.0
445.0 223.0
445.0 224.0
444.0 224.0
444.0 225.0
443.0 225.0
443.0 226.0
442.0 226.0
442.0 227.0
441.0 227.0
441.0 228.0
440.0 228.0
440.0 229.0
439.0 229.0
439.0 230.0
438.0 230.0
438.0 231.0
437.0 231.0
437.0 232.0
436.0 232.0
436.0 233.0
435.0 233.0
435.0 234.0
434.0 234.0
433.0 234.0
433.0 235.0
432.0 235.0
432.0 236.0
431.0 236.0
431.0 237.0
430.0 237.0
430.0 238.0
429.0 238.0
428.0 238.0
428.0 239.0
427.0 239.0
427.0 240.0
426.0 240.0
426.0 241.0
425.0 241.0
424.0 241.0
424.0 242.0
423.0 242.0
423.0 243.0
422.0 243.0
421.0 243.0
421.0 244.0
420.0 244.0
420.0 245.0
419.0 245.0
418.0 245.0
418.0 246.0
417.0 246.0
417.0 247.0
416.0 247.0
415.0 247.0
415.0 248.0
414.0 248.0
413.0 248.0
413.0 249.0
412.0 249.0
412.0 250.0
411.0 250.0
410.0 250.0
410.0 251.0
409.0 251.0
408.0 251.0
408.0 252.0
407.0 252.0
406.0 252.0
406.0 253.0
405.0 253.0
404.0 253.0
404.0 254.0
403.0 254.0
402.0 254.0
402.0 255.0
401.0 255.0
400.0 255.0
400.0 256.0
399.0 256.0
398.0 256.0
398.0 257.0
397.0 257.0
396.0 257.0
395.0 257.0
395.0 258.0
394.0 258.0
393.0 258.0
393.0 259.0
392.0 259.0
391.0 259.0
391.0 260.0
390.0 260.0
389.0 260.0
388.0 260.0
388.0 261.0
387.0 261.0
386.0 261.0
385.0 261.0
385.0 262.0
384.0 262.0
383.0 262.0
383.0 263.0
382.0 263.0
381.0 263.0
380.0 263.0
380.0 264.0
379.0 264.0
378.0 264.0
377.0 264.0
377.0 265.0
376.0 265.0
375.0 265.0
374.0 265.0
374.0 266.0
373.0 266.0
372.0 266.0
371.0 266.0
370.0 266.0
370.0 267.0
369.0 267.0
368.0 267.0
367.0 267.0
366.0 267.0
366.0 268.0
365.0 268.0
364.0 268.0
363.0 268.0
362.0 268.0
362.0 269.0
361.0 269.0
360.0 269.0
359.0 269.0
358.0 269.0
358.0 270.0
357.0 270.0
356.0 270.0
355.0 270.0
354.0 270.0
353.0 270.0
353.0 271.0
352.0 271.0
351.0 271.0
350.0 271.0
349.0 271.0
348.0 271.0
347.0 271.0
347.0 272.0
346.0 272.0
345.0 272.0
344.0 272.0
343.0 272.0
342.0 272.0
341.0 272.0
341.0 273.0
340.0 273.0
339.0 273.0
338.0 273.0
337.0 273.0
336.0 273.0
335.0 273.0
334.0 273.0
333.0 273.0
332.0 273.0
332.0 274.0
331.0 274.0
330.0 274.0
329.0 274.0
328.0 274.0
327.0 274.0
326.0 274.0
325.0 274.0
324.0 274.0
323.0 274.0
322.0 274.0
322.0 275.0
321.0 275.0
320.0 275.0
319.0 275.0
318.0 275.0
317.0 275.0
316.0 275.0
315.0 275.0
314.0 275.0
313.0 275.0
312.0 275.0
311.0 275.0
310.0 275.0
309.0 275.0
308.0 275.0
307.0 275.0
306.0 275.0
305.0 275.0
304.0 275.0
303.0 275.0
302.0 275.0
301.0 275.0
300.0 275.0
299.0 275.0
298.0 275.0
297.0 275.0
296.0 275.0
295.0 275.0
294.0 275.0
293.0 275.0
292.0 275.0
291.0 275.0
290.0 275.0
289.0 275.0
288.0 275.0
287.0 275.0
286.0 275.0
285.0 275.0
284.0 275.0
283.0 275.0
282.0 275.0
281.0 275.0
280.0 275.0
280.0 274.0
279.0 274.0
278.0 274.0
277.0 274.0
276.0 274.0
275.0 274.0
275.0 275.0
275.0 276.0
275.0 277.0
275.0 278.0
275.0 279.0
275.0 280.0
275.0 281.0
274.0 281.0
274.0 282.0
274.0 283.0
274.0 284.0
274.0 285.0
274.0 286.0
274.0 287.0
274.0 288.0
274.0 289.0
274.0 290.0
274.0 291.0
274.0 292.0
274.0 293.0
274.0 294.0
274.0 295.0
274.0 296.0
273.0 296.0
273.0 297.0
273.0 298.0
273.0 299.0
273.0 300.0
273.0 301.0
273.0 302.0
273.0 303.0
273.0 304.0
273.0 305.0
273.0 306.0
273.0 307.0
273.0 308.0
272.0 308.0
272.0 309.0
272.0 310.0
272.0 311.0
272.0 312.0
272.0 313.0
272.0 314.0
272.0 315.0
272.0 316.0
271.0 316.0
271.0 317.0
271.0 318.0
271.0 319.0
271.0 320.0
271.0 321.0
271.0 322.0
271.0 323.0
271.0 324.0
271.0 325.0
270.0 325.0
270.0 326.0
270.0 327.0
270.0 328.0
270.0 329.0
270.0 330.0
270.0 331.0
269.0 331.0
269.0 332.0
269.0 333.0
269.0 334.0
269.0 335.0
269.0 336.0
269.0 337.0
268.0 337.0
268.0 338.0
268.0 339.0
268.0 340.0
268.0 341.0
268.0 342.0
268.0 343.0
267.0 343.0
267.0 344.0
267.0 345.0
267.0 346.0
267.0 347.0
267.0 348.0
266.0 348.0
266.0 349.0
266.0 350.0
266.0 351.0
266.0 352.0
266.0 353.0
265.0 353.0
265.0 354.0
265.0 355.0
265.0 356.0
265.0 357.0
264.0 357.0
264.0 358.0
264.0 359.0
265.0 359.0
266.0 359.0
266.0 360.0
267.0 360.0
268.0 360.0
268.0 361.0
269.0 361.0
270.0 361.0
270.0 362.0
271.0 362.0
272.0 362.0
272.0 363.0
273.0 363.0
273.0 364.0
274.0 364.0
275.0 364.0
275.0 365.0
276.0 365.0
277.0 365.0
277.0 366.0
278.0 366.0
279.0 366.0
279.0 367.0
280.0 367.0
281.0 367.0
281.0 368.0
282.0 368.0
283.0 368.0
283.0 369.0
284.0 369.0
284.0 370.0
285.0 370.0
286.0 370.0
286.0 371.0
287.0 371.0
288.0 371.0
288.0 372.0
289.0 372.0
290.0 372.0
290.0 373.0
291.0 373.0
292.0 373.0
292.0 374.0
293.0 374.0
294.0 374.0
294.0 375.0
295.0 375.0
296.0 375.0
296.0 376.0
297.0 376.0
298.0 376.0
298.0 377.0
299.0 377.0
300.0 377.0
300.0 378.0
301.0 378.0
302.0 378.0
302.0 379.0
303.0 379.0
304.0 379.0
304.0 380.0
305.0 380.0
305.0 381.0
306.0 381.0
307.0 381.0
307.0 382.0
308.0 382.0
309.0 382.0
309.0 383.0
310.0 383.0
311.0 383.0
311.0 384.0
312.0 384.0
313.0 384.0
313.0 385.0
314.0 385.0
315.0 385.0
315.0 386.0
316.0 386.0
317.0 386.0
318.0 386.0
318.0 387.0
319.0 387.0
320.0 387.0
320.0 388.0
321.0 388.0
322.0 388.0
322.0 389.0
323.0 389.0
324.0 389.0
324.0 390.0
325.0 390.0
326.0 390.0
326.0 391.0
327.0 391.0
328.0 391.0
328.0 392.0
329.0 392.0
330.0 392.0
330.0 393.0
331.0 393.0
332.0 393.0
332.0 394.0
333.0 394.0
334.0 394.0
334.0 395.0
335.0 395.0
336.0 395.0
337.0 395.0
337.0 396.0
338.0 396.0
339.0 396.0
339.0 397.0
340.0 397.0
341.0 397.0
341.0 398.0
342.0 398.0
343.0 398.0
343.0 399.0
344.0 399.0
345.0 399.0
346.0 399.0
346.0 400.0
347.0 400.0
348.0 400.0
348.0 401.0
349.0 401.0
350.0 401.0
351.0 401.0
351.0 402.0
352.0 402.0
353.0 402.0
353.0 403.0
354.0 403.0
355.0 403.0
356.0 403.0
356.0 404.0
357.0 404.0
358.0 404.0
358.0 405.0
359.0 405.0
360.0 405.0
361.0 405.0
361.0 406.0
362.0 406.0
363.0 406.0
363.0 407.0
364.0 407.0
365.0 407.0
366.0 407.0
366.0 408.0
367.0 408.0
368.0 408.0
369.0 408.0
369.0 409.0
370.0 409.0
371.0 409.0
372.0 409.0
372.0 410.0
373.0 410.0
374.0 410.0
374.0 411.0
375.0 411.0
376.0 411.0
377.0 411.0
377.0 412.0
378.0 412.0
379.0 412.0
380.0 412.0
380.0 413.0
381.0 413.0
382.0 413.0
383.0 413.0
383.0 414.0
384.0 414.0
385.0 414.0
386.0 414.0
387.0 414.0
387.0 415.0
388.0 415.0
389.0 415.0
390.0 415.0
391.0 415.0
391.0 416.0
392.0 416.0
393.0 416.0
394.0 416.0
394.0 417.0
395.0 417.0
396.0 417.0
397.0 417.0
398.0 417.0
398.0 418.0
399.0 418.0
400.0 418.0
401.0 418.0
402.0 418.0
402.0 419.0
403.0 419.0
404.0 419.0
405.0 419.0
406.0 419.0
406.0 420.0
407.0 420.0
408.0 420.0
409.0 420.0
410.0 420.0
411.0 420.0
411.0 421.0
412.0 421.0
413.0 421.0
414.0 421.0
415.0 421.0
416.0 421.0
416.0 422.0
417.0 422.0
418.0 422.0
419.0 422.0
420.0 422.0
421.0 422.0
422.0 422.0
423.0 422.0
423.0 423.0
424.0 423.0
425.0 423.0
426.0 423.0
427.0 423.0
428.0 423.0
429.0 423.0
430.0 423.0
431.0 423.0
431.0 424.0
432.0 424.0
433.0 424.0
434.0 424.0
435.0 424.0
436.0 424.0
437.0 424.0
438.0 424.0
439.0 424.0
440.0 424.0
441.0 424.0
442.0 424.0
443.0 424.0
444.0 424.0
445.0 424.0
446.0 424.0
446.0 425.0
447.0 425.0
448.0 425.0
449.0 425.0
450.0 425.0
451.0 425.0
452.0 425.0
453.0 425.0
454.0 425.0
455.0 425.0
456.0 425.0
457.0 425.0
457.0 426.0
458.0 426.0
459.0 426.0
459.0 427.0
460.0 427.0
461.0 427.0
462.0 427.0
462.0 428.0
463.0 428.0
463.0 429.0
464.0 429.0
465.0 429.0
465.0 430.0
466.0 430.0
466.0 431.0
467.0 431.0
467.0 432.0
468.0 432.0
468.0 433.0
469.0 433.0
469.0 434.0
470.0 434.0
470.0 435.0
471.0 435.0
471.0 436.0
471.0 437.0
472.0 437.0
472.0 438.0
473.0 438.0
473.0 439.0
473.0 440.0
473.0 441.0
474.0 441.0
474.0 442.0
474.0 443.0
474.0 444.0
475.0 444.0
475.0 445.0
475.0 446.0
475.0 447.0
475.0 448.0
475.0 449.0
475.0 450.0
475.0 451.0
475.0 452.0
475.0 453.0
475.0 454.0
475.0 455.0
475.0 456.0
475.0 457.0
474.0 457.0
474.0 458.0
474.0 459.0
473.0 459.0
473.0 460.0
473.0 461.0
473.0 462.0
472.0 462.0
472.0 463.0
471.0 463.0
471.0 464.0
471.0 465.0
470.0 465.0
470.0 466.0
469.0 466.0
469.0 467.0
468.0 467.0
468.0 468.0
467.0 468.0
467.0 469.0
466.0 469.0
466.0 470.0
465.0 470.0
465.0 471.0
464.0 471.0
463.0 471.0
463.0 472.0
462.0 472.0
462.0 473.0
461.0 473.0
460.0 473.0
459.0 473.0
459.0 474.0
458.0 474.0
457.0 474.0
456.0 474.0
456.0 475.0
455.0 475.0
454.0 475.0
453.0 475.0
452.0 475.0
451.0 475.0
450.0 475.0
449.0 475.0
448.0 475.0
447.0 475.0
446.0 475.0
445.0 475.0
444.0 475.0
443.0 475.0
442.0 475.0
441.0 475.0
440.0 475.0
439.0 475.0
438.0 475.0
437.0 475.0
436.0 475.0
435.0 475.0
434.0 475.0
433.0 475.0
432.0 475.0
432.0 474.0
431.0 474.0
430.0 474.0
429.0 474.0
428.0 474.0
427.0 474.0
426.0 474.0
425.0 474.0
424.0 474.0
423.0 474.0
422.0 474.0
422.0 473.0
421.0 473.0
420.0 473.0
419.0 473.0
418.0 473.0
417.0 473.0
416.0 473.0
415.0 473.0
415.0 472.0
414.0 472.0
413.0 472.0
412.0 472.0
411.0 472.0
410.0 472.0
409.0 472.0
408.0 472.0
407.0 472.0
407.0 471.0
406.0 471.0
405.0 471.0
404.0 471.0
403.0 471.0
403.0 470.0
402.0 470.0
401.0 470.0
400.0 470.0
399.0 470.0
398.0 470.0
398.0 469.0
397.0 469.0
396.0 469.0
395.0 469.0
394.0 469.0
393.0 469.0
393.0 468.0
392.0 468.0
391.0 468.0
390.0 468.0
389.0 468.0
388.0 468.0
388.0 467.0
387.0 467.0
386.0 467.0
385.0 467.0
385.0 466.0
384.0 466.0
383.0 466.0
382.0 466.0
381.0 466.0
381.0 465.0
380.0 465.0
379.0 465.0
378.0 465.0
377.0 465.0
377.0 464.0
376.0 464.0
375.0 464.0
374.0 464.0
374.0 463.0
373.0 463.0
372.0 463.0
371.0 463.0
370.0 463.0
370.0 462.0
369.0 462.0
368.0 462.0
367.0 462.0
367.0 461.0
366.0 461.0
365.0 461.0
364.0 461.0
364.0 460.0
363.0 460.0
362.0 460.0
361.0 460.0
361.0 459.0
360.0 459.0
359.0 459.0
358.0 459.0
358.0 458.0
357.0 458.0
356.0 458.0
355.0 458.0
355.0 457.0
354.0 457.0
353.0 457.0
352.0 457.0
352.0 456.0
351.0 456.0
350.0 456.0
349.0 456.0
349.0 455.0
348.0 455.0
347.0 455.0
346.0 455.0
346.0 454.0
345.0 454.0
344.0 454.0
344.0 453.0
343.0 453.0
342.0 453.0
341.0 453.0
341.0 452.0
340.0 452.0
339.0 452.0
339.0 451.0
338.0 451.0
337.0 451.0
336.0 451.0
336.0 450.0
335.0 450.0
334.0 450.0
334.0 449.0
333.0 449.0
332.0 449.0
331.0 449.0
331.0 448.0
330.0 448.0
329.0 448.0
329.0 447.0
328.0 447.0
327.0 447.0
326.0 447.0
326.0 446.0
325.0 446.0
324.0 446.0
324.0 445.0
323.0 445.0
322.0 445.0
322.0 444.0
321.0 444.0
320.0 444.0
320.0 443.0
319.0 443.0
318.0 443.0
317.0 443.0
317.0 442.0
316.0 442.0
315.0 442.0
315.0 441.0
314.0 441.0
313.0 441.0
313.0 440.0
312.0 440.0
311.0 440.0
311.0 439.0
310.0 439.0
309.0 439.0
308.0 439.0
308.0 438.0
307.0 438.0
306.0 438.0
306.0 437.0
305.0 437.0
304.0 437.0
304.0 436.0
303.0 436.0
302.0 436.0
302.0 435.0
301.0 435.0
300.0 435.0
300.0 434.0
299.0 434.0
298.0 434.0
298.0 433.0
297.0 433.0
296.0 433.0
296.0 432.0
295.0 432.0
294.0 432.0
294.0 431.0
293.0 431.0
292.0 431.0
292.0 430.0
291.0 430.0
290.0 430.0
290.0 429.0
289.0 429.0
288.0 429.0
288.0 428.0
287.0 428.0
286.0 428.0
286.0 427.0
285.0 427.0
284.0 427.0
284.0 426.0
283.0 426.0
282.0 426.0
282.0 425.0
281.0 425.0
280.0 425.0
280.0 424.0
279.0 424.0
278.0 424.0
278.0 423.0
277.0 423.0
276.0 423.0
276.0 422.0
275.0 422.0
274.0 422.0
274.0 421.0
273.0 421.0
272.0 421.0
272.0 420.0
271.0 420.0
270.0 420.0
270.0 419.0
269.0 419.0
268.0 419.0
268.0 418.0
267.0 418.0
266.0 418.0
266.0 417.0
265.0 417.0
265.0 416.0
264.0 416.0
263.0 416.0
263.0 415.0
262.0 415.0
261.0 415.0
261.0 414.0
260.0 414.0
259.0 414.0
259.0 413.0
258.0 413.0
257.0 413.0
257.0 412.0
256.0 412.0
255.0 412.0
255.0 411.0
254.0 411.0
253.0 411.0
253.0 410.0
252.0 410.0
252.0 409.0
251.0 409.0
250.0 409.0
250.0 408.0
249.0 408.0
248.0 408.0
248.0 407.0
247.0 407.0
247.0 408.0
246.0 408.0
246.0 409.0
246.0 410.0
245.0 410.0
245.0 411.0
245.0 412.0
244.0 412.0
244.0 413.0
244.0 414.0
243.0 414.0
243.0 415.0
243.0 416.0
242.0 416.0
242.0 417.0
242.0 418.0
241.0 418.0
241.0 419.0
240.0 419.0
240.0 420.0
240.0 421.0
239.0 421.0
239.0 422.0
238.0 422.0
238.0 423.0
238.0 424.0
237.0 424.0
237.0 425.0
236.0 425.0
236.0 426.0
236.0 427.0
235.0 427.0
235.0 428.0
234.0 428.0
234.0 429.0
234.0 430.0
233.0 430.0
233.0 431.0
232.0 431.0
232.0 432.0
232.0 433.0
231.0 433.0
231.0 434.0
230.0 434.0
230.0 435.0
229.0 435.0
229.0 436.0
228.0 436.0
228.0 437.0
227.0 437.0
227.0 438.0
227.0 439.0
226.0 439.0
226.0 440.0
225.0 440.0
225.0 441.0
224.0 441.0
224.0 442.0
223.0 442.0
223.0 443.0
222.0 443.0
222.0 444.0
221.0 444.0
221.0 445.0
220.0 445.0
220.0 446.0
219.0 446.0
219.0 447.0
218.0 447.0
218.0 448.0
217.0 448.0
217.0 449.0
216.0 449.0
216.0 450.0
215.0 450.0
215.0 451.0
214.0 451.0
214.0 452.0
213.0 452.0
213.0 453.0
212.0 453.0
211.0 453.0
211.0 454.0
210.0 454.0
210.0 455.0
209.0 455.0
209.0 456.0
208.0 456.0
207.0 456.0
207.0 457.0
206.0 457.0
206.0 458.0
205.0 458.0
204.0 458.0
204.0 459.0
203.0 459.0
203.0 460.0
202.0 460.0
202.0 461.0
201.0 461.0
200.0 461.0
200.0 462.0
199.0 462.0
198.0 462.0
198.0 463.0
197.0 463.0
196.0 463.0
196.0 464.0
195.0 464.0
194.0 464.0
194.0 465.0
193.0 465.0
192.0 465.0
192.0 466.0
191.0 466.0
190.0 466.0
190.0 467.0
189.0 467.0
188.0 467.0
188.0 468.0
187.0 468.0
186.0 468.0
186.0 469.0
185.0 469.0
184.0 469.0
183.0 469.0
183.0 470.0
182.0 470.0
181.0 470.0
180.0 470.0
180.0 471.0
179.0 471.0
178.0 471.0
177.0 471.0
177.0 472.0
176.0 472.0
175.0 472.0
174.0 472.0
173.0 472.0
173.0 473.0
172.0 473.0
171.0 473.0
170.0 473.0
169.0 473.0
168.0 473.0
168.0 474.0
167.0 474.0
166.0 474.0
165.0 474.0
164.0 474.0
163.0 474.0
162.0 474.0
162.0 475.0
161.0 475.0
160.0 475.0
159.0 475.0
158.0 475.0
157.0 475.0
156.0 475.0
155.0 475.0
154.0 475.0
153.0 475.0
152.0 475.0
151.0 475.0
150.0 475.0
149.0 475.0
148.0 475.0
147.0 475.0
146.0 475.0
145.0 475.0
144.0 475.0
143.0 475.0
142.0 475.0
141.0 475.0
140.0 475.0
139.0 475.0
138.0 475.0
137.0 475.0
136.0 475.0
135.0 475.0
134.0 475.0
133.0 475.0
132.0 475.0
131.0 475.0
130.0 475.0
129.0 475.0
128.0 475.0
127.0 475.0
126.0 475.0
126.0 474.0
125.0 474.0
124.0 474.0
123.0 474.0
122.0 474.0
121.0 474.0
120.0 474.0
119.0 474.0
118.0 474.0
117.0 474.0
116.0 474.0
115.0 474.0
115.0 473.0
114.0 473.0
113.0 473.0
112.0 473.0
111.0 473.0
110.0 473.0
109.0 473.0
108.0 473.0
107.0 473.0
107.0 472.0
106.0 472.0
105.0 472.0
104.0 472.0
103.0 472.0
102.0 472.0
101.0 472.0
101.0 471.0
100.0 471.0
99.0 471.0
98.0 471.0
97.0 471.0
96.0 471.0
96.0 470.0
95.0 470.0
94.0 470.0
93.0 470.0
92.0 470.0
91.0 470.0
91.0 469.0
90.0 469.0
89.0 469.0
88.0 469.0
87.0 469.0
87.0 468.0
86.0 468.0
85.0 468.0
84.0 468.0
84.0 467.0
83.0 467.0
82.0 467.0
81.0 467.0
80.0 467.0
80.0 466.0
79.0 466.0
78.0 466.0
77.0 466.0
77.0 465.0
76.0 465.0
75.0 465.0
74.0 465.0
74.0 464.0
73.0 464.0
72.0 464.0
72.0 463.0
71.0 463.0
70.0 463.0
69.0 463.0
69.0 462.0
68.0 462.0
67.0 462.0
67.0 461.0
66.0 461.0
65.0 461.0
65.0 460.0
64.0 460.0
63.0 460.0
63.0 459.0
62.0 459.0
61.0 459.0
61.0 458.0
60.0 458.0
59.0 458.0
59.0 457.0
58.0 457.0
58.0 456.0
57.0 456.0
56.0 456.0
56.0 455.0
55.0 455.0
54.0 455.0
54.0 454.0
53.0 454.0
53.0 453.0
52.0 453.0
52.0 452.0
51.0 452.0
50.0 452.0
50.0 451.0
49.0 451.0
49.0 450.0
48.0 450.0
48.0 449.0
47.0 449.0
47.0 448.0
46.0 448.0
45.0 448.0
45.0 447.0
44.0 447.0
44.0 446.0
43.0 446.0
43.0 445.0
42.0 445.0
42.0 444.0
41.0 444.0
41.0 443.0
40.0 443.0
40.0 442.0
40.0 441.0
39.0 441.0
39.0 440.0
38.0 440.0
38.0 439.0
37.0 439.0
37.0 438.0
37.0 437.0
36.0 437.0
36.0 436.0
35.0 436.0
35.0 435.0
34.0 435.0
34.0 434.0
34.0 433.0
33.0 433.0
33.0 432.0
33.0 431.0
32.0 431.0
32.0 430.0
32.0 429.0
31.0 429.0
31.0 428.0
31.0 427.0
30.0 427.0
30.0 426.0
30.0 425.0
29.0 425.0
29.0 424.0
29.0 423.0
29.0 422.0
28.0 422.0
28.0 421.0
28.0 420.0
28.0 419.0
27.0 419.0
27.0 418.0
27.0 417.0
27.0 416.0
27.0 415.0
26.0 415.0
26.0 414.0
26.0 413.0
26.0 412.0
26.0 411.0
26.0 410.0
25.0 410.0
25.0 409.0
25.0 408.0
25.0 407.0
25.0 406.0
25.0 405.0
25.0 404.0
25.0 403.0
25.0 402.0
25.0 401.0
25.0 400.0
25.0 399.0
25.0 398.0
25.0 397.0
25.0 396.0
25.0 395.0
25.0 394.0
25.0 393.0
25.0 392.0
25.0 391.0
25.0 390.0
25.0 389.0
25.0 388.0
26.0 388.0
26.0 387.0
26.0 386.0
26.0 385.0
26.0 384.0
27.0 384.0
27.0 383.0
27.0 382.0
27.0 381.0
27.0 380.0
27.0 379.0
28.0 379.0
28.0 378.0
28.0 377.0
28.0 376.0
28.0 375.0
29.0 375.0
29.0 374.0
29.0 373.0
29.0 372.0
30.0 372.0
30.0 371.0
30.0 370.0
30.0 369.0
31.0 369.0
31.0 368.0
31.0 367.0
31.0 366.0
32.0 366.0
32.0 365.0
32.0 364.0
33.0 364.0
33.0 363.0
33.0 362.0
34.0 362.0
34.0 361.0
34.0 360.0
35.0 360.0
35.0 359.0
35.0 358.0
35.0 357.0
36.0 357.0
36.0 356.0
36.0 355.0
37.0 355.0
37.0 354.0
38.0 354.0
38.0 353.0
38.0 352.0
39.0 352.0
39.0 351.0
39.0 350.0
40.0 350.0
40.0 349.0
40.0 348.0
41.0 348.0
41.0 347.0
42.0 347.0
42.0 346.0
42.0 345.0
43.0 345.0
43.0 344.0
44.0 344.0
44.0 343.0
44.0 342.0
45.0 342.0
45.0 341.0
46.0 341.0
46.0 340.0
46.0 339.0
47.0 339.0
47.0 338.0
48.0 338.0
48.0 337.0
48.0 336.0
49.0 336.0
49.0 335.0
50.0 335.0
50.0 334.0
51.0 334.0
51.0 333.0
52.0 333.0
52.0 332.0
53.0 332.0
53.0 331.0
53.0 330.0
54.0 330.0
54.0 329.0
55.0 329.0
55.0 328.0
56.0 328.0
56.0 327.0
57.0 327.0
57.0 326.0
58.0 326.0
58.0 325.0
59.0 325.0
59.0 324.0
60.0 324.0
60.0 323.0
61.0 323.0
61.0 322.0
62.0 322.0
62.0 321.0
63.0 321.0
63.0 320.0
64.0 320.0
64.0 319.0
65.0 319.0
65.0 318.0
66.0 318.0
66.0 317.0
67.0 317.0
68.0 317.0
68.0 316.0
69.0 316.0
69.0 315.0
70.0 315.0
70.0 314.0
71.0 314.0
71.0 313.0
72.0 313.0
73.0 313.0
73.0 312.0
74.0 312.0
74.0 311.0
75.0 311.0
75.0 310.0
76.0 310.0
77.0 310.0
77.0 309.0
78.0 309.0
78.0 308.0
79.0 308.0
80.0 308.0
80.0 307.0
81.0 307.0
82.0 307.0
82.0 306.0
83.0 306.0
83.0 305.0
84.0 305.0
85.0 305.0
85.0 304.0
86.0 304.0
87.0 304.0
87.0 303.0
88.0 303.0
89.0 303.0
89.0 302.0
90.0 302.0
91.0 302.0
91.0 301.0
92.0 301.0
93.0 301.0
93.0 300.0
94.0 300.0
95.0 300.0
96.0 300.0
96.0 299.0
97.0 299.0
98.0 299.0
99.0 299.0
99.0 298.0
100.0 298.0
101.0 298.0
102.0 298.0
102.0 297.0
103.0 297.0
104.0 297.0
105.0 297.0
105.0 296.0
106.0 296.0
107.0 296.0
108.0 296.0
109.0 296.0
109.0 295.0
110.0 295.0
111.0 295.0
112.0 295.0
113.0 295.0
114.0 295.0
115.0 295.0
116.0 295.0
116.0 294.0
117.0 294.0
118.0 294.0
119.0 294.0
120.0 294.0
121.0 294.0
122.0 294.0
123.0 294.0
124.0 294.0
125.0 294.0
126.0 294.0
127.0 294.0
128.0 294.0
129.0 294.0
130.0 294.0
131.0 294.0
132.0 294.0
133.0 294.0
134.0 294.0
135.0 294.0
136.0 294.0
136.0 295.0
137.0 295.0
138.0 295.0
139.0 295.0
140.0 295.0
141.0 295.0
141.0 296.0
142.0 296.0
143.0 296.0
144.0 296.0
145.0 296.0
146.0 296.0
146.0 297.0
147.0 297.0
148.0 297.0
149.0 297.0
149.0 298.0
150.0 298.0
151.0 298.0
152.0 298.0
152.0 299.0
153.0 299.0
154.0 299.0
155.0 299.0
155.0 300.0
156.0 300.0
157.0 300.0
157.0 301.0
158.0 301.0
159.0 301.0
160.0 301.0
160.0 302.0
161.0 302.0
162.0 302.0
162.0 303.0
163.0 303.0
164.0 303.0
164.0 304.0
165.0 304.0
166.0 304.0
166.0 305.0
167.0 305.0
168.0 305.0
168.0 306.0
169.0 306.0
170.0 306.0
170.0 307.0
171.0 307.0
172.0 307.0
172.0 308.0
173.0 308.0
173.0 309.0
174.0 309.0
175.0 309.0
175.0 310.0
176.0 310.0
177.0 310.0
177.0 311.0
178.0 311.0
179.0 311.0
179.0 312.0
180.0 312.0
181.0 312.0
181.0 313.0
182.0 313.0
183.0 313.0
183.0 314.0
184.0 314.0
185.0 314.0
185.0 315.0
186.0 315.0
187.0 315.0
187.0 316.0
188.0 316.0
189.0 316.0
189.0 317.0
190.0 317.0
191.0 317.0
191.0 318.0
192.0 318.0
192.0 319.0
193.0 319.0
194.0 319.0
194.0 320.0
195.0 320.0
196.0 320.0
196.0 321.0
197.0 321.0
198.0 321.0
198.0 322.0
199.0 322.0
200.0 322.0
200.0 323.0
201.0 323.0
202.0 323.0
202.0 324.0
203.0 324.0
203.0 325.0
204.0 325.0
205.0 325.0
205.0 326.0
206.0 326.0
207.0 326.0
207.0 327.0
208.0 327.0
209.0 327.0
209.0 328.0
210.0 328.0
211.0 328.0
211.0 329.0
212.0 329.0
212.0 330.0
213.0 330.0
214.0 330.0
214.0 331.0
215.0 331.0
216.0 331.0
216.0 332.0
217.0 332.0
218.0 332.0
218.0 331.0
218.0 330.0
218.0 329.0
219.0 329.0
219.0 328.0
219.0 327.0
219.0 326.0
219.0 325.0
219.0 324.0
219.0 323.0
220.0 323.0
220.0 322.0
220.0 321.0
220.0 320.0
220.0 319.0
220.0 318.0
220.0 317.0
220.0 316.0
221.0 316.0
221.0 315.0
221.0 314.0
221.0 313.0
221.0 312.0
221.0 311.0
221.0 310.0
221.0 309.0
221.0 308.0
222.0 308.0
222.0 307.0
222.0 306.0
222.0 305.0
222.0 304.0
222.0 303.0
222.0 302.0
222.0 301.0
222.0 300.0
223.0 300.0
223.0 299.0
223.0 298.0
223.0 297.0
223.0 296.0
223.0 295.0
223.0 294.0
223.0 293.0
223.0 292.0
223.0 291.0
223.0 290.0
223.0 289.0
223.0 288.0
223.0 287.0
223.0 286.0
223.0 285.0
224.0 285.0
224.0 284.0
224.0 283.0
224.0 282.0
224.0 281.0
224.0 280.0
224.0 279.0
224.0 278.0
224.0 277.0
224.0 276.0
224.0 275.0
224.0 274.0
224.0 273.0
224.0 272.0
224.0 271.0
224.0 270.0
224.0 269.0
224.0 268.0
224.0 267.0
223.0 267.0
223.0 266.0
222.0 266.0
221.0 266.0
220.0 266.0
219.0 266.0
219.0 265.0
218.0 265.0
217.0 265.0
216.0 265.0
215.0 265.0
214.0 265.0
214.0 264.0
213.0 264.0
212.0 264.0
211.0 264.0
211.0 263.0
210.0 263.0
209.0 263.0
208.0 263.0
208.0 262.0
207.0 262.0
206.0 262.0
205.0 262.0
205.0 261.0
204.0 261.0
203.0 261.0
202.0 261.0
201.0 261.0
201.0 260.0
200.0 260.0
199.0 260.0
198.0 260.0
198.0 259.0
197.0 259.0
196.0 259.0
195.0 259.0
195.0 258.0
194.0 258.0
193.0 258.0
192.0 258.0
192.0 257.0
191.0 257.0
190.0 257.0
189.0 257.0
189.0 256.0
188.0 256.0
187.0 256.0
186.0 256.0
186.0 255.0
185.0 255.0
184.0 255.0
184.0 254.0
183.0 254.0
182.0 254.0
181.0 254.0
181.0 253.0
180.0 253.0
179.0 253.0
179.0 252.0
178.0 252.0
177.0 252.0
176.0 252.0
176.0 251.0
175.0 251.0
174.0 251.0
174.0 250.0
173.0 250.0
172.0 250.0
171.0 250.0
171.0 249.0
170.0 249.0
169.0 249.0
169.0 248.0
168.0 248.0
167.0 248.0
167.0 247.0
166.0 247.0
165.0 247.0
164.0 247.0
164.0 246.0
163.0 246.0
162.0 246.0
162.0 245.0
161.0 245.0
160.0 245.0
160.0 244.0
159.0 244.0
158.0 244.0
158.0 243.0
157.0 243.0
157.0 242.0
156.0 242.0
155.0 242.0
155.0 241.0
154.0 241.0
153.0 241.0
153.0 240.0
152.0 240.0
151.0 240.0
151.0 239.0
150.0 239.0
149.0 239.0
149.0 238.0
148.0 238.0
147.0 238.0
147.0 237.0
146.0 237.0
145.0 237.0
145.0 236.0
144.0 236.0
143.0 236.0
143.0 235.0
142.0 235.0
141.0 235.0
141.0 234.0
140.0 234.0
140.0 233.0
139.0 233.0
138.0 233.0
138.0 232.0
137.0 232.0
137.0 231.0
136.0 231.0
135.0 231.0
135.0 230.0
134.0 230.0
133.0 230.0
133.0 229.0
132.0 229.0
132.0 228.0
131.0 228.0
130.0 228.0
130.0 227.0
129.0 227.0
129.0 226.0
128.0 226.0
127.0 226.0
127.0 225.0
126.0 225.0
126.0 224.0
125.0 224.0
124.0 224.0
124.0 223.0
123.0 223.0
123.0 222.0
122.0 222.0
121.0 222.0
121.0 221.0
120.0 221.0
120.0 220.0
119.0 220.0
118.0 220.0
118.0 219.0
117.0 219.0
117.0 218.0
116.0 218.0
116.0 217.0
115.0 217.0
115.0 216.0
114.0 216.0
113.0 216.0
113.0 215.0
112.0 215.0
112.0 214.0
111.0 214.0
111.0 213.0
110.0 213.0
109.0 213.0
109.0 212.0
108.0 212.0
108.0 211.0
107.0 211.0
107.0 210.0
106.0 210.0
106.0 209.0
105.0 209.0
104.0 209.0
104.0 208.0
103.0 208.0
103.0 207.0
102.0 207.0
102.0 206.0
101.0 206.0
101.0 205.0
100.0 205.0
100.0 204.0
99.0 204.0
99.0 203.0
98.0 203.0
98.0 202.0
97.0 202.0
97.0 201.0
96.0 201.0
95.0 201.0
95.0 200.0
94.0 200.0
94.0 199.0
93.0 199.0
93.0 198.0
92.0 198.0
92.0 197.0
91.0 197.0
91.0 196.0
90.0 196.0
90.0 195.0
89.0 195.0
89.0 194.0
88.0 194.0
88.0 193.0
87.0 193.0
87.0 192.0
86.0 192.0
86.0 191.0
85.0 191.0
85.0 190.0
84.0 190.0
84.0 189.0
83.0 189.0
83.0 188.0
82.0 188.0
82.0 187.0
81.0 187.0
81.0 186.0
81.0 185.0
80.0 185.0
80.0 184.0
79.0 184.0
79.0 183.0
78.0 183.0
78.0 182.0
77.0 182.0
77.0 181.0
76.0 181.0
76.0 180.0
75.0 180.0
75.0 179.0
74.0 179.0
74.0 178.0
74.0 177.0
73.0 177.0
73.0 176.0
72.0 176.0
72.0 175.0
71.0 175.0
71.0 174.0
70.0 174.0
70.0 173.0
69.0 173.0
69.0 172.0
69.0 171.0
68.0 171.0
68.0 170.0
67.0 170.0
67.0 169.0
66.0 169.0
66.0 168.0
66.0 167.0
65.0 167.0
65.0 166.0
64.0 166.0
64.0 165.0
64.0 164.0
63.0 164.0
63.0 163.0
62.0 163.0
62.0 162.0
61.0 162.0
61.0 161.0
61.0 160.0
60.0 160.0
60.0 159.0
59.0 159.0
59.0 158.0
59.0 157.0
58.0 157.0
58.0 156.0
57.0 156.0
57.0 155.0
56.0 155.0
56.0 154.0
56.0 153.0
55.0 153.0
55.0 152.0
55.0 151.0
54.0 151.0
54.0 150.0
54.0 149.0
53.0 149.0
53.0 148.0
52.0 148.0
52.0 147.0
52.0 146.0
51.0 146.0
51.0 145.0
51.0 144.0
50.0 144.0
50.0 143.0
50.0 142.0
49.0 142.0
49.0 141.0
48.0 141.0
48.0 140.0
48.0 139.0
47.0 139.0
47.0 138.0
47.0 137.0
46.0 137.0
46.0 136.0
46.0 135.0
45.0 135.0
45.0 134.0
45.0 133.0
44.0 133.0
44.0 132.0
44.0 131.0
43.0 131.0
43.0 130.0
43.0 129.0
42.0 129.0
42.0 128.0
42.0 127.0
42.0 126.0
41.0 126.0
41.0 125.0
41.0 124.0
40.0 124.0
40.0 123.0
40.0 122.0
39.0 122.0
39.0 121.0
39.0 120.0
39.0 119.0
38.0 119.0
38.0 118.0
38.0 117.0
37.0 117.0
37.0 116.0
37.0 115.0
36.0 115.0
36.0 114.0
36.0 113.0
36.0 112.0
35.0 112.0
35.0 111.0
35.0 110.0
35.0 109.0
35.0 108.0
34.0 108.0
34.0 107.0
34.0 106.0
34.0 105.0
33.0 105.0
33.0 104.0
33.0 103.0
33.0 102.0
32.0 102.0
32.0 101.0
32.0 100.0
32.0 99.0
31.0 99.0
31.0 98.0
31.0 97.0
31.0 96.0
31.0 95.0
30.0 95.0
30.0 94.0
30.0 93.0
30.0 92.0
30.0 91.0
29.0 91.0
29.0 90.0
29.0 89.0
29.0 88.0
29.0 87.0
29.0 86.0
28.0 86.0
28.0 85.0
28.0 84.0
28.0 83.0
28.0 82.0
28.0 81.0
28.0 80.0
27.0 80.0
27.0 79.0
27.0 78.0
27.0 77.0
27.0 76.0
27.0 75.0
26.0 75.0
26.0 74.0
26.0 73.0
26.0 72.0
26.0 71.0
26.0 70.0
26.0 69.0
26.0 68.0
26.0 67.0
26.0 66.0
26.0 65.0
26.0 64.0
25.0 64.0
25.0 63.0
25.0 62.0
25.0 61.0
25.0 60.0
25.0 59.0
25.0 58.0
25.0 57.0
25.0 56.0
25.0 55.0
25.0 54.0
25.0 53.0
25.0 52.0
25.0 51.0
25.0 50.0
25.0 49.0
25.0 48.0
25.0 47.0
25.0 46.0
25.0 45.0
25.0 44.0
26.0 44.0
26.0 43.0
26.0 42.0
26.0 41.0
27.0 41.0
27.0 40.0
27.0 39.0
27.0 38.0
28.0 38.0
28.0 37.0
29.0 37.0
29.0 36.0
29.0 35.0
30.0 35.0
30.0 34.0
31.0 34.0
31.0 33.0
32.0 33.0
32.0 32.0
33.0 32.0
33.0 31.0
34.0 31.0
34.0 30.0
35.0 30.0
35.0 29.0
36.0 29.0
37.0 29.0
37.0 28.0
38.0 28.0
38.0 27.0
39.0 27.0
40.0 27.0
41.0 27.0
41.0 26.0
42.0 26.0
43.0 26.0
44.0 26.0
44.0 25.0
