1

588
1710.0 42.0
1722.0 47.0
1722.0 47.0
1717.0 110.0
1717.0 110.0
1724.0 109.0
1724.0 109.0
1744.0 85.0
1744.0 85.0
1761.0 71.0
1761.0 71.0
1768.0 70.0
1768.0 70.0
1773.0 60.0
1773.0 60.0
1776.0 61.0
1776.0 61.0
1778.0 88.0
1778.0 88.0
1760.0 107.0
1760.0 107.0
1752.0 133.0
1752.0 133.0
1753.0 138.0
1753.0 138.0
1800.0 142.0
1800.0 142.0
1812.0 125.0
1812.0 125.0
1812.0 110.0
1812.0 110.0
1819.0 115.0
1819.0 115.0
1817.0 127.0
1817.0 127.0
1803.0 143.0
1803.0 143.0
1766.0 143.0
1766.0 143.0
1767.0 150.0
1767.0 150.0
1774.0 153.0
1774.0 153.0
1798.0 151.0
1798.0 151.0
1800.0 158.0
1800.0 158.0
1796.0 163.0
1796.0 163.0
1770.0 171.0
1770.0 171.0
1760.0 169.0
1760.0 169.0
1749.0 160.0
1749.0 160.0
1726.0 163.0
1726.0 163.0
1704.0 200.0
1704.0 200.0
1705.0 208.0
1705.0 208.0
1709.0 210.0
1709.0 210.0
1724.0 204.0
1724.0 204.0
1734.0 195.0
1734.0 195.0
1747.0 196.0
1747.0 196.0
1753.0 200.0
1753.0 200.0
1749.0 210.0
1749.0 210.0
1774.0 210.0
1774.0 210.0
1782.0 214.0
1782.0 214.0
1787.0 227.0
1787.0 227.0
1782.0 231.0
1782.0 231.0
1757.0 237.0
1757.0 237.0
1751.0 237.0
1751.0 237.0
1746.0 227.0
1746.0 227.0
1731.0 227.0
1731.0 227.0
1727.0 229.0
1727.0 229.0
1731.0 242.0
1731.0 242.0
1726.0 245.0
1726.0 245.0
1709.0 235.0
1709.0 235.0
1702.0 224.0
1702.0 224.0
1698.0 224.0
1698.0 224.0
1693.0 232.0
1693.0 232.0
1688.0 232.0
1688.0 232.0
1680.0 226.0
1680.0 226.0
1679.0 221.0
1679.0 221.0
1675.0 221.0
1675.0 221.0
1622.0 255.0
1622.0 255.0
1598.0 256.0
1598.0 256.0
1611.0 273.0
1611.0 273.0
1624.0 275.0
1624.0 275.0
1625.0 287.0
1625.0 287.0
1611.0 288.0
1611.0 288.0
1600.0 283.0
1600.0 283.0
1585.0 264.0
1585.0 264.0
1581.0 264.0
1581.0 264.0
1575.0 270.0
1575.0 270.0
1575.0 280.0
1575.0 280.0
1582.0 303.0
1582.0 303.0
1575.0 305.0
1575.0 305.0
1567.0 298.0
1567.0 298.0
1558.0 281.0
1558.0 281.0
1556.0 262.0
1556.0 262.0
1561.0 252.0
1561.0 252.0
1579.0 238.0
1579.0 238.0
1583.0 222.0
1583.0 222.0
1578.0 224.0
1578.0 224.0
1565.0 236.0
1565.0 236.0
1541.0 268.0
1541.0 268.0
1538.0 278.0
1538.0 278.0
1529.0 284.0
1529.0 284.0
1512.0 309.0
1512.0 309.0
1499.0 321.0
1499.0 321.0
1488.0 337.0
1488.0 337.0
1462.0 389.0
1462.0 389.0
1454.0 393.0
1454.0 393.0
1447.0 404.0
1447.0 404.0
1448.0 407.0
1448.0 407.0
1466.0 410.0
1466.0 410.0
1473.0 407.0
1473.0 407.0
1477.0 403.0
1477.0 403.0
1472.0 396.0
1472.0 396.0
1473.0 385.0
1473.0 385.0
1495.0 384.0
1495.0 384.0
1492.0 376.0
1492.0 376.0
1507.0 372.0
1507.0 372.0
1503.0 370.0
1503.0 370.0
1503.0 362.0
1503.0 362.0
1523.0 363.0
1523.0 363.0
1543.0 380.0
1543.0 380.0
1548.0 391.0
1548.0 391.0
1546.0 399.0
1546.0 399.0
1534.0 400.0
1534.0 400.0
1526.0 393.0
1526.0 393.0
1512.0 393.0
1512.0 393.0
1511.0 396.0
1511.0 396.0
1565.0 426.0
1565.0 426.0
1576.0 438.0
1576.0 438.0
1577.0 449.0
1577.0 449.0
1567.0 454.0
1567.0 454.0
1556.0 452.0
1556.0 452.0
1528.0 437.0
1528.0 437.0
1513.0 421.0
1513.0 421.0
1508.0 420.0
1508.0 420.0
1507.0 426.0
1507.0 426.0
1523.0 436.0
1523.0 436.0
1536.0 449.0
1536.0 449.0
1556.0 477.0
1556.0 477.0
1579.0 491.0
1579.0 491.0
1583.0 501.0
1583.0 501.0
1568.0 503.0
1568.0 503.0
1536.0 491.0
1536.0 491.0
1495.0 453.0
1495.0 453.0
1482.0 451.0
1482.0 451.0
1477.0 452.0
1477.0 452.0
1476.0 456.0
1476.0 456.0
1544.0 525.0
1544.0 525.0
1557.0 548.0
1557.0 548.0
1556.0 554.0
1556.0 554.0
1544.0 554.0
1544.0 554.0
1527.0 546.0
1527.0 546.0
1515.0 538.0
1515.0 538.0
1486.0 509.0
1486.0 509.0
1463.0 492.0
1463.0 492.0
1452.0 488.0
1452.0 488.0
1440.0 488.0
1440.0 488.0
1435.0 495.0
1435.0 495.0
1469.0 518.0
1469.0 518.0
1481.0 543.0
1481.0 543.0
1480.0 556.0
1480.0 556.0
1475.0 553.0
1475.0 553.0
1445.0 511.0
1445.0 511.0
1429.0 498.0
1429.0 498.0
1417.0 505.0
1417.0 505.0
1408.0 520.0
1408.0 520.0
1398.0 514.0
1398.0 514.0
1369.0 524.0
1369.0 524.0
1343.0 527.0
1343.0 527.0
1325.0 519.0
1325.0 519.0
1338.0 514.0
1338.0 514.0
1347.0 505.0
1347.0 505.0
1344.0 503.0
1344.0 503.0
1334.0 509.0
1334.0 509.0
1329.0 508.0
1329.0 508.0
1322.0 515.0
1322.0 515.0
1317.0 513.0
1317.0 513.0
1291.0 527.0
1291.0 527.0
1263.0 527.0
1263.0 527.0
1251.0 536.0
1251.0 536.0
1206.0 547.0
1206.0 547.0
1191.0 547.0
1191.0 547.0
1134.0 534.0
1134.0 534.0
1123.0 529.0
1123.0 529.0
1116.0 532.0
1116.0 532.0
1116.0 535.0
1116.0 535.0
1106.0 532.0
1106.0 532.0
1102.0 522.0
1102.0 522.0
1116.0 526.0
1116.0 526.0
1118.0 521.0
1118.0 521.0
1122.0 520.0
1122.0 520.0
1196.0 532.0
1196.0 532.0
1230.0 523.0
1230.0 523.0
1246.0 511.0
1246.0 511.0
1276.0 508.0
1276.0 508.0
1289.0 498.0
1289.0 498.0
1284.0 490.0
1284.0 490.0
1265.0 488.0
1265.0 488.0
1232.0 473.0
1232.0 473.0
1215.0 478.0
1215.0 478.0
1210.0 473.0
1210.0 473.0
1211.0 469.0
1211.0 469.0
1234.0 451.0
1234.0 451.0
1213.0 441.0
1213.0 441.0
1208.0 441.0
1208.0 441.0
1193.0 455.0
1193.0 455.0
1172.0 464.0
1172.0 464.0
1167.0 450.0
1167.0 450.0
1185.0 440.0
1185.0 440.0
1206.0 434.0
1206.0 434.0
1193.0 409.0
1193.0 409.0
1180.0 403.0
1180.0 403.0
1162.0 406.0
1162.0 406.0
1153.0 414.0
1153.0 414.0
1152.0 427.0
1152.0 427.0
1144.0 434.0
1144.0 434.0
1139.0 432.0
1139.0 432.0
1140.0 419.0
1140.0 419.0
1145.0 411.0
1145.0 411.0
1161.0 398.0
1161.0 398.0
1200.0 395.0
1200.0 395.0
1185.0 387.0
1185.0 387.0
1172.0 368.0
1172.0 368.0
1164.0 363.0
1164.0 363.0
1137.0 370.0
1137.0 370.0
1130.0 376.0
1130.0 376.0
1116.0 381.0
1116.0 381.0
1116.0 373.0
1116.0 373.0
1132.0 354.0
1132.0 354.0
1156.0 342.0
1156.0 342.0
1179.0 339.0
1179.0 339.0
1193.0 343.0
1193.0 343.0
1221.0 364.0
1221.0 364.0
1235.0 365.0
1235.0 365.0
1246.0 361.0
1246.0 361.0
1268.0 329.0
1268.0 329.0
1284.0 312.0
1284.0 312.0
1314.0 295.0
1314.0 295.0
1309.0 289.0
1309.0 289.0
1300.0 289.0
1300.0 289.0
1285.0 295.0
1285.0 295.0
1258.0 314.0
1258.0 314.0
1247.0 315.0
1247.0 315.0
1260.0 297.0
1260.0 297.0
1284.0 282.0
1284.0 282.0
1284.0 279.0
1284.0 279.0
1279.0 277.0
1279.0 277.0
1280.0 271.0
1280.0 271.0
1271.0 270.0
1271.0 270.0
1267.0 266.0
1267.0 266.0
1257.0 268.0
1257.0 268.0
1266.0 260.0
1266.0 260.0
1285.0 257.0
1285.0 257.0
1301.0 259.0
1301.0 259.0
1358.0 290.0
1358.0 290.0
1374.0 293.0
1374.0 293.0
1386.0 276.0
1386.0 276.0
1406.0 262.0
1406.0 262.0
1406.0 257.0
1406.0 257.0
1396.0 260.0
1396.0 260.0
1377.0 252.0
1377.0 252.0
1366.0 239.0
1366.0 239.0
1364.0 224.0
1364.0 224.0
1367.0 224.0
1367.0 224.0
1371.0 237.0
1371.0 237.0
1383.0 243.0
1383.0 243.0
1391.0 243.0
1391.0 243.0
1412.0 224.0
1412.0 224.0
1418.0 206.0
1418.0 206.0
1431.0 191.0
1431.0 191.0
1442.0 184.0
1442.0 184.0
1450.0 186.0
1450.0 186.0
1461.0 181.0
1461.0 181.0
1459.0 154.0
1459.0 154.0
1464.0 137.0
1464.0 137.0
1461.0 121.0
1461.0 121.0
1466.0 122.0
1466.0 122.0
1472.0 130.0
1472.0 130.0
1473.0 164.0
1473.0 164.0
1477.0 165.0
1477.0 165.0
1481.0 172.0
1481.0 172.0
1512.0 163.0
1512.0 163.0
1525.0 163.0
1525.0 163.0
1535.0 167.0
1535.0 167.0
1538.0 161.0
1538.0 161.0
1517.0 157.0
1517.0 157.0
1510.0 154.0
1510.0 154.0
1510.0 151.0
1510.0 151.0
1534.0 134.0
1534.0 134.0
1551.0 126.0
1551.0 126.0
1549.0 123.0
1549.0 123.0
1536.0 120.0
1536.0 120.0
1584.0 113.0
1584.0 113.0
1597.0 116.0
1597.0 116.0
1602.0 114.0
1602.0 114.0
1598.0 104.0
1598.0 104.0
1597.0 80.0
1597.0 80.0
1575.0 66.0
1575.0 66.0
1560.0 69.0
1560.0 69.0
1552.0 76.0
1552.0 76.0
1558.0 68.0
1558.0 68.0
1579.0 63.0
1579.0 63.0
1602.0 65.0
1602.0 65.0
1612.0 72.0
1612.0 72.0
1618.0 92.0
1618.0 92.0
1630.0 91.0
1630.0 91.0
1643.0 98.0
1643.0 98.0
1661.0 99.0
1661.0 99.0
1667.0 94.0
1667.0 94.0
1645.0 71.0
1645.0 71.0
1657.0 70.0
1657.0 70.0
1671.0 83.0
1671.0 83.0
1675.0 83.0
1675.0 83.0
1685.0 68.0
1685.0 68.0
1696.0 62.0
1696.0 62.0
1703.0 54.0
1703.0 54.0
1710.0 42.0


2

10
1711.0 120.0
1712.0 114.0
1712.0 114.0
1702.0 120.0
1702.0 120.0
1707.0 129.0
1707.0 129.0
1711.0 125.0
1711.0 125.0
1711.0 120.0


3

6
1609.0 126.0
1613.0 128.0
1613.0 128.0
1613.0 125.0
1613.0 125.0
1609.0 126.0


4

4
1705.0 133.0
1707.0 131.0
1707.0 131.0
1705.0 133.0


5

8
1692.0 135.0
1696.0 133.0
1696.0 133.0
1691.0 131.0
1691.0 131.0
1687.0 134.0
1687.0 134.0
1692.0 135.0


6

4
1724.0 141.0
1726.0 137.0
1726.0 137.0
1724.0 141.0


7

34
1705.0 172.0
1705.0 167.0
1705.0 167.0
1699.0 167.0
1699.0 167.0
1657.0 174.0
1657.0 174.0
1649.0 183.0
1649.0 183.0
1645.0 210.0
1645.0 210.0
1636.0 223.0
1636.0 223.0
1611.0 224.0
1611.0 224.0
1601.0 228.0
1601.0 228.0
1597.0 233.0
1597.0 233.0
1640.0 232.0
1640.0 232.0
1669.0 222.0
1669.0 222.0
1678.0 213.0
1678.0 213.0
1678.0 204.0
1678.0 204.0
1671.0 187.0
1671.0 187.0
1689.0 186.0
1689.0 186.0
1700.0 192.0
1700.0 192.0
1705.0 172.0


8

36
1220.0 235.0
1240.0 237.0
1240.0 237.0
1253.0 248.0
1253.0 248.0
1244.0 248.0
1244.0 248.0
1229.0 242.0
1229.0 242.0
1216.0 244.0
1216.0 244.0
1197.0 259.0
1197.0 259.0
1193.0 269.0
1193.0 269.0
1192.0 287.0
1192.0 287.0
1199.0 296.0
1199.0 296.0
1231.0 303.0
1231.0 303.0
1227.0 316.0
1227.0 316.0
1219.0 324.0
1219.0 324.0
1174.0 317.0
1174.0 317.0
1165.0 300.0
1165.0 300.0
1165.0 292.0
1165.0 292.0
1174.0 267.0
1174.0 267.0
1195.0 245.0
1195.0 245.0
1220.0 235.0


9

754
1654.0 258.0
1667.0 260.0
1667.0 260.0
1665.0 274.0
1665.0 274.0
1655.0 287.0
1655.0 287.0
1655.0 291.0
1655.0 291.0
1661.0 295.0
1661.0 295.0
1708.0 310.0
1708.0 310.0
1740.0 304.0
1740.0 304.0
1766.0 292.0
1766.0 292.0
1770.0 296.0
1770.0 296.0
1785.0 298.0
1785.0 298.0
1808.0 311.0
1808.0 311.0
1806.0 319.0
1806.0 319.0
1790.0 311.0
1790.0 311.0
1785.0 312.0
1785.0 312.0
1787.0 316.0
1787.0 316.0
1803.0 325.0
1803.0 325.0
1842.0 331.0
1842.0 331.0
1861.0 337.0
1861.0 337.0
1865.0 336.0
1865.0 336.0
1861.0 323.0
1861.0 323.0
1837.0 310.0
1837.0 310.0
1854.0 309.0
1854.0 309.0
1855.0 301.0
1855.0 301.0
1860.0 298.0
1860.0 298.0
1857.0 282.0
1857.0 282.0
1861.0 274.0
1861.0 274.0
1868.0 267.0
1868.0 267.0
1876.0 266.0
1876.0 266.0
1887.0 276.0
1887.0 276.0
1887.0 283.0
1887.0 283.0
1880.0 286.0
1880.0 286.0
1881.0 291.0
1881.0 291.0
1889.0 290.0
1889.0 290.0
1892.0 284.0
1892.0 284.0
1896.0 287.0
1896.0 287.0
1914.0 285.0
1914.0 285.0
1931.0 295.0
1931.0 295.0
1951.0 336.0
1951.0 336.0
1949.0 355.0
1949.0 355.0
1932.0 356.0
1932.0 356.0
1930.0 359.0
1930.0 359.0
1928.0 391.0
1928.0 391.0
1915.0 393.0
1915.0 393.0
1904.0 399.0
1904.0 399.0
1880.0 398.0
1880.0 398.0
1870.0 391.0
1870.0 391.0
1860.0 389.0
1860.0 389.0
1839.0 367.0
1839.0 367.0
1812.0 365.0
1812.0 365.0
1781.0 349.0
1781.0 349.0
1777.0 350.0
1777.0 350.0
1775.0 355.0
1775.0 355.0
1748.0 369.0
1748.0 369.0
1716.0 379.0
1716.0 379.0
1708.0 473.0
1708.0 473.0
1692.0 584.0
1692.0 584.0
1692.0 597.0
1692.0 597.0
1706.0 627.0
1706.0 627.0
1715.0 663.0
1715.0 663.0
1715.0 711.0
1715.0 711.0
1694.0 777.0
1694.0 777.0
1674.0 802.0
1674.0 802.0
1677.0 816.0
1677.0 816.0
1676.0 844.0
1676.0 844.0
1667.0 855.0
1667.0 855.0
1652.0 886.0
1652.0 886.0
1629.0 901.0
1629.0 901.0
1632.0 911.0
1632.0 911.0
1624.0 913.0
1624.0 913.0
1622.0 917.0
1622.0 917.0
1612.0 908.0
1612.0 908.0
1604.0 908.0
1604.0 908.0
1599.0 902.0
1599.0 902.0
1582.0 894.0
1582.0 894.0
1558.0 895.0
1558.0 895.0
1556.0 899.0
1556.0 899.0
1546.0 898.0
1546.0 898.0
1538.0 901.0
1538.0 901.0
1534.0 891.0
1534.0 891.0
1538.0 890.0
1538.0 890.0
1539.0 875.0
1539.0 875.0
1553.0 870.0
1553.0 870.0
1550.0 862.0
1550.0 862.0
1554.0 861.0
1554.0 861.0
1554.0 855.0
1554.0 855.0
1549.0 848.0
1549.0 848.0
1551.0 839.0
1551.0 839.0
1539.0 831.0
1539.0 831.0
1528.0 816.0
1528.0 816.0
1508.0 831.0
1508.0 831.0
1492.0 832.0
1492.0 832.0
1482.0 829.0
1482.0 829.0
1474.0 832.0
1474.0 832.0
1463.0 839.0
1463.0 839.0
1447.0 858.0
1447.0 858.0
1448.0 865.0
1448.0 865.0
1451.0 866.0
1451.0 866.0
1464.0 856.0
1464.0 856.0
1486.0 847.0
1486.0 847.0
1490.0 839.0
1490.0 839.0
1530.0 838.0
1530.0 838.0
1533.0 841.0
1533.0 841.0
1531.0 859.0
1531.0 859.0
1513.0 872.0
1513.0 872.0
1507.0 888.0
1507.0 888.0
1502.0 890.0
1502.0 890.0
1501.0 894.0
1501.0 894.0
1530.0 911.0
1530.0 911.0
1609.0 930.0
1609.0 930.0
1648.0 947.0
1648.0 947.0
1652.0 952.0
1652.0 952.0
1652.0 956.0
1652.0 956.0
1648.0 958.0
1648.0 958.0
1650.0 967.0
1650.0 967.0
1654.0 972.0
1654.0 972.0
1661.0 973.0
1661.0 973.0
1674.0 986.0
1674.0 986.0
1667.0 991.0
1667.0 991.0
1667.0 995.0
1667.0 995.0
1673.0 1010.0
1673.0 1010.0
1686.0 1023.0
1686.0 1023.0
1687.0 1015.0
1687.0 1015.0
1676.0 988.0
1676.0 988.0
1675.0 975.0
1675.0 975.0
1678.0 965.0
1678.0 965.0
1683.0 966.0
1683.0 966.0
1692.0 976.0
1692.0 976.0
1702.0 979.0
1702.0 979.0
1709.0 990.0
1709.0 990.0
1708.0 1001.0
1708.0 1001.0
1702.0 1004.0
1702.0 1004.0
1702.0 1012.0
1702.0 1012.0
1711.0 1026.0
1711.0 1026.0
1714.0 1037.0
1714.0 1037.0
1712.0 1044.0
1712.0 1044.0
1702.0 1055.0
1702.0 1055.0
1686.0 1055.0
1686.0 1055.0
1681.0 1049.0
1681.0 1049.0
1672.0 1050.0
1672.0 1050.0
1646.0 1087.0
1646.0 1087.0
1641.0 1088.0
1641.0 1088.0
1631.0 1101.0
1631.0 1101.0
1656.0 1091.0
1656.0 1091.0
1673.0 1080.0
1673.0 1080.0
1677.0 1081.0
1677.0 1081.0
1676.0 1096.0
1676.0 1096.0
1651.0 1118.0
1651.0 1118.0
1616.0 1140.0
1616.0 1140.0
1582.0 1170.0
1582.0 1170.0
1573.0 1175.0
1573.0 1175.0
1567.0 1174.0
1567.0 1174.0
1531.0 1213.0
1531.0 1213.0
1514.0 1236.0
1514.0 1236.0
1501.0 1231.0
1501.0 1231.0
1496.0 1223.0
1496.0 1223.0
1486.0 1237.0
1486.0 1237.0
1476.0 1238.0
1476.0 1238.0
1468.0 1232.0
1468.0 1232.0
1455.0 1214.0
1455.0 1214.0
1457.0 1234.0
1457.0 1234.0
1454.0 1235.0
1454.0 1235.0
1453.0 1231.0
1453.0 1231.0
1450.0 1231.0
1450.0 1231.0
1445.0 1235.0
1445.0 1235.0
1433.0 1236.0
1433.0 1236.0
1433.0 1242.0
1433.0 1242.0
1438.0 1245.0
1438.0 1245.0
1440.0 1254.0
1440.0 1254.0
1436.0 1274.0
1436.0 1274.0
1411.0 1285.0
1411.0 1285.0
1372.0 1291.0
1372.0 1291.0
1360.0 1306.0
1360.0 1306.0
1352.0 1310.0
1352.0 1310.0
1342.0 1300.0
1342.0 1300.0
1333.0 1297.0
1333.0 1297.0
1297.0 1330.0
1297.0 1330.0
1238.0 1364.0
1238.0 1364.0
1212.0 1369.0
1212.0 1369.0
1202.0 1365.0
1202.0 1365.0
1196.0 1356.0
1196.0 1356.0
1189.0 1359.0
1189.0 1359.0
1174.0 1356.0
1174.0 1356.0
1095.0 1364.0
1095.0 1364.0
1071.0 1361.0
1071.0 1361.0
1059.0 1343.0
1059.0 1343.0
1059.0 1320.0
1059.0 1320.0
1072.0 1281.0
1072.0 1281.0
1078.0 1270.0
1078.0 1270.0
1084.0 1266.0
1084.0 1266.0
1087.0 1269.0
1087.0 1269.0
1112.0 1268.0
1112.0 1268.0
1124.0 1293.0
1124.0 1293.0
1151.0 1308.0
1151.0 1308.0
1158.0 1317.0
1158.0 1317.0
1163.0 1317.0
1163.0 1317.0
1171.0 1313.0
1171.0 1313.0
1172.0 1302.0
1172.0 1302.0
1181.0 1286.0
1181.0 1286.0
1187.0 1287.0
1187.0 1287.0
1190.0 1293.0
1190.0 1293.0
1198.0 1297.0
1198.0 1297.0
1239.0 1292.0
1239.0 1292.0
1312.0 1250.0
1312.0 1250.0
1313.0 1245.0
1313.0 1245.0
1304.0 1216.0
1304.0 1216.0
1299.0 1212.0
1299.0 1212.0
1301.0 1206.0
1301.0 1206.0
1310.0 1209.0
1310.0 1209.0
1321.0 1238.0
1321.0 1238.0
1325.0 1238.0
1325.0 1238.0
1316.0 1217.0
1316.0 1217.0
1317.0 1205.0
1317.0 1205.0
1327.0 1200.0
1327.0 1200.0
1340.0 1199.0
1340.0 1199.0
1340.0 1196.0
1340.0 1196.0
1330.0 1176.0
1330.0 1176.0
1313.0 1098.0
1313.0 1098.0
1297.0 1065.0
1297.0 1065.0
1282.0 1020.0
1282.0 1020.0
1279.0 1002.0
1279.0 1002.0
1270.0 990.0
1270.0 990.0
1281.0 951.0
1281.0 951.0
1281.0 939.0
1281.0 939.0
1220.0 951.0
1220.0 951.0
1178.0 953.0
1178.0 953.0
1155.0 951.0
1155.0 951.0
1134.0 944.0
1134.0 944.0
1100.0 940.0
1100.0 940.0
1074.0 932.0
1074.0 932.0
1052.0 930.0
1052.0 930.0
998.0 917.0
998.0 917.0
992.0 922.0
992.0 922.0
985.0 923.0
985.0 923.0
980.0 929.0
980.0 929.0
949.0 931.0
949.0 931.0
946.0 934.0
946.0 934.0
935.0 935.0
935.0 935.0
918.0 934.0
918.0 934.0
901.0 946.0
901.0 946.0
890.0 945.0
890.0 945.0
877.0 952.0
877.0 952.0
868.0 943.0
868.0 943.0
863.0 942.0
863.0 942.0
862.0 928.0
862.0 928.0
879.0 898.0
879.0 898.0
901.0 884.0
901.0 884.0
909.0 870.0
909.0 870.0
923.0 856.0
923.0 856.0
923.0 814.0
923.0 814.0
913.0 733.0
913.0 733.0
899.0 720.0
899.0 720.0
855.0 693.0
855.0 693.0
849.0 678.0
849.0 678.0
849.0 652.0
849.0 652.0
854.0 648.0
854.0 648.0
860.0 649.0
860.0 649.0
868.0 663.0
868.0 663.0
902.0 665.0
902.0 665.0
983.0 685.0
983.0 685.0
1003.0 693.0
1003.0 693.0
1021.0 705.0
1021.0 705.0
1013.0 667.0
1013.0 667.0
986.0 656.0
986.0 656.0
959.0 638.0
959.0 638.0
924.0 602.0
924.0 602.0
928.0 591.0
928.0 591.0
937.0 590.0
937.0 590.0
942.0 582.0
942.0 582.0
947.0 581.0
947.0 581.0
986.0 602.0
986.0 602.0
987.0 615.0
987.0 615.0
1040.0 640.0
1040.0 640.0
1088.0 671.0
1088.0 671.0
1104.0 676.0
1104.0 676.0
1117.0 685.0
1117.0 685.0
1123.0 692.0
1123.0 692.0
1132.0 721.0
1132.0 721.0
1133.0 754.0
1133.0 754.0
1140.0 753.0
1140.0 753.0
1142.0 733.0
1142.0 733.0
1148.0 734.0
1148.0 734.0
1149.0 727.0
1149.0 727.0
1156.0 726.0
1156.0 726.0
1154.0 720.0
1154.0 720.0
1172.0 714.0
1172.0 714.0
1175.0 709.0
1175.0 709.0
1187.0 711.0
1187.0 711.0
1225.0 705.0
1225.0 705.0
1232.0 711.0
1232.0 711.0
1239.0 711.0
1239.0 711.0
1269.0 698.0
1269.0 698.0
1274.0 698.0
1274.0 698.0
1276.0 704.0
1276.0 704.0
1250.0 717.0
1250.0 717.0
1246.0 722.0
1246.0 722.0
1252.0 737.0
1252.0 737.0
1261.0 733.0
1261.0 733.0
1258.0 727.0
1258.0 727.0
1260.0 723.0
1260.0 723.0
1271.0 724.0
1271.0 724.0
1274.0 720.0
1274.0 720.0
1297.0 721.0
1297.0 721.0
1302.0 719.0
1302.0 719.0
1308.0 709.0
1308.0 709.0
1326.0 708.0
1326.0 708.0
1344.0 718.0
1344.0 718.0
1364.0 736.0
1364.0 736.0
1390.0 738.0
1390.0 738.0
1386.0 708.0
1386.0 708.0
1376.0 705.0
1376.0 705.0
1372.0 698.0
1372.0 698.0
1368.0 698.0
1368.0 698.0
1366.0 703.0
1366.0 703.0
1356.0 702.0
1356.0 702.0
1347.0 709.0
1347.0 709.0
1338.0 710.0
1338.0 710.0
1322.0 688.0
1322.0 688.0
1316.0 689.0
1316.0 689.0
1314.0 679.0
1314.0 679.0
1309.0 677.0
1309.0 677.0
1299.0 653.0
1299.0 653.0
1338.0 633.0
1338.0 633.0
1352.0 632.0
1352.0 632.0
1386.0 664.0
1386.0 664.0
1398.0 688.0
1398.0 688.0
1424.0 684.0
1424.0 684.0
1426.0 687.0
1426.0 687.0
1446.0 690.0
1446.0 690.0
1442.0 672.0
1442.0 672.0
1436.0 663.0
1436.0 663.0
1440.0 642.0
1440.0 642.0
1446.0 630.0
1446.0 630.0
1441.0 630.0
1441.0 630.0
1432.0 637.0
1432.0 637.0
1423.0 636.0
1423.0 636.0
1416.0 630.0
1416.0 630.0
1416.0 623.0
1416.0 623.0
1421.0 616.0
1421.0 616.0
1453.0 606.0
1453.0 606.0
1464.0 591.0
1464.0 591.0
1474.0 587.0
1474.0 587.0
1490.0 587.0
1490.0 587.0
1526.0 599.0
1526.0 599.0
1543.0 611.0
1543.0 611.0
1545.0 608.0
1545.0 608.0
1555.0 611.0
1555.0 611.0
1546.0 583.0
1546.0 583.0
1547.0 575.0
1547.0 575.0
1550.0 580.0
1550.0 580.0
1555.0 575.0
1555.0 575.0
1566.0 598.0
1566.0 598.0
1571.0 597.0
1571.0 597.0
1578.0 584.0
1578.0 584.0
1570.0 561.0
1570.0 561.0
1572.0 550.0
1572.0 550.0
1583.0 545.0
1583.0 545.0
1590.0 535.0
1590.0 535.0
1611.0 325.0
1611.0 325.0
1623.0 324.0
1623.0 324.0
1626.0 327.0
1626.0 327.0
1636.0 347.0
1636.0 347.0
1642.0 373.0
1642.0 373.0
1642.0 505.0
1642.0 505.0
1653.0 468.0
1653.0 468.0
1668.0 376.0
1668.0 376.0
1657.0 370.0
1657.0 370.0
1641.0 350.0
1641.0 350.0
1639.0 323.0
1639.0 323.0
1635.0 314.0
1635.0 314.0
1639.0 310.0
1639.0 310.0
1647.0 311.0
1647.0 311.0
1648.0 307.0
1648.0 307.0
1643.0 293.0
1643.0 293.0
1633.0 288.0
1633.0 288.0
1630.0 271.0
1630.0 271.0
1634.0 263.0
1634.0 263.0
1654.0 258.0


10

14
1874.0 304.0
1879.0 315.0
1879.0 315.0
1885.0 316.0
1885.0 316.0
1889.0 313.0
1889.0 313.0
1889.0 307.0
1889.0 307.0
1884.0 302.0
1884.0 302.0
1875.0 300.0
1875.0 300.0
1874.0 304.0


11

10
1521.0 344.0
1545.0 346.0
1545.0 346.0
1546.0 349.0
1546.0 349.0
1527.0 353.0
1527.0 353.0
1509.0 349.0
1509.0 349.0
1521.0 344.0


12

260
493.0 394.0
528.0 394.0
528.0 394.0
573.0 409.0
573.0 409.0
625.0 452.0
625.0 452.0
635.0 466.0
635.0 466.0
636.0 475.0
636.0 475.0
631.0 476.0
631.0 476.0
632.0 488.0
632.0 488.0
626.0 501.0
626.0 501.0
606.0 495.0
606.0 495.0
576.0 495.0
576.0 495.0
562.0 502.0
562.0 502.0
547.0 517.0
547.0 517.0
535.0 541.0
535.0 541.0
538.0 573.0
538.0 573.0
534.0 595.0
534.0 595.0
526.0 613.0
526.0 613.0
492.0 658.0
492.0 658.0
466.0 684.0
466.0 684.0
443.0 701.0
443.0 701.0
419.0 715.0
419.0 715.0
401.0 721.0
401.0 721.0
391.0 721.0
391.0 721.0
390.0 716.0
390.0 716.0
369.0 715.0
369.0 715.0
352.0 708.0
352.0 708.0
333.0 705.0
333.0 705.0
310.0 704.0
310.0 704.0
298.0 707.0
298.0 707.0
286.0 720.0
286.0 720.0
280.0 738.0
280.0 738.0
280.0 753.0
280.0 753.0
285.0 775.0
285.0 775.0
295.0 791.0
295.0 791.0
282.0 790.0
282.0 790.0
280.0 787.0
280.0 787.0
272.0 756.0
272.0 756.0
272.0 734.0
272.0 734.0
275.0 721.0
275.0 721.0
284.0 706.0
284.0 706.0
300.0 695.0
300.0 695.0
316.0 691.0
316.0 691.0
346.0 693.0
346.0 693.0
373.0 704.0
373.0 704.0
404.0 701.0
404.0 701.0
425.0 692.0
425.0 692.0
452.0 673.0
452.0 673.0
487.0 637.0
487.0 637.0
514.0 599.0
514.0 599.0
518.0 577.0
518.0 577.0
514.0 550.0
514.0 550.0
520.0 526.0
520.0 526.0
516.0 526.0
516.0 526.0
513.0 538.0
513.0 538.0
491.0 571.0
491.0 571.0
471.0 595.0
471.0 595.0
458.0 605.0
458.0 605.0
448.0 623.0
448.0 623.0
428.0 641.0
428.0 641.0
397.0 656.0
397.0 656.0
366.0 664.0
366.0 664.0
351.0 664.0
351.0 664.0
348.0 660.0
348.0 660.0
332.0 656.0
332.0 656.0
315.0 646.0
315.0 646.0
281.0 658.0
281.0 658.0
254.0 660.0
254.0 660.0
232.0 651.0
232.0 651.0
212.0 628.0
212.0 628.0
208.0 636.0
208.0 636.0
208.0 647.0
208.0 647.0
222.0 667.0
222.0 667.0
232.0 674.0
232.0 674.0
232.0 679.0
232.0 679.0
226.0 683.0
226.0 683.0
263.0 673.0
263.0 673.0
268.0 674.0
268.0 674.0
251.0 695.0
251.0 695.0
241.0 699.0
241.0 699.0
222.0 698.0
222.0 698.0
209.0 687.0
209.0 687.0
205.0 687.0
205.0 687.0
204.0 690.0
204.0 690.0
195.0 687.0
195.0 687.0
187.0 671.0
187.0 671.0
185.0 639.0
185.0 639.0
197.0 592.0
197.0 592.0
178.0 581.0
178.0 581.0
159.0 577.0
159.0 577.0
128.0 580.0
128.0 580.0
115.0 587.0
115.0 587.0
104.0 598.0
104.0 598.0
91.0 626.0
91.0 626.0
87.0 656.0
87.0 656.0
82.0 656.0
82.0 656.0
81.0 646.0
81.0 646.0
91.0 601.0
91.0 601.0
90.0 595.0
90.0 595.0
107.0 566.0
107.0 566.0
132.0 543.0
132.0 543.0
174.0 531.0
174.0 531.0
186.0 532.0
186.0 532.0
187.0 527.0
187.0 527.0
190.0 527.0
190.0 527.0
216.0 536.0
216.0 536.0
231.0 546.0
231.0 546.0
242.0 558.0
242.0 558.0
249.0 556.0
249.0 556.0
246.0 507.0
246.0 507.0
237.0 487.0
237.0 487.0
225.0 481.0
225.0 481.0
215.0 481.0
215.0 481.0
214.0 484.0
214.0 484.0
194.0 489.0
194.0 489.0
171.0 503.0
171.0 503.0
195.0 483.0
195.0 483.0
215.0 476.0
215.0 476.0
237.0 478.0
237.0 478.0
250.0 490.0
250.0 490.0
262.0 522.0
262.0 522.0
276.0 545.0
276.0 545.0
284.0 542.0
284.0 542.0
282.0 529.0
282.0 529.0
290.0 541.0
290.0 541.0
313.0 545.0
313.0 545.0
348.0 509.0
348.0 509.0
379.0 483.0
379.0 483.0
398.0 448.0
398.0 448.0
422.0 422.0
422.0 422.0
457.0 403.0
457.0 403.0
493.0 394.0


13

6
1212.0 399.0
1218.0 401.0
1218.0 401.0
1216.0 397.0
1216.0 397.0
1212.0 399.0


14

16
1279.0 459.0
1296.0 464.0
1296.0 464.0
1302.0 464.0
1302.0 464.0
1307.0 460.0
1307.0 460.0
1306.0 456.0
1306.0 456.0
1290.0 455.0
1290.0 455.0
1287.0 445.0
1287.0 445.0
1282.0 447.0
1282.0 447.0
1279.0 459.0


15

26
650.0 476.0
666.0 487.0
666.0 487.0
692.0 487.0
692.0 487.0
704.0 491.0
704.0 491.0
715.0 501.0
715.0 501.0
711.0 514.0
711.0 514.0
700.0 517.0
700.0 517.0
699.0 522.0
699.0 522.0
689.0 530.0
689.0 530.0
658.0 525.0
658.0 525.0
642.0 505.0
642.0 505.0
638.0 492.0
638.0 492.0
639.0 478.0
639.0 478.0
650.0 476.0


16

14
788.0 486.0
791.0 487.0
791.0 487.0
783.0 493.0
783.0 493.0
743.0 513.0
743.0 513.0
731.0 516.0
731.0 516.0
757.0 496.0
757.0 496.0
777.0 487.0
777.0 487.0
788.0 486.0


17

12
1418.0 523.0
1429.0 527.0
1429.0 527.0
1443.0 543.0
1443.0 543.0
1446.0 553.0
1446.0 553.0
1442.0 557.0
1442.0 557.0
1413.0 533.0
1413.0 533.0
1418.0 523.0


18

280
685.0 595.0
688.0 597.0
688.0 597.0
687.0 624.0
687.0 624.0
680.0 633.0
680.0 633.0
676.0 645.0
676.0 645.0
675.0 688.0
675.0 688.0
688.0 699.0
688.0 699.0
723.0 775.0
723.0 775.0
741.0 804.0
741.0 804.0
809.0 866.0
809.0 866.0
816.0 880.0
816.0 880.0
830.0 934.0
830.0 934.0
832.0 927.0
832.0 927.0
826.0 911.0
826.0 911.0
822.0 878.0
822.0 878.0
824.0 873.0
824.0 873.0
835.0 882.0
835.0 882.0
839.0 899.0
839.0 899.0
848.0 915.0
848.0 915.0
847.0 962.0
847.0 962.0
838.0 1006.0
838.0 1006.0
826.0 1034.0
826.0 1034.0
805.0 1061.0
805.0 1061.0
804.0 1066.0
804.0 1066.0
813.0 1068.0
813.0 1068.0
820.0 1076.0
820.0 1076.0
820.0 1084.0
820.0 1084.0
817.0 1087.0
817.0 1087.0
856.0 1090.0
856.0 1090.0
905.0 1109.0
905.0 1109.0
931.0 1124.0
931.0 1124.0
928.0 1130.0
928.0 1130.0
897.0 1135.0
897.0 1135.0
879.0 1134.0
879.0 1134.0
849.0 1122.0
849.0 1122.0
836.0 1123.0
836.0 1123.0
834.0 1128.0
834.0 1128.0
870.0 1137.0
870.0 1137.0
934.0 1167.0
934.0 1167.0
937.0 1165.0
937.0 1165.0
933.0 1161.0
933.0 1161.0
942.0 1157.0
942.0 1157.0
1011.0 1180.0
1011.0 1180.0
1026.0 1190.0
1026.0 1190.0
1028.0 1210.0
1028.0 1210.0
1036.0 1194.0
1036.0 1194.0
1042.0 1195.0
1042.0 1195.0
1046.0 1192.0
1046.0 1192.0
1051.0 1197.0
1051.0 1197.0
1051.0 1235.0
1051.0 1235.0
1044.0 1235.0
1044.0 1235.0
1036.0 1222.0
1036.0 1222.0
1032.0 1230.0
1032.0 1230.0
1032.0 1250.0
1032.0 1250.0
1041.0 1264.0
1041.0 1264.0
1040.0 1282.0
1040.0 1282.0
1028.0 1291.0
1028.0 1291.0
1012.0 1296.0
1012.0 1296.0
1011.0 1304.0
1011.0 1304.0
1017.0 1310.0
1017.0 1310.0
1018.0 1318.0
1018.0 1318.0
994.0 1337.0
994.0 1337.0
1000.0 1346.0
1000.0 1346.0
1000.0 1351.0
1000.0 1351.0
996.0 1354.0
996.0 1354.0
990.0 1351.0
990.0 1351.0
985.0 1340.0
985.0 1340.0
974.0 1336.0
974.0 1336.0
961.0 1343.0
961.0 1343.0
955.0 1353.0
955.0 1353.0
942.0 1357.0
942.0 1357.0
938.0 1362.0
938.0 1362.0
929.0 1362.0
929.0 1362.0
905.0 1340.0
905.0 1340.0
876.0 1327.0
876.0 1327.0
879.0 1356.0
879.0 1356.0
872.0 1358.0
872.0 1358.0
863.0 1352.0
863.0 1352.0
847.0 1326.0
847.0 1326.0
841.0 1292.0
841.0 1292.0
853.0 1289.0
853.0 1289.0
865.0 1305.0
865.0 1305.0
870.0 1307.0
870.0 1307.0
866.0 1302.0
866.0 1302.0
868.0 1298.0
868.0 1298.0
883.0 1297.0
883.0 1297.0
920.0 1265.0
920.0 1265.0
936.0 1256.0
936.0 1256.0
949.0 1254.0
949.0 1254.0
948.0 1246.0
948.0 1246.0
980.0 1252.0
980.0 1252.0
979.0 1223.0
979.0 1223.0
924.0 1206.0
924.0 1206.0
868.0 1180.0
868.0 1180.0
849.0 1168.0
849.0 1168.0
791.0 1156.0
791.0 1156.0
761.0 1140.0
761.0 1140.0
744.0 1123.0
744.0 1123.0
740.0 1113.0
740.0 1113.0
727.0 1098.0
727.0 1098.0
720.0 1065.0
720.0 1065.0
720.0 1057.0
720.0 1057.0
746.0 1013.0
746.0 1013.0
733.0 1017.0
733.0 1017.0
711.0 1014.0
711.0 1014.0
696.0 1008.0
696.0 1008.0
675.0 990.0
675.0 990.0
677.0 986.0
677.0 986.0
673.0 980.0
673.0 980.0
673.0 958.0
673.0 958.0
677.0 948.0
677.0 948.0
694.0 932.0
694.0 932.0
738.0 910.0
738.0 910.0
751.0 895.0
751.0 895.0
752.0 884.0
752.0 884.0
758.0 879.0
758.0 879.0
773.0 893.0
773.0 893.0
775.0 921.0
775.0 921.0
753.0 980.0
753.0 980.0
753.0 989.0
753.0 989.0
748.0 994.0
748.0 994.0
750.0 1006.0
750.0 1006.0
774.0 955.0
774.0 955.0
781.0 910.0
781.0 910.0
779.0 896.0
779.0 896.0
769.0 880.0
769.0 880.0
756.0 876.0
756.0 876.0
737.0 878.0
737.0 878.0
721.0 874.0
721.0 874.0
681.0 854.0
681.0 854.0
653.0 826.0
653.0 826.0
640.0 800.0
640.0 800.0
636.0 772.0
636.0 772.0
637.0 685.0
637.0 685.0
640.0 667.0
640.0 667.0
654.0 635.0
654.0 635.0
656.0 621.0
656.0 621.0
661.0 615.0
661.0 615.0
661.0 606.0
661.0 606.0
672.0 604.0
672.0 604.0
685.0 595.0


19

10
300.0 597.0
309.0 604.0
309.0 604.0
320.0 603.0
320.0 603.0
309.0 594.0
309.0 594.0
302.0 593.0
302.0 593.0
300.0 597.0


20

6
278.0 600.0
286.0 602.0
286.0 602.0
283.0 598.0
283.0 598.0
278.0 600.0


21

24
432.0 619.0
433.0 617.0
433.0 617.0
398.0 619.0
398.0 619.0
373.0 612.0
373.0 612.0
366.0 619.0
366.0 619.0
344.0 630.0
344.0 630.0
343.0 634.0
343.0 634.0
357.0 644.0
357.0 644.0
362.0 640.0
362.0 640.0
388.0 640.0
388.0 640.0
411.0 634.0
411.0 634.0
426.0 626.0
426.0 626.0
432.0 619.0


22

74
744.0 659.0
755.0 665.0
755.0 665.0
769.0 682.0
769.0 682.0
783.0 689.0
783.0 689.0
784.0 698.0
784.0 698.0
777.0 706.0
777.0 706.0
768.0 707.0
768.0 707.0
756.0 702.0
756.0 702.0
754.0 704.0
754.0 704.0
785.0 747.0
785.0 747.0
822.0 742.0
822.0 742.0
860.0 751.0
860.0 751.0
880.0 775.0
880.0 775.0
897.0 805.0
897.0 805.0
907.0 828.0
907.0 828.0
905.0 862.0
905.0 862.0
881.0 872.0
881.0 872.0
879.0 888.0
879.0 888.0
865.0 909.0
865.0 909.0
856.0 903.0
856.0 903.0
854.0 897.0
854.0 897.0
846.0 896.0
846.0 896.0
846.0 832.0
846.0 832.0
823.0 811.0
823.0 811.0
790.0 803.0
790.0 803.0
755.0 779.0
755.0 779.0
733.0 756.0
733.0 756.0
713.0 720.0
713.0 720.0
708.0 681.0
708.0 681.0
722.0 682.0
722.0 682.0
741.0 691.0
741.0 691.0
733.0 677.0
733.0 677.0
742.0 677.0
742.0 677.0
753.0 683.0
753.0 683.0
747.0 673.0
747.0 673.0
740.0 669.0
740.0 669.0
740.0 663.0
740.0 663.0
744.0 659.0


23

16
1517.0 683.0
1525.0 692.0
1525.0 692.0
1541.0 695.0
1541.0 695.0
1542.0 682.0
1542.0 682.0
1539.0 677.0
1539.0 677.0
1531.0 676.0
1531.0 676.0
1524.0 681.0
1524.0 681.0
1517.0 680.0
1517.0 680.0
1517.0 683.0


24

6
1523.0 703.0
1530.0 705.0
1530.0 705.0
1525.0 698.0
1525.0 698.0
1523.0 703.0


25

48
1472.0 704.0
1481.0 711.0
1481.0 711.0
1492.0 711.0
1492.0 711.0
1512.0 717.0
1512.0 717.0
1521.0 728.0
1521.0 728.0
1525.0 736.0
1525.0 736.0
1526.0 758.0
1526.0 758.0
1520.0 764.0
1520.0 764.0
1514.0 757.0
1514.0 757.0
1511.0 760.0
1511.0 760.0
1520.0 768.0
1520.0 768.0
1522.0 791.0
1522.0 791.0
1529.0 795.0
1529.0 795.0
1535.0 788.0
1535.0 788.0
1542.0 788.0
1542.0 788.0
1557.0 779.0
1557.0 779.0
1558.0 756.0
1558.0 756.0
1553.0 741.0
1553.0 741.0
1523.0 705.0
1523.0 705.0
1514.0 707.0
1514.0 707.0
1510.0 704.0
1510.0 704.0
1504.0 684.0
1504.0 684.0
1498.0 695.0
1498.0 695.0
1476.0 698.0
1476.0 698.0
1472.0 704.0


26

8
1503.0 745.0
1510.0 748.0
1510.0 748.0
1506.0 740.0
1506.0 740.0
1503.0 740.0
1503.0 740.0
1503.0 745.0


27

6
1494.0 754.0
1501.0 756.0
1501.0 756.0
1497.0 750.0
1497.0 750.0
1494.0 754.0


28

20
1462.0 813.0
1462.0 809.0
1462.0 809.0
1457.0 807.0
1457.0 807.0
1443.0 819.0
1443.0 819.0
1424.0 826.0
1424.0 826.0
1417.0 834.0
1417.0 834.0
1409.0 836.0
1409.0 836.0
1415.0 847.0
1415.0 847.0
1410.0 866.0
1410.0 866.0
1435.0 830.0
1435.0 830.0
1462.0 813.0


29

14
1223.0 842.0
1199.0 844.0
1199.0 844.0
1160.0 855.0
1160.0 855.0
1127.0 859.0
1127.0 859.0
1106.0 858.0
1106.0 858.0
1105.0 863.0
1105.0 863.0
1163.0 864.0
1163.0 864.0
1223.0 842.0


30

96
878.0 974.0
884.0 974.0
884.0 974.0
896.0 982.0
896.0 982.0
947.0 996.0
947.0 996.0
952.0 995.0
952.0 995.0
939.0 979.0
939.0 979.0
940.0 975.0
940.0 975.0
991.0 990.0
991.0 990.0
1055.0 999.0
1055.0 999.0
1073.0 1006.0
1073.0 1006.0
1078.0 1024.0
1078.0 1024.0
1099.0 1033.0
1099.0 1033.0
1110.0 1045.0
1110.0 1045.0
1109.0 1070.0
1109.0 1070.0
1121.0 1091.0
1121.0 1091.0
1121.0 1096.0
1121.0 1096.0
1107.0 1104.0
1107.0 1104.0
1100.0 1113.0
1100.0 1113.0
1091.0 1138.0
1091.0 1138.0
1082.0 1148.0
1082.0 1148.0
1084.0 1153.0
1084.0 1153.0
1080.0 1157.0
1080.0 1157.0
1085.0 1160.0
1085.0 1160.0
1085.0 1164.0
1085.0 1164.0
1079.0 1164.0
1079.0 1164.0
1079.0 1171.0
1079.0 1171.0
1069.0 1173.0
1069.0 1173.0
1045.0 1157.0
1045.0 1157.0
1034.0 1144.0
1034.0 1144.0
1018.0 1138.0
1018.0 1138.0
995.0 1123.0
995.0 1123.0
997.0 1117.0
997.0 1117.0
1007.0 1113.0
1007.0 1113.0
1006.0 1102.0
1006.0 1102.0
1013.0 1093.0
1013.0 1093.0
1011.0 1088.0
1011.0 1088.0
1025.0 1075.0
1025.0 1075.0
1045.0 1066.0
1045.0 1066.0
1040.0 1051.0
1040.0 1051.0
1018.0 1050.0
1018.0 1050.0
1011.0 1056.0
1011.0 1056.0
961.0 1062.0
961.0 1062.0
910.0 1052.0
910.0 1052.0
891.0 1044.0
891.0 1044.0
875.0 1043.0
875.0 1043.0
860.0 1031.0
860.0 1031.0
854.0 1008.0
854.0 1008.0
864.0 979.0
864.0 979.0
878.0 974.0


31

6
1623.0 992.0
1630.0 995.0
1630.0 995.0
1625.0 987.0
1625.0 987.0
1623.0 992.0


32

8
1643.0 1017.0
1645.0 1021.0
1645.0 1021.0
1648.0 1020.0
1648.0 1020.0
1644.0 1013.0
1644.0 1013.0
1643.0 1017.0


33

78
1618.0 1028.0
1619.0 1024.0
1619.0 1024.0
1613.0 1014.0
1613.0 1014.0
1604.0 1009.0
1604.0 1009.0
1571.0 1010.0
1571.0 1010.0
1535.0 1006.0
1535.0 1006.0
1447.0 989.0
1447.0 989.0
1423.0 988.0
1423.0 988.0
1412.0 1008.0
1412.0 1008.0
1411.0 1034.0
1411.0 1034.0
1419.0 1069.0
1419.0 1069.0
1415.0 1082.0
1415.0 1082.0
1424.0 1156.0
1424.0 1156.0
1417.0 1158.0
1417.0 1158.0
1415.0 1184.0
1415.0 1184.0
1412.0 1189.0
1412.0 1189.0
1392.0 1196.0
1392.0 1196.0
1371.0 1195.0
1371.0 1195.0
1366.0 1200.0
1366.0 1200.0
1358.0 1200.0
1358.0 1200.0
1360.0 1246.0
1360.0 1246.0
1383.0 1257.0
1383.0 1257.0
1415.0 1247.0
1415.0 1247.0
1422.0 1234.0
1422.0 1234.0
1422.0 1228.0
1422.0 1228.0
1405.0 1211.0
1405.0 1211.0
1401.0 1198.0
1401.0 1198.0
1414.0 1192.0
1414.0 1192.0
1422.0 1192.0
1422.0 1192.0
1431.0 1185.0
1431.0 1185.0
1438.0 1187.0
1438.0 1187.0
1435.0 1177.0
1435.0 1177.0
1427.0 1169.0
1427.0 1169.0
1428.0 1165.0
1428.0 1165.0
1453.0 1149.0
1453.0 1149.0
1539.0 1118.0
1539.0 1118.0
1581.0 1095.0
1581.0 1095.0
1599.0 1079.0
1599.0 1079.0
1610.0 1062.0
1610.0 1062.0
1618.0 1028.0


34

10
791.0 1081.0
796.0 1089.0
796.0 1089.0
813.0 1088.0
813.0 1088.0
795.0 1076.0
795.0 1076.0
791.0 1076.0
791.0 1076.0
791.0 1081.0


35

12
569.0 1177.0
572.0 1178.0
572.0 1178.0
566.0 1189.0
566.0 1189.0
563.0 1185.0
563.0 1185.0
558.0 1185.0
558.0 1185.0
561.0 1180.0
561.0 1180.0
569.0 1177.0


36

2
1527.0 1190.0
1527.0 1190.0


37

10
1526.0 1192.0
1527.0 1190.0
1527.0 1190.0
1523.0 1191.0
1523.0 1191.0
1511.0 1200.0
1511.0 1200.0
1502.0 1217.0
1502.0 1217.0
1526.0 1192.0


38

8
713.0 1221.0
717.0 1224.0
717.0 1224.0
717.0 1232.0
717.0 1232.0
713.0 1230.0
713.0 1230.0
713.0 1221.0


39

16
804.0 1222.0
816.0 1222.0
816.0 1222.0
822.0 1226.0
822.0 1226.0
825.0 1229.0
825.0 1229.0
825.0 1238.0
825.0 1238.0
819.0 1240.0
819.0 1240.0
814.0 1234.0
814.0 1234.0
796.0 1228.0
796.0 1228.0
804.0 1222.0


40

10
1185.0 1233.0
1195.0 1237.0
1195.0 1237.0
1198.0 1243.0
1198.0 1243.0
1196.0 1251.0
1196.0 1251.0
1189.0 1248.0
1189.0 1248.0
1185.0 1233.0


41

4
1018.0 1234.0
1019.0 1231.0
1019.0 1231.0
1018.0 1234.0


42

8
1453.0 1248.0
1464.0 1256.0
1464.0 1256.0
1463.0 1265.0
1463.0 1265.0
1455.0 1264.0
1455.0 1264.0
1453.0 1248.0


43

8
862.0 1256.0
872.0 1257.0
872.0 1257.0
875.0 1268.0
875.0 1268.0
869.0 1269.0
869.0 1269.0
862.0 1256.0


44

8
1478.0 1299.0
1483.0 1303.0
1483.0 1303.0
1482.0 1309.0
1482.0 1309.0
1477.0 1306.0
1477.0 1306.0
1478.0 1299.0


45

8
1449.0 1304.0
1454.0 1308.0
1454.0 1308.0
1452.0 1313.0
1452.0 1313.0
1446.0 1310.0
1446.0 1310.0
1449.0 1304.0


46

8
1183.0 1310.0
1187.0 1311.0
1187.0 1311.0
1187.0 1308.0
1187.0 1308.0
1184.0 1307.0
1184.0 1307.0
1183.0 1310.0


47

6
1112.0 1313.0
1116.0 1318.0
1116.0 1318.0
1116.0 1310.0
1116.0 1310.0
1112.0 1313.0


48

12
1184.0 1321.0
1185.0 1316.0
1185.0 1316.0
1181.0 1315.0
1181.0 1315.0
1176.0 1325.0
1176.0 1325.0
1180.0 1333.0
1180.0 1333.0
1183.0 1333.0
1183.0 1333.0
1184.0 1321.0


49

8
1158.0 1330.0
1162.0 1335.0
1162.0 1335.0
1161.0 1325.0
1161.0 1325.0
1158.0 1326.0
1158.0 1326.0
1158.0 1330.0


50

8
1310.0 1343.0
1316.0 1345.0
1316.0 1345.0
1318.0 1354.0
1318.0 1354.0
1309.0 1351.0
1309.0 1351.0
1310.0 1343.0


51

16
1274.0 1366.0
1283.0 1371.0
1283.0 1371.0
1281.0 1388.0
1281.0 1388.0
1276.0 1392.0
1276.0 1392.0
1258.0 1389.0
1258.0 1389.0
1257.0 1378.0
1257.0 1378.0
1269.0 1372.0
1269.0 1372.0
1269.0 1368.0
1269.0 1368.0
1274.0 1366.0


52

10
1226.0 1375.0
1237.0 1378.0
1237.0 1378.0
1239.0 1383.0
1239.0 1383.0
1227.0 1385.0
1227.0 1385.0
1221.0 1380.0
1221.0 1380.0
1226.0 1375.0


53

8
1404.0 1380.0
1407.0 1382.0
1407.0 1382.0
1407.0 1390.0
1407.0 1390.0
1402.0 1388.0
1402.0 1388.0
1404.0 1380.0


54

20
975.0 1381.0
980.0 1381.0
980.0 1381.0
984.0 1387.0
984.0 1387.0
993.0 1387.0
993.0 1387.0
1004.0 1392.0
1004.0 1392.0
1007.0 1397.0
1007.0 1397.0
1006.0 1409.0
1006.0 1409.0
995.0 1416.0
995.0 1416.0
991.0 1415.0
991.0 1415.0
974.0 1390.0
974.0 1390.0
975.0 1381.0


55

16
922.0 1405.0
946.0 1411.0
946.0 1411.0
949.0 1418.0
949.0 1418.0
947.0 1424.0
947.0 1424.0
944.0 1426.0
944.0 1426.0
939.0 1423.0
939.0 1423.0
936.0 1426.0
936.0 1426.0
930.0 1423.0
930.0 1423.0
922.0 1405.0


56

4
1195.0 1415.0
1196.0 1422.0
1196.0 1422.0
1195.0 1415.0


57

16
951.0 1448.0
960.0 1449.0
960.0 1449.0
968.0 1454.0
968.0 1454.0
969.0 1464.0
969.0 1464.0
954.0 1467.0
954.0 1467.0
944.0 1461.0
944.0 1461.0
940.0 1456.0
940.0 1456.0
948.0 1453.0
948.0 1453.0
951.0 1448.0


58

12
879.0 1468.0
887.0 1472.0
887.0 1472.0
886.0 1484.0
886.0 1484.0
880.0 1483.0
880.0 1483.0
873.0 1474.0
873.0 1474.0
873.0 1471.0
873.0 1471.0
879.0 1468.0


59

12
958.0 1474.0
965.0 1475.0
965.0 1475.0
969.0 1484.0
969.0 1484.0
967.0 1488.0
967.0 1488.0
961.0 1487.0
961.0 1487.0
954.0 1478.0
954.0 1478.0
958.0 1474.0


