1

68
9.0 0.0
16.0 0.0
16.0 0.0
16.0 5.0
16.0 5.0
7.0 10.0
7.0 10.0
8.0 18.0
8.0 18.0
16.0 23.0
16.0 23.0
24.0 23.0
24.0 23.0
27.0 6.0
27.0 6.0
33.0 1.0
33.0 1.0
44.0 0.0
44.0 0.0
49.0 4.0
49.0 4.0
49.0 15.0
49.0 15.0
46.0 20.0
46.0 20.0
38.0 26.0
38.0 26.0
29.0 28.0
29.0 28.0
28.0 31.0
28.0 31.0
28.0 37.0
28.0 37.0
37.0 44.0
37.0 44.0
42.0 44.0
42.0 44.0
45.0 35.0
45.0 35.0
50.0 35.0
50.0 35.0
47.0 49.0
47.0 49.0
33.0 49.0
33.0 49.0
25.0 43.0
25.0 43.0
20.0 50.0
20.0 50.0
8.0 50.0
8.0 50.0
0.0 45.0
0.0 45.0
0.0 36.0
0.0 36.0
3.0 32.0
3.0 32.0
23.0 31.0
23.0 31.0
23.0 28.0
23.0 28.0
11.0 28.0
11.0 28.0
3.0 23.0
3.0 23.0
1.0 6.0
1.0 6.0
9.0 0.0


2

10
43.0 10.0
41.0 6.0
41.0 6.0
35.0 8.0
35.0 8.0
30.0 21.0
30.0 21.0
37.0 19.0
37.0 19.0
43.0 10.0


3

10
18.0 40.0
19.0 38.0
19.0 38.0
15.0 36.0
15.0 36.0
6.0 39.0
6.0 39.0
13.0 45.0
13.0 45.0
18.0 40.0


