1

8
16.0 22.0
976.0 22.0
976.0 22.0
976.0 982.0
976.0 982.0
16.0 982.0
16.0 982.0
16.0 22.0


2

8
45.0 52.0
946.0 52.0
946.0 52.0
946.0 953.0
946.0 953.0
45.0 953.0
45.0 953.0
45.0 52.0


3

44
578.0 66.0
588.0 66.0
588.0 66.0
596.0 71.0
596.0 71.0
597.0 89.0
597.0 89.0
592.0 95.0
592.0 95.0
571.0 95.0
571.0 95.0
563.0 99.0
563.0 99.0
554.0 111.0
554.0 111.0
557.0 123.0
557.0 123.0
568.0 107.0
568.0 107.0
596.0 99.0
596.0 99.0
608.0 89.0
608.0 89.0
608.0 76.0
608.0 76.0
602.0 67.0
602.0 67.0
590.0 62.0
590.0 62.0
570.0 62.0
570.0 62.0
561.0 65.0
561.0 65.0
549.0 79.0
549.0 79.0
535.0 85.0
535.0 85.0
533.0 90.0
533.0 90.0
548.0 90.0
548.0 90.0
567.0 68.0
567.0 68.0
578.0 66.0


4

10
651.0 66.0
656.0 70.0
656.0 70.0
676.0 67.0
676.0 67.0
655.0 62.0
655.0 62.0
651.0 62.0
651.0 62.0
651.0 66.0


5

30
741.0 68.0
774.0 68.0
774.0 68.0
810.0 76.0
810.0 76.0
842.0 90.0
842.0 90.0
869.0 107.0
869.0 107.0
869.0 96.0
869.0 96.0
846.0 81.0
846.0 81.0
817.0 68.0
817.0 68.0
782.0 60.0
782.0 60.0
750.0 59.0
750.0 59.0
707.0 65.0
707.0 65.0
675.0 78.0
675.0 78.0
667.0 86.0
667.0 86.0
673.0 89.0
673.0 89.0
701.0 76.0
701.0 76.0
741.0 68.0


6

20
137.0 69.0
145.0 71.0
145.0 71.0
145.0 78.0
145.0 78.0
136.0 93.0
136.0 93.0
142.0 90.0
142.0 90.0
154.0 75.0
154.0 75.0
154.0 69.0
154.0 69.0
148.0 62.0
148.0 62.0
138.0 62.0
138.0 62.0
133.0 71.0
133.0 71.0
137.0 69.0


7

36
425.0 69.0
425.0 74.0
425.0 74.0
397.0 79.0
397.0 79.0
386.0 77.0
386.0 77.0
383.0 80.0
383.0 80.0
401.0 96.0
401.0 96.0
420.0 97.0
420.0 97.0
416.0 106.0
416.0 106.0
424.0 110.0
424.0 110.0
440.0 110.0
440.0 110.0
448.0 97.0
448.0 97.0
461.0 96.0
461.0 96.0
467.0 102.0
467.0 102.0
470.0 118.0
470.0 118.0
473.0 89.0
473.0 89.0
468.0 77.0
468.0 77.0
450.0 67.0
450.0 67.0
433.0 66.0
433.0 66.0
425.0 69.0


8

10
502.0 69.0
505.0 72.0
505.0 72.0
514.0 72.0
514.0 72.0
516.0 64.0
516.0 64.0
505.0 62.0
505.0 62.0
502.0 69.0


9

96
80.0 70.0
91.0 71.0
91.0 71.0
96.0 75.0
96.0 75.0
100.0 96.0
100.0 96.0
70.0 164.0
70.0 164.0
71.0 181.0
71.0 181.0
78.0 191.0
78.0 191.0
92.0 194.0
92.0 194.0
109.0 187.0
109.0 187.0
135.0 148.0
135.0 148.0
154.0 129.0
154.0 129.0
168.0 125.0
168.0 125.0
174.0 127.0
174.0 127.0
182.0 138.0
182.0 138.0
190.0 134.0
190.0 134.0
190.0 120.0
190.0 120.0
182.0 112.0
182.0 112.0
159.0 110.0
159.0 110.0
151.0 113.0
151.0 113.0
149.0 104.0
149.0 104.0
139.0 105.0
139.0 105.0
129.0 110.0
129.0 110.0
123.0 127.0
123.0 127.0
111.0 141.0
111.0 141.0
105.0 156.0
105.0 156.0
96.0 161.0
96.0 161.0
94.0 155.0
94.0 155.0
97.0 148.0
97.0 148.0
121.0 115.0
121.0 115.0
124.0 103.0
124.0 103.0
123.0 83.0
123.0 83.0
120.0 79.0
120.0 79.0
113.0 84.0
113.0 84.0
103.0 67.0
103.0 67.0
95.0 62.0
95.0 62.0
81.0 60.0
81.0 60.0
67.0 64.0
67.0 64.0
58.0 80.0
58.0 80.0
59.0 97.0
59.0 97.0
70.0 114.0
70.0 114.0
70.0 122.0
70.0 122.0
64.0 127.0
64.0 127.0
66.0 131.0
66.0 131.0
75.0 129.0
75.0 129.0
80.0 118.0
80.0 118.0
79.0 110.0
79.0 110.0
68.0 91.0
68.0 91.0
69.0 77.0
69.0 77.0
80.0 70.0


10

2
319.0 70.0
319.0 70.0


11

352
242.0 71.0
278.0 74.0
278.0 74.0
304.0 83.0
304.0 83.0
336.0 102.0
336.0 102.0
358.0 122.0
358.0 122.0
353.0 108.0
353.0 108.0
359.0 109.0
359.0 109.0
372.0 123.0
372.0 123.0
382.0 140.0
382.0 140.0
386.0 157.0
386.0 157.0
384.0 173.0
384.0 173.0
380.0 182.0
380.0 182.0
360.0 206.0
360.0 206.0
352.0 207.0
352.0 207.0
350.0 202.0
350.0 202.0
373.0 184.0
373.0 184.0
380.0 162.0
380.0 162.0
378.0 148.0
378.0 148.0
375.0 161.0
375.0 161.0
368.0 164.0
368.0 164.0
375.0 139.0
375.0 139.0
364.0 120.0
364.0 120.0
365.0 144.0
365.0 144.0
359.0 161.0
359.0 161.0
349.0 168.0
349.0 168.0
321.0 171.0
321.0 171.0
302.0 179.0
302.0 179.0
297.0 187.0
297.0 187.0
304.0 190.0
304.0 190.0
306.0 195.0
306.0 195.0
286.0 210.0
286.0 210.0
281.0 234.0
281.0 234.0
300.0 233.0
300.0 233.0
324.0 238.0
324.0 238.0
341.0 235.0
341.0 235.0
342.0 243.0
342.0 243.0
339.0 248.0
339.0 248.0
355.0 247.0
355.0 247.0
367.0 241.0
367.0 241.0
376.0 232.0
376.0 232.0
392.0 199.0
392.0 199.0
396.0 197.0
396.0 197.0
400.0 201.0
400.0 201.0
400.0 210.0
400.0 210.0
386.0 253.0
386.0 253.0
396.0 243.0
396.0 243.0
405.0 223.0
405.0 223.0
407.0 232.0
407.0 232.0
400.0 249.0
400.0 249.0
391.0 258.0
391.0 258.0
373.0 267.0
373.0 267.0
355.0 268.0
355.0 268.0
338.0 265.0
338.0 265.0
322.0 258.0
322.0 258.0
304.0 257.0
304.0 257.0
291.0 260.0
291.0 260.0
285.0 265.0
285.0 265.0
286.0 270.0
286.0 270.0
291.0 273.0
291.0 273.0
289.0 276.0
289.0 276.0
247.0 273.0
247.0 273.0
230.0 282.0
230.0 282.0
259.0 316.0
259.0 316.0
277.0 322.0
277.0 322.0
269.0 338.0
269.0 338.0
272.0 345.0
272.0 345.0
312.0 347.0
312.0 347.0
334.0 339.0
334.0 339.0
340.0 339.0
340.0 339.0
340.0 344.0
340.0 344.0
318.0 354.0
318.0 354.0
277.0 362.0
277.0 362.0
245.0 358.0
245.0 358.0
213.0 344.0
213.0 344.0
214.0 348.0
214.0 348.0
233.0 365.0
233.0 365.0
221.0 362.0
221.0 362.0
207.0 348.0
207.0 348.0
201.0 337.0
201.0 337.0
201.0 328.0
201.0 328.0
212.0 293.0
212.0 293.0
211.0 288.0
211.0 288.0
206.0 287.0
206.0 287.0
203.0 281.0
203.0 281.0
212.0 262.0
212.0 262.0
211.0 251.0
211.0 251.0
207.0 255.0
207.0 255.0
205.0 245.0
205.0 245.0
200.0 255.0
200.0 255.0
198.0 243.0
198.0 243.0
203.0 231.0
203.0 231.0
206.0 244.0
206.0 244.0
210.0 241.0
210.0 241.0
211.0 249.0
211.0 249.0
217.0 215.0
217.0 215.0
188.0 221.0
188.0 221.0
168.0 237.0
168.0 237.0
163.0 235.0
163.0 235.0
164.0 226.0
164.0 226.0
156.0 226.0
156.0 226.0
148.0 232.0
148.0 232.0
144.0 242.0
144.0 242.0
143.0 260.0
143.0 260.0
152.0 289.0
152.0 289.0
149.0 295.0
149.0 295.0
140.0 294.0
140.0 294.0
134.0 280.0
134.0 280.0
134.0 256.0
134.0 256.0
138.0 241.0
138.0 241.0
149.0 220.0
149.0 220.0
176.0 189.0
176.0 189.0
167.0 189.0
167.0 189.0
158.0 194.0
158.0 194.0
139.0 220.0
139.0 220.0
136.0 219.0
136.0 219.0
136.0 214.0
136.0 214.0
140.0 207.0
140.0 207.0
127.0 216.0
127.0 216.0
120.0 234.0
120.0 234.0
120.0 262.0
120.0 262.0
126.0 282.0
126.0 282.0
139.0 308.0
139.0 308.0
171.0 341.0
171.0 341.0
167.0 323.0
167.0 323.0
150.0 306.0
150.0 306.0
166.0 318.0
166.0 318.0
168.0 278.0
168.0 278.0
171.0 270.0
171.0 270.0
174.0 267.0
174.0 267.0
178.0 268.0
178.0 268.0
178.0 278.0
178.0 278.0
172.0 294.0
172.0 294.0
173.0 317.0
173.0 317.0
185.0 349.0
185.0 349.0
195.0 358.0
195.0 358.0
187.0 343.0
187.0 343.0
187.0 320.0
187.0 320.0
190.0 322.0
190.0 322.0
197.0 348.0
197.0 348.0
210.0 362.0
210.0 362.0
243.0 373.0
243.0 373.0
280.0 373.0
280.0 373.0
304.0 368.0
304.0 368.0
330.0 357.0
330.0 357.0
363.0 330.0
363.0 330.0
362.0 328.0
362.0 328.0
344.0 335.0
344.0 335.0
357.0 319.0
357.0 319.0
365.0 314.0
365.0 314.0
366.0 326.0
366.0 326.0
373.0 318.0
373.0 318.0
389.0 290.0
389.0 290.0
371.0 303.0
371.0 303.0
355.0 310.0
355.0 310.0
313.0 312.0
313.0 312.0
310.0 307.0
310.0 307.0
315.0 304.0
315.0 304.0
353.0 302.0
353.0 302.0
372.0 294.0
372.0 294.0
390.0 279.0
390.0 279.0
374.0 280.0
374.0 280.0
389.0 265.0
389.0 265.0
393.0 276.0
393.0 276.0
408.0 250.0
408.0 250.0
411.0 230.0
411.0 230.0
410.0 200.0
410.0 200.0
402.0 165.0
402.0 165.0
384.0 130.0
384.0 130.0
357.0 100.0
357.0 100.0
317.0 75.0
317.0 75.0
267.0 63.0
267.0 63.0
225.0 64.0
225.0 64.0
187.0 74.0
187.0 74.0
154.0 92.0
154.0 92.0
160.0 97.0
160.0 97.0
202.0 78.0
202.0 78.0
242.0 71.0


12

2
321.0 71.0
321.0 71.0


13

8
864.0 71.0
865.0 63.0
865.0 63.0
858.0 71.0
858.0 71.0
865.0 83.0
865.0 83.0
864.0 71.0


14

128
917.0 71.0
926.0 72.0
926.0 72.0
930.0 76.0
930.0 76.0
930.0 84.0
930.0 84.0
918.0 99.0
918.0 99.0
916.0 112.0
916.0 112.0
924.0 123.0
924.0 123.0
935.0 126.0
935.0 126.0
928.0 114.0
928.0 114.0
927.0 103.0
927.0 103.0
936.0 83.0
936.0 83.0
936.0 72.0
936.0 72.0
928.0 64.0
928.0 64.0
911.0 63.0
911.0 63.0
902.0 67.0
902.0 67.0
894.0 78.0
894.0 78.0
885.0 79.0
885.0 79.0
879.0 87.0
879.0 87.0
879.0 113.0
879.0 113.0
892.0 125.0
892.0 125.0
892.0 129.0
892.0 129.0
880.0 123.0
880.0 123.0
872.0 123.0
872.0 123.0
872.0 127.0
872.0 127.0
878.0 156.0
878.0 156.0
897.0 170.0
897.0 170.0
886.0 173.0
886.0 173.0
890.0 189.0
890.0 189.0
918.0 213.0
918.0 213.0
930.0 238.0
930.0 238.0
930.0 244.0
930.0 244.0
926.0 245.0
926.0 245.0
915.0 219.0
915.0 219.0
907.0 209.0
907.0 209.0
894.0 203.0
894.0 203.0
881.0 205.0
881.0 205.0
882.0 211.0
882.0 211.0
898.0 223.0
898.0 223.0
883.0 231.0
883.0 231.0
882.0 241.0
882.0 241.0
887.0 247.0
887.0 247.0
898.0 240.0
898.0 240.0
911.0 244.0
911.0 244.0
919.0 253.0
919.0 253.0
926.0 273.0
926.0 273.0
929.0 333.0
929.0 333.0
924.0 367.0
924.0 367.0
918.0 386.0
918.0 386.0
924.0 405.0
924.0 405.0
940.0 329.0
940.0 329.0
938.0 238.0
938.0 238.0
930.0 210.0
930.0 210.0
911.0 191.0
911.0 191.0
912.0 188.0
912.0 188.0
917.0 189.0
917.0 189.0
932.0 207.0
932.0 207.0
920.0 176.0
920.0 176.0
899.0 155.0
899.0 155.0
901.0 153.0
901.0 153.0
918.0 165.0
918.0 165.0
902.0 135.0
902.0 135.0
897.0 116.0
897.0 116.0
900.0 84.0
900.0 84.0
905.0 76.0
905.0 76.0
917.0 71.0


15

4
322.0 72.0
324.0 71.0
324.0 71.0
322.0 72.0


16

4
324.0 73.0
326.0 72.0
326.0 72.0
324.0 73.0


17

34
326.0 74.0
372.0 101.0
372.0 101.0
400.0 137.0
400.0 137.0
419.0 152.0
419.0 152.0
441.0 154.0
441.0 154.0
451.0 151.0
451.0 151.0
454.0 148.0
454.0 148.0
452.0 139.0
452.0 139.0
465.0 125.0
465.0 125.0
466.0 116.0
466.0 116.0
463.0 109.0
463.0 109.0
459.0 119.0
459.0 119.0
446.0 129.0
446.0 129.0
424.0 131.0
424.0 131.0
413.0 128.0
413.0 128.0
402.0 122.0
402.0 122.0
367.0 92.0
367.0 92.0
326.0 74.0


18

14
525.0 77.0
529.0 81.0
529.0 81.0
534.0 81.0
534.0 81.0
539.0 77.0
539.0 77.0
539.0 70.0
539.0 70.0
536.0 67.0
536.0 67.0
527.0 67.0
527.0 67.0
525.0 77.0


19

22
740.0 78.0
742.0 77.0
742.0 77.0
724.0 79.0
724.0 79.0
707.0 86.0
707.0 86.0
700.0 96.0
700.0 96.0
702.0 109.0
702.0 109.0
707.0 113.0
707.0 113.0
720.0 111.0
720.0 111.0
726.0 104.0
726.0 104.0
716.0 100.0
716.0 100.0
717.0 91.0
717.0 91.0
740.0 78.0


20

20
772.0 81.0
810.0 83.0
810.0 83.0
784.0 75.0
784.0 75.0
758.0 77.0
758.0 77.0
747.0 86.0
747.0 86.0
748.0 106.0
748.0 106.0
763.0 108.0
763.0 108.0
758.0 101.0
758.0 101.0
758.0 92.0
758.0 92.0
764.0 84.0
764.0 84.0
772.0 81.0


21

12
483.0 83.0
488.0 87.0
488.0 87.0
495.0 86.0
495.0 86.0
496.0 75.0
496.0 75.0
491.0 72.0
491.0 72.0
484.0 74.0
484.0 74.0
483.0 83.0


22

74
219.0 86.0
252.0 87.0
252.0 87.0
274.0 94.0
274.0 94.0
285.0 104.0
285.0 104.0
290.0 122.0
290.0 122.0
287.0 131.0
287.0 131.0
273.0 133.0
273.0 133.0
267.0 129.0
267.0 129.0
253.0 105.0
253.0 105.0
242.0 98.0
242.0 98.0
226.0 98.0
226.0 98.0
218.0 102.0
218.0 102.0
214.0 110.0
214.0 110.0
216.0 122.0
216.0 122.0
224.0 124.0
224.0 124.0
222.0 114.0
222.0 114.0
225.0 108.0
225.0 108.0
241.0 107.0
241.0 107.0
250.0 116.0
250.0 116.0
256.0 136.0
256.0 136.0
265.0 149.0
265.0 149.0
277.0 154.0
277.0 154.0
296.0 149.0
296.0 149.0
301.0 160.0
301.0 160.0
307.0 155.0
307.0 155.0
312.0 146.0
312.0 146.0
308.0 121.0
308.0 121.0
317.0 121.0
317.0 121.0
316.0 111.0
316.0 111.0
305.0 94.0
305.0 94.0
287.0 84.0
287.0 84.0
248.0 78.0
248.0 78.0
218.0 80.0
218.0 80.0
184.0 90.0
184.0 90.0
164.0 102.0
164.0 102.0
173.0 102.0
173.0 102.0
187.0 95.0
187.0 95.0
219.0 86.0


23

16
642.0 89.0
657.0 100.0
657.0 100.0
658.0 110.0
658.0 110.0
665.0 113.0
665.0 113.0
668.0 102.0
668.0 102.0
664.0 89.0
664.0 89.0
653.0 84.0
653.0 84.0
647.0 84.0
647.0 84.0
642.0 89.0


24

14
506.0 91.0
510.0 94.0
510.0 94.0
520.0 93.0
520.0 93.0
522.0 83.0
522.0 83.0
518.0 79.0
518.0 79.0
509.0 79.0
509.0 79.0
506.0 82.0
506.0 82.0
506.0 91.0


25

2
135.0 94.0
135.0 94.0


26

16
812.0 95.0
808.0 94.0
808.0 94.0
800.0 99.0
800.0 99.0
800.0 108.0
800.0 108.0
805.0 115.0
805.0 115.0
823.0 123.0
823.0 123.0
823.0 118.0
823.0 118.0
808.0 103.0
808.0 103.0
812.0 95.0


27

14
497.0 103.0
501.0 108.0
501.0 108.0
510.0 108.0
510.0 108.0
513.0 105.0
513.0 105.0
511.0 97.0
511.0 97.0
506.0 95.0
506.0 95.0
499.0 96.0
499.0 96.0
497.0 103.0


28

14
535.0 104.0
534.0 98.0
534.0 98.0
527.0 96.0
527.0 96.0
522.0 100.0
522.0 100.0
521.0 107.0
521.0 107.0
526.0 110.0
526.0 110.0
533.0 109.0
533.0 109.0
535.0 104.0


29

10
626.0 106.0
634.0 106.0
634.0 106.0
642.0 111.0
642.0 111.0
638.0 114.0
638.0 114.0
636.0 109.0
636.0 109.0
626.0 106.0


30

84
625.0 114.0
630.0 116.0
630.0 116.0
630.0 123.0
630.0 123.0
622.0 133.0
622.0 133.0
617.0 151.0
617.0 151.0
607.0 168.0
607.0 168.0
606.0 186.0
606.0 186.0
608.0 192.0
608.0 192.0
614.0 188.0
614.0 188.0
620.0 191.0
620.0 191.0
622.0 208.0
622.0 208.0
631.0 217.0
631.0 217.0
655.0 218.0
655.0 218.0
664.0 212.0
664.0 212.0
665.0 205.0
665.0 205.0
653.0 210.0
653.0 210.0
643.0 210.0
643.0 210.0
633.0 202.0
633.0 202.0
630.0 188.0
630.0 188.0
636.0 164.0
636.0 164.0
654.0 126.0
654.0 126.0
654.0 112.0
654.0 112.0
646.0 100.0
646.0 100.0
632.0 96.0
632.0 96.0
620.0 99.0
620.0 99.0
609.0 109.0
609.0 109.0
597.0 129.0
597.0 129.0
581.0 142.0
581.0 142.0
568.0 139.0
568.0 139.0
552.0 125.0
552.0 125.0
554.0 141.0
554.0 141.0
558.0 148.0
558.0 148.0
567.0 154.0
567.0 154.0
584.0 155.0
584.0 155.0
585.0 161.0
585.0 161.0
597.0 159.0
597.0 159.0
609.0 148.0
609.0 148.0
594.0 150.0
594.0 150.0
606.0 137.0
606.0 137.0
608.0 143.0
608.0 143.0
613.0 144.0
613.0 144.0
618.0 120.0
618.0 120.0
625.0 114.0


31

18
505.0 120.0
516.0 137.0
516.0 137.0
812.0 784.0
812.0 784.0
830.0 814.0
830.0 814.0
846.0 828.0
846.0 828.0
819.0 779.0
819.0 779.0
523.0 133.0
523.0 133.0
517.0 122.0
517.0 122.0
506.0 118.0
506.0 118.0
505.0 120.0


32

2
359.0 123.0
359.0 123.0


33

14
833.0 124.0
838.0 132.0
838.0 132.0
842.0 124.0
842.0 124.0
864.0 131.0
864.0 131.0
862.0 122.0
862.0 122.0
845.0 113.0
845.0 113.0
837.0 114.0
837.0 114.0
833.0 124.0


34

78
671.0 140.0
675.0 156.0
675.0 156.0
683.0 169.0
683.0 169.0
667.0 170.0
667.0 170.0
669.0 186.0
669.0 186.0
682.0 206.0
682.0 206.0
699.0 219.0
699.0 219.0
719.0 219.0
719.0 219.0
711.0 214.0
711.0 214.0
711.0 211.0
711.0 211.0
725.0 212.0
725.0 212.0
720.0 207.0
720.0 207.0
718.0 199.0
718.0 199.0
725.0 200.0
725.0 200.0
729.0 206.0
729.0 206.0
733.0 205.0
733.0 205.0
715.0 183.0
715.0 183.0
716.0 176.0
716.0 176.0
721.0 177.0
721.0 177.0
732.0 194.0
732.0 194.0
742.0 199.0
742.0 199.0
745.0 199.0
745.0 199.0
745.0 192.0
745.0 192.0
748.0 191.0
748.0 191.0
752.0 200.0
752.0 200.0
757.0 200.0
757.0 200.0
758.0 193.0
758.0 193.0
762.0 193.0
762.0 193.0
764.0 200.0
764.0 200.0
767.0 200.0
767.0 200.0
777.0 189.0
777.0 189.0
780.0 180.0
780.0 180.0
779.0 158.0
779.0 158.0
747.0 123.0
747.0 123.0
732.0 136.0
732.0 136.0
723.0 130.0
723.0 130.0
699.0 126.0
699.0 126.0
679.0 111.0
679.0 111.0
672.0 126.0
672.0 126.0
671.0 140.0


35

10
635.0 142.0
638.0 144.0
638.0 144.0
636.0 152.0
636.0 152.0
622.0 177.0
622.0 177.0
622.0 168.0
622.0 168.0
635.0 142.0


36

66
194.0 147.0
196.0 150.0
196.0 150.0
193.0 152.0
193.0 152.0
175.0 152.0
175.0 152.0
162.0 162.0
162.0 162.0
201.0 159.0
201.0 159.0
213.0 162.0
213.0 162.0
212.0 168.0
212.0 168.0
194.0 165.0
194.0 165.0
161.0 168.0
161.0 168.0
146.0 179.0
146.0 179.0
154.0 176.0
154.0 176.0
163.0 178.0
163.0 178.0
137.0 191.0
137.0 191.0
133.0 196.0
133.0 196.0
133.0 202.0
133.0 202.0
149.0 190.0
149.0 190.0
170.0 183.0
170.0 183.0
189.0 184.0
189.0 184.0
219.0 198.0
219.0 198.0
230.0 198.0
230.0 198.0
235.0 195.0
235.0 195.0
263.0 207.0
263.0 207.0
272.0 206.0
272.0 206.0
283.0 200.0
283.0 200.0
269.0 183.0
269.0 183.0
263.0 163.0
263.0 163.0
248.0 155.0
248.0 155.0
248.0 150.0
248.0 150.0
253.0 148.0
253.0 148.0
253.0 145.0
253.0 145.0
234.0 140.0
234.0 140.0
217.0 140.0
217.0 140.0
194.0 147.0


37

6
754.0 150.0
771.0 160.0
771.0 160.0
774.0 169.0
774.0 169.0
754.0 150.0


38

10
392.0 160.0
402.0 185.0
402.0 185.0
402.0 192.0
402.0 192.0
399.0 194.0
399.0 194.0
388.0 190.0
388.0 190.0
392.0 160.0


39

14
410.0 165.0
418.0 188.0
418.0 188.0
425.0 194.0
425.0 194.0
434.0 194.0
434.0 194.0
439.0 184.0
439.0 184.0
428.0 184.0
428.0 184.0
411.0 160.0
411.0 160.0
410.0 165.0


40

72
789.0 166.0
791.0 168.0
791.0 168.0
788.0 174.0
788.0 174.0
792.0 178.0
792.0 178.0
787.0 184.0
787.0 184.0
792.0 183.0
792.0 183.0
796.0 188.0
796.0 188.0
786.0 190.0
786.0 190.0
783.0 194.0
783.0 194.0
798.0 192.0
798.0 192.0
799.0 197.0
799.0 197.0
777.0 202.0
777.0 202.0
788.0 206.0
788.0 206.0
818.0 194.0
818.0 194.0
818.0 200.0
818.0 200.0
801.0 209.0
801.0 209.0
788.0 210.0
788.0 210.0
790.0 214.0
790.0 214.0
806.0 212.0
806.0 212.0
805.0 218.0
805.0 218.0
799.0 222.0
799.0 222.0
804.0 221.0
804.0 221.0
807.0 226.0
807.0 226.0
814.0 228.0
814.0 228.0
828.0 226.0
828.0 226.0
845.0 215.0
845.0 215.0
848.0 209.0
848.0 209.0
841.0 204.0
841.0 204.0
841.0 200.0
841.0 200.0
855.0 194.0
855.0 194.0
865.0 176.0
865.0 176.0
864.0 171.0
864.0 171.0
834.0 161.0
834.0 161.0
821.0 162.0
821.0 162.0
819.0 152.0
819.0 152.0
799.0 154.0
799.0 154.0
789.0 166.0


41

8
77.0 170.0
96.0 180.0
96.0 180.0
89.0 184.0
89.0 184.0
83.0 183.0
83.0 183.0
77.0 170.0


42

2
145.0 180.0
145.0 180.0


43

10
241.0 185.0
256.0 187.0
256.0 187.0
263.0 195.0
263.0 195.0
250.0 196.0
250.0 196.0
243.0 191.0
243.0 191.0
241.0 185.0


44

12
65.0 199.0
74.0 207.0
74.0 207.0
90.0 208.0
90.0 208.0
92.0 205.0
92.0 205.0
71.0 195.0
71.0 195.0
67.0 190.0
67.0 190.0
65.0 199.0


45

14
858.0 204.0
861.0 236.0
861.0 236.0
856.0 257.0
856.0 257.0
861.0 267.0
861.0 267.0
868.0 249.0
868.0 249.0
872.0 225.0
872.0 225.0
867.0 193.0
867.0 193.0
858.0 204.0


46

50
601.0 206.0
610.0 251.0
610.0 251.0
619.0 276.0
619.0 276.0
636.0 306.0
636.0 306.0
660.0 330.0
660.0 330.0
693.0 346.0
693.0 346.0
725.0 351.0
725.0 351.0
753.0 349.0
753.0 349.0
785.0 340.0
785.0 340.0
784.0 333.0
784.0 333.0
737.0 342.0
737.0 342.0
720.0 342.0
720.0 342.0
704.0 338.0
704.0 338.0
698.0 331.0
698.0 331.0
713.0 321.0
713.0 321.0
710.0 305.0
710.0 305.0
701.0 318.0
701.0 318.0
691.0 322.0
691.0 322.0
673.0 321.0
673.0 321.0
654.0 312.0
654.0 312.0
640.0 298.0
640.0 298.0
627.0 275.0
627.0 275.0
614.0 233.0
614.0 233.0
609.0 201.0
609.0 201.0
601.0 198.0
601.0 198.0
601.0 206.0


47

2
140.0 207.0
140.0 207.0


48

12
183.0 207.0
186.0 210.0
186.0 210.0
197.0 209.0
197.0 209.0
197.0 198.0
197.0 198.0
186.0 196.0
186.0 196.0
183.0 199.0
183.0 199.0
183.0 207.0


49

8
207.0 207.0
214.0 209.0
214.0 209.0
215.0 205.0
215.0 205.0
209.0 203.0
209.0 203.0
207.0 207.0


50

6
830.0 212.0
831.0 220.0
831.0 220.0
817.0 221.0
817.0 221.0
830.0 212.0


51

10
176.0 214.0
175.0 206.0
175.0 206.0
168.0 207.0
168.0 207.0
168.0 217.0
168.0 217.0
175.0 217.0
175.0 217.0
176.0 214.0


52

14
226.0 217.0
231.0 221.0
231.0 221.0
240.0 221.0
240.0 221.0
244.0 218.0
244.0 218.0
244.0 213.0
244.0 213.0
240.0 209.0
240.0 209.0
229.0 208.0
229.0 208.0
226.0 217.0


53

10
252.0 217.0
255.0 220.0
255.0 220.0
262.0 220.0
262.0 220.0
264.0 214.0
264.0 214.0
255.0 212.0
255.0 212.0
252.0 217.0


54

10
298.0 219.0
311.0 219.0
311.0 219.0
322.0 224.0
322.0 224.0
308.0 225.0
308.0 225.0
297.0 221.0
297.0 221.0
298.0 219.0


55

12
749.0 219.0
765.0 222.0
765.0 222.0
778.0 236.0
778.0 236.0
761.0 231.0
761.0 231.0
736.0 234.0
736.0 234.0
740.0 225.0
740.0 225.0
749.0 219.0


56

20
617.0 221.0
620.0 239.0
620.0 239.0
625.0 249.0
625.0 249.0
635.0 255.0
635.0 255.0
646.0 253.0
646.0 253.0
648.0 241.0
648.0 241.0
639.0 248.0
639.0 248.0
630.0 245.0
630.0 245.0
622.0 233.0
622.0 233.0
618.0 214.0
618.0 214.0
617.0 221.0


57

30
78.0 223.0
79.0 217.0
79.0 217.0
67.0 214.0
67.0 214.0
58.0 280.0
58.0 280.0
61.0 330.0
61.0 330.0
77.0 392.0
77.0 392.0
77.0 406.0
77.0 406.0
65.0 407.0
65.0 407.0
63.0 415.0
63.0 415.0
68.0 412.0
68.0 412.0
82.0 415.0
82.0 415.0
89.0 409.0
89.0 409.0
87.0 385.0
87.0 385.0
72.0 340.0
72.0 340.0
71.0 254.0
71.0 254.0
78.0 223.0


58

8
669.0 228.0
671.0 230.0
671.0 230.0
662.0 243.0
662.0 243.0
662.0 233.0
662.0 233.0
669.0 228.0


59

58
707.0 228.0
709.0 227.0
709.0 227.0
706.0 225.0
706.0 225.0
686.0 219.0
686.0 219.0
670.0 220.0
670.0 220.0
660.0 228.0
660.0 228.0
653.0 254.0
653.0 254.0
655.0 257.0
655.0 257.0
673.0 255.0
673.0 255.0
675.0 259.0
675.0 259.0
662.0 263.0
662.0 263.0
653.0 270.0
653.0 270.0
652.0 290.0
652.0 290.0
691.0 289.0
691.0 289.0
697.0 297.0
697.0 297.0
718.0 277.0
718.0 277.0
723.0 258.0
723.0 258.0
723.0 255.0
723.0 255.0
716.0 257.0
716.0 257.0
719.0 243.0
719.0 243.0
701.0 260.0
701.0 260.0
689.0 262.0
689.0 262.0
691.0 256.0
691.0 256.0
700.0 253.0
700.0 253.0
717.0 238.0
717.0 238.0
716.0 230.0
716.0 230.0
709.0 238.0
709.0 238.0
698.0 240.0
698.0 240.0
700.0 232.0
700.0 232.0
707.0 228.0


60

12
235.0 232.0
231.0 226.0
231.0 226.0
222.0 226.0
222.0 226.0
218.0 229.0
218.0 229.0
218.0 236.0
218.0 236.0
228.0 238.0
228.0 238.0
235.0 232.0


61

16
271.0 235.0
271.0 229.0
271.0 229.0
267.0 225.0
267.0 225.0
259.0 225.0
259.0 225.0
255.0 229.0
255.0 229.0
255.0 237.0
255.0 237.0
259.0 240.0
259.0 240.0
268.0 240.0
268.0 240.0
271.0 235.0


62

18
95.0 237.0
107.0 239.0
107.0 239.0
105.0 228.0
105.0 228.0
101.0 225.0
101.0 225.0
92.0 225.0
92.0 225.0
85.0 230.0
85.0 230.0
81.0 238.0
81.0 238.0
77.0 270.0
77.0 270.0
84.0 246.0
84.0 246.0
95.0 237.0


63

118
726.0 239.0
736.0 262.0
736.0 262.0
775.0 303.0
775.0 303.0
791.0 326.0
791.0 326.0
803.0 359.0
803.0 359.0
802.0 384.0
802.0 384.0
795.0 404.0
795.0 404.0
778.0 424.0
778.0 424.0
760.0 431.0
760.0 431.0
738.0 430.0
738.0 430.0
728.0 425.0
728.0 425.0
721.0 416.0
721.0 416.0
720.0 393.0
720.0 393.0
729.0 381.0
729.0 381.0
751.0 382.0
751.0 382.0
751.0 376.0
751.0 376.0
745.0 372.0
745.0 372.0
732.0 371.0
732.0 371.0
724.0 378.0
724.0 378.0
718.0 367.0
718.0 367.0
709.0 381.0
709.0 381.0
706.0 394.0
706.0 394.0
711.0 414.0
711.0 414.0
698.0 416.0
698.0 416.0
706.0 430.0
706.0 430.0
719.0 443.0
719.0 443.0
731.0 448.0
731.0 448.0
752.0 448.0
752.0 448.0
749.0 457.0
749.0 457.0
751.0 461.0
751.0 461.0
763.0 458.0
763.0 458.0
796.0 434.0
796.0 434.0
808.0 417.0
808.0 417.0
816.0 388.0
816.0 388.0
818.0 354.0
818.0 354.0
809.0 317.0
809.0 317.0
810.0 310.0
810.0 310.0
813.0 310.0
813.0 310.0
820.0 324.0
820.0 324.0
825.0 366.0
825.0 366.0
820.0 399.0
820.0 399.0
809.0 422.0
809.0 422.0
806.0 438.0
806.0 438.0
813.0 441.0
813.0 441.0
818.0 451.0
818.0 451.0
829.0 451.0
829.0 451.0
829.0 445.0
829.0 445.0
822.0 439.0
822.0 439.0
821.0 427.0
821.0 427.0
837.0 383.0
837.0 383.0
840.0 328.0
840.0 328.0
836.0 303.0
836.0 303.0
828.0 279.0
828.0 279.0
805.0 242.0
805.0 242.0
782.0 220.0
782.0 220.0
766.0 211.0
766.0 211.0
750.0 209.0
750.0 209.0
737.0 213.0
737.0 213.0
729.0 222.0
729.0 222.0
726.0 239.0


64

24
826.0 239.0
830.0 242.0
830.0 242.0
832.0 251.0
832.0 251.0
820.0 239.0
820.0 239.0
817.0 241.0
817.0 241.0
834.0 272.0
834.0 272.0
850.0 272.0
850.0 272.0
851.0 266.0
851.0 266.0
842.0 247.0
842.0 247.0
842.0 243.0
842.0 243.0
849.0 238.0
849.0 238.0
839.0 230.0
839.0 230.0
826.0 239.0


65

8
762.0 241.0
787.0 267.0
787.0 267.0
805.0 301.0
805.0 301.0
790.0 285.0
790.0 285.0
762.0 241.0


66

12
292.0 245.0
298.0 248.0
298.0 248.0
305.0 247.0
305.0 247.0
305.0 243.0
305.0 243.0
298.0 240.0
298.0 240.0
293.0 241.0
293.0 241.0
292.0 245.0


67

22
468.0 248.0
483.0 251.0
483.0 251.0
501.0 276.0
501.0 276.0
605.0 508.0
605.0 508.0
606.0 519.0
606.0 519.0
598.0 527.0
598.0 527.0
347.0 527.0
347.0 527.0
337.0 520.0
337.0 520.0
339.0 504.0
339.0 504.0
449.0 272.0
449.0 272.0
458.0 256.0
458.0 256.0
468.0 248.0


68

10
317.0 249.0
319.0 252.0
319.0 252.0
328.0 252.0
328.0 252.0
330.0 246.0
330.0 246.0
320.0 244.0
320.0 244.0
317.0 249.0


69

12
250.0 250.0
251.0 243.0
251.0 243.0
248.0 240.0
248.0 240.0
239.0 241.0
239.0 241.0
238.0 253.0
238.0 253.0
244.0 254.0
244.0 254.0
250.0 250.0


70

10
275.0 253.0
283.0 256.0
283.0 256.0
287.0 253.0
287.0 253.0
287.0 247.0
287.0 247.0
277.0 246.0
277.0 246.0
275.0 253.0


71

8
227.0 254.0
228.0 248.0
228.0 248.0
220.0 247.0
220.0 247.0
219.0 255.0
219.0 255.0
227.0 254.0


72

16
472.0 256.0
465.0 258.0
465.0 258.0
458.0 266.0
458.0 266.0
348.0 496.0
348.0 496.0
342.0 511.0
342.0 511.0
346.0 521.0
346.0 521.0
351.0 521.0
351.0 521.0
353.0 507.0
353.0 507.0
472.0 256.0


73

10
256.0 258.0
259.0 261.0
259.0 261.0
266.0 260.0
266.0 260.0
267.0 250.0
267.0 250.0
258.0 250.0
258.0 250.0
256.0 258.0


74

12
926.0 259.0
931.0 261.0
931.0 261.0
934.0 278.0
934.0 278.0
931.0 277.0
931.0 277.0
932.0 270.0
932.0 270.0
926.0 269.0
926.0 269.0
926.0 259.0


75

10
234.0 267.0
250.0 268.0
250.0 268.0
251.0 264.0
251.0 264.0
247.0 261.0
247.0 261.0
237.0 261.0
237.0 261.0
234.0 267.0


76

2
76.0 272.0
76.0 272.0


77

8
329.0 272.0
353.0 276.0
353.0 276.0
352.0 282.0
352.0 282.0
338.0 282.0
338.0 282.0
329.0 272.0


78

10
227.0 273.0
228.0 266.0
228.0 266.0
225.0 263.0
225.0 263.0
220.0 264.0
220.0 264.0
218.0 274.0
218.0 274.0
227.0 273.0


79

26
725.0 277.0
726.0 287.0
726.0 287.0
720.0 284.0
720.0 284.0
716.0 289.0
716.0 289.0
717.0 300.0
717.0 300.0
725.0 308.0
725.0 308.0
736.0 305.0
736.0 305.0
751.0 316.0
751.0 316.0
755.0 294.0
755.0 294.0
744.0 283.0
744.0 283.0
742.0 291.0
742.0 291.0
739.0 292.0
739.0 292.0
729.0 268.0
729.0 268.0
725.0 277.0


80

8
852.0 283.0
853.0 281.0
853.0 281.0
841.0 285.0
841.0 285.0
842.0 296.0
842.0 296.0
852.0 283.0


81

34
92.0 288.0
99.0 289.0
99.0 289.0
115.0 299.0
115.0 299.0
152.0 343.0
152.0 343.0
164.0 353.0
164.0 353.0
185.0 363.0
185.0 363.0
202.0 367.0
202.0 367.0
161.0 343.0
161.0 343.0
120.0 288.0
120.0 288.0
105.0 274.0
105.0 274.0
90.0 272.0
90.0 272.0
88.0 281.0
88.0 281.0
81.0 283.0
81.0 283.0
76.0 289.0
76.0 289.0
77.0 300.0
77.0 300.0
82.0 302.0
82.0 302.0
84.0 291.0
84.0 291.0
92.0 288.0


82

2
389.0 290.0
389.0 290.0


83

8
258.0 292.0
280.0 310.0
280.0 310.0
262.0 307.0
262.0 307.0
258.0 302.0
258.0 302.0
258.0 292.0


84

12
220.0 300.0
223.0 304.0
223.0 304.0
229.0 304.0
229.0 304.0
232.0 301.0
232.0 301.0
230.0 291.0
230.0 291.0
223.0 290.0
223.0 290.0
220.0 300.0


85

8
471.0 313.0
471.0 308.0
471.0 308.0
468.0 308.0
468.0 308.0
466.0 314.0
466.0 314.0
471.0 313.0


86

12
233.0 314.0
236.0 318.0
236.0 318.0
244.0 318.0
244.0 318.0
246.0 310.0
246.0 310.0
238.0 306.0
238.0 306.0
234.0 308.0
234.0 308.0
233.0 314.0


87

10
215.0 316.0
221.0 320.0
221.0 320.0
225.0 313.0
225.0 313.0
222.0 309.0
222.0 309.0
217.0 309.0
217.0 309.0
215.0 316.0


88

8
479.0 316.0
488.0 318.0
488.0 318.0
489.0 309.0
489.0 309.0
481.0 308.0
481.0 308.0
479.0 316.0


89

38
883.0 322.0
899.0 323.0
899.0 323.0
910.0 331.0
910.0 331.0
915.0 348.0
915.0 348.0
912.0 372.0
912.0 372.0
914.0 375.0
914.0 375.0
920.0 353.0
920.0 353.0
918.0 335.0
918.0 335.0
911.0 322.0
911.0 322.0
901.0 315.0
901.0 315.0
882.0 312.0
882.0 312.0
861.0 319.0
861.0 319.0
854.0 332.0
854.0 332.0
854.0 347.0
854.0 347.0
857.0 353.0
857.0 353.0
867.0 361.0
867.0 361.0
863.0 350.0
863.0 350.0
865.0 335.0
865.0 335.0
872.0 326.0
872.0 326.0
883.0 322.0


90

8
460.0 326.0
467.0 328.0
467.0 328.0
468.0 322.0
468.0 322.0
461.0 321.0
461.0 321.0
460.0 326.0


91

2
364.0 327.0
364.0 327.0


92

8
314.0 330.0
312.0 335.0
312.0 335.0
302.0 341.0
302.0 341.0
284.0 336.0
284.0 336.0
314.0 330.0


93

8
452.0 330.0
452.0 326.0
452.0 326.0
447.0 327.0
447.0 327.0
447.0 331.0
447.0 331.0
452.0 330.0


94

24
478.0 332.0
487.0 335.0
487.0 335.0
492.0 345.0
492.0 345.0
491.0 368.0
491.0 368.0
483.0 389.0
483.0 389.0
487.0 390.0
487.0 390.0
493.0 386.0
493.0 386.0
497.0 377.0
497.0 377.0
498.0 345.0
498.0 345.0
495.0 334.0
495.0 334.0
489.0 327.0
489.0 327.0
479.0 326.0
479.0 326.0
478.0 332.0


95

10
248.0 334.0
254.0 338.0
254.0 338.0
260.0 337.0
260.0 337.0
260.0 325.0
260.0 325.0
250.0 324.0
250.0 324.0
248.0 334.0


96

10
221.0 336.0
222.0 328.0
222.0 328.0
215.0 326.0
215.0 326.0
212.0 337.0
212.0 337.0
218.0 339.0
218.0 339.0
221.0 336.0


97

36
130.0 337.0
129.0 334.0
129.0 334.0
117.0 332.0
117.0 332.0
107.0 340.0
107.0 340.0
101.0 340.0
101.0 340.0
98.0 335.0
98.0 335.0
90.0 340.0
90.0 340.0
87.0 375.0
87.0 375.0
95.0 405.0
95.0 405.0
97.0 377.0
97.0 377.0
104.0 362.0
104.0 362.0
113.0 357.0
113.0 357.0
123.0 357.0
123.0 357.0
132.0 362.0
132.0 362.0
137.0 369.0
137.0 369.0
142.0 366.0
142.0 366.0
143.0 358.0
143.0 358.0
129.0 343.0
129.0 343.0
130.0 337.0


98

8
457.0 337.0
462.0 339.0
462.0 339.0
464.0 336.0
464.0 336.0
458.0 333.0
458.0 333.0
457.0 337.0


99

2
212.0 344.0
212.0 344.0


100

16
230.0 344.0
233.0 347.0
233.0 347.0
241.0 347.0
241.0 347.0
245.0 344.0
245.0 344.0
245.0 337.0
245.0 337.0
241.0 333.0
241.0 333.0
235.0 333.0
235.0 333.0
230.0 337.0
230.0 337.0
230.0 344.0


101

10
468.0 346.0
471.0 350.0
471.0 350.0
475.0 349.0
475.0 349.0
477.0 341.0
477.0 341.0
471.0 339.0
471.0 339.0
468.0 346.0


102

10
251.0 349.0
253.0 352.0
253.0 352.0
261.0 350.0
261.0 350.0
258.0 345.0
258.0 345.0
253.0 345.0
253.0 345.0
251.0 349.0


103

24
456.0 357.0
464.0 357.0
464.0 357.0
469.0 362.0
469.0 362.0
470.0 385.0
470.0 385.0
473.0 384.0
473.0 384.0
478.0 376.0
478.0 376.0
475.0 356.0
475.0 356.0
466.0 350.0
466.0 350.0
449.0 351.0
449.0 351.0
443.0 359.0
443.0 359.0
447.0 371.0
447.0 371.0
449.0 364.0
449.0 364.0
456.0 357.0


104

42
338.0 359.0
278.0 384.0
278.0 384.0
255.0 402.0
255.0 402.0
249.0 414.0
249.0 414.0
249.0 426.0
249.0 426.0
254.0 429.0
254.0 429.0
263.0 446.0
263.0 446.0
278.0 452.0
278.0 452.0
293.0 448.0
293.0 448.0
302.0 427.0
302.0 427.0
308.0 422.0
308.0 422.0
313.0 422.0
313.0 422.0
313.0 419.0
313.0 419.0
306.0 417.0
306.0 417.0
300.0 420.0
300.0 420.0
290.0 434.0
290.0 434.0
277.0 434.0
277.0 434.0
271.0 430.0
271.0 430.0
268.0 423.0
268.0 423.0
270.0 408.0
270.0 408.0
285.0 392.0
285.0 392.0
338.0 359.0


105

18
519.0 364.0
528.0 367.0
528.0 367.0
528.0 373.0
528.0 373.0
523.0 379.0
523.0 379.0
529.0 377.0
529.0 377.0
532.0 365.0
532.0 365.0
525.0 357.0
525.0 357.0
513.0 359.0
513.0 359.0
504.0 374.0
504.0 374.0
519.0 364.0


106

4
202.0 368.0
204.0 367.0
204.0 367.0
202.0 368.0


107

66
427.0 378.0
433.0 386.0
433.0 386.0
435.0 398.0
435.0 398.0
425.0 428.0
425.0 428.0
424.0 443.0
424.0 443.0
429.0 458.0
429.0 458.0
437.0 468.0
437.0 468.0
461.0 480.0
461.0 480.0
494.0 478.0
494.0 478.0
511.0 469.0
511.0 469.0
522.0 453.0
522.0 453.0
528.0 412.0
528.0 412.0
541.0 395.0
541.0 395.0
524.0 392.0
524.0 392.0
516.0 399.0
516.0 399.0
508.0 413.0
508.0 413.0
505.0 413.0
505.0 413.0
499.0 399.0
499.0 399.0
488.0 400.0
488.0 400.0
481.0 409.0
481.0 409.0
479.0 419.0
479.0 419.0
482.0 457.0
482.0 457.0
478.0 462.0
478.0 462.0
470.0 462.0
470.0 462.0
466.0 458.0
466.0 458.0
466.0 452.0
466.0 452.0
473.0 430.0
473.0 430.0
468.0 426.0
468.0 426.0
468.0 422.0
468.0 422.0
476.0 406.0
476.0 406.0
475.0 396.0
475.0 396.0
451.0 399.0
451.0 399.0
440.0 378.0
440.0 378.0
427.0 378.0


108

56
884.0 380.0
885.0 384.0
885.0 384.0
865.0 383.0
865.0 383.0
857.0 386.0
857.0 386.0
844.0 401.0
844.0 401.0
843.0 411.0
843.0 411.0
848.0 418.0
848.0 418.0
852.0 406.0
852.0 406.0
858.0 402.0
858.0 402.0
870.0 401.0
870.0 401.0
882.0 405.0
882.0 405.0
891.0 419.0
891.0 419.0
892.0 440.0
892.0 440.0
885.0 466.0
885.0 466.0
875.0 485.0
875.0 485.0
854.0 514.0
854.0 514.0
821.0 547.0
821.0 547.0
823.0 553.0
823.0 553.0
843.0 538.0
843.0 538.0
876.0 504.0
876.0 504.0
896.0 476.0
896.0 476.0
909.0 448.0
909.0 448.0
914.0 427.0
914.0 427.0
915.0 403.0
915.0 403.0
912.0 389.0
912.0 389.0
902.0 375.0
902.0 375.0
896.0 357.0
896.0 357.0
890.0 361.0
890.0 361.0
884.0 380.0


109

2
262.0 382.0
262.0 382.0


110

18
260.0 383.0
262.0 382.0
262.0 382.0
227.0 390.0
227.0 390.0
198.0 401.0
198.0 401.0
185.0 411.0
185.0 411.0
183.0 419.0
183.0 419.0
191.0 419.0
191.0 419.0
202.0 406.0
202.0 406.0
211.0 401.0
211.0 401.0
260.0 383.0


111

46
112.0 413.0
126.0 415.0
126.0 415.0
133.0 424.0
133.0 424.0
133.0 442.0
133.0 442.0
128.0 466.0
128.0 466.0
132.0 465.0
132.0 465.0
138.0 449.0
138.0 449.0
139.0 423.0
139.0 423.0
135.0 415.0
135.0 415.0
125.0 409.0
125.0 409.0
101.0 411.0
101.0 411.0
89.0 418.0
89.0 418.0
75.0 434.0
75.0 434.0
63.0 461.0
63.0 461.0
59.0 484.0
59.0 484.0
63.0 522.0
63.0 522.0
75.0 546.0
75.0 546.0
81.0 542.0
81.0 542.0
68.0 522.0
68.0 522.0
63.0 502.0
63.0 502.0
66.0 464.0
66.0 464.0
82.0 431.0
82.0 431.0
95.0 419.0
95.0 419.0
112.0 413.0


112

14
175.0 413.0
174.0 406.0
174.0 406.0
163.0 405.0
163.0 405.0
157.0 410.0
157.0 410.0
156.0 416.0
156.0 416.0
159.0 420.0
159.0 420.0
170.0 420.0
170.0 420.0
175.0 413.0


113

8
147.0 430.0
154.0 431.0
154.0 431.0
155.0 424.0
155.0 424.0
149.0 423.0
149.0 423.0
147.0 430.0


114

12
440.0 430.0
443.0 449.0
443.0 449.0
459.0 466.0
459.0 466.0
446.0 464.0
446.0 464.0
438.0 457.0
438.0 457.0
435.0 440.0
435.0 440.0
440.0 430.0


115

22
554.0 430.0
554.0 426.0
554.0 426.0
540.0 429.0
540.0 429.0
534.0 436.0
534.0 436.0
529.0 454.0
529.0 454.0
534.0 455.0
534.0 455.0
539.0 449.0
539.0 449.0
540.0 456.0
540.0 456.0
551.0 453.0
551.0 453.0
552.0 446.0
552.0 446.0
548.0 439.0
548.0 439.0
554.0 430.0


116

18
93.0 435.0
123.0 486.0
123.0 486.0
151.0 522.0
151.0 522.0
205.0 573.0
205.0 573.0
213.0 571.0
213.0 571.0
146.0 498.0
146.0 498.0
116.0 456.0
116.0 456.0
102.0 431.0
102.0 431.0
99.0 429.0
99.0 429.0
93.0 435.0


117

10
200.0 436.0
198.0 426.0
198.0 426.0
189.0 427.0
189.0 427.0
190.0 440.0
190.0 440.0
196.0 441.0
196.0 441.0
200.0 436.0


118

12
504.0 436.0
514.0 442.0
514.0 442.0
511.0 461.0
511.0 461.0
501.0 470.0
501.0 470.0
486.0 470.0
486.0 470.0
497.0 455.0
497.0 455.0
504.0 436.0


119

12
400.0 439.0
409.0 448.0
409.0 448.0
411.0 445.0
411.0 445.0
417.0 447.0
417.0 447.0
415.0 428.0
415.0 428.0
410.0 416.0
410.0 416.0
400.0 439.0


120

12
160.0 440.0
164.0 445.0
164.0 445.0
176.0 444.0
176.0 444.0
179.0 440.0
179.0 440.0
177.0 427.0
177.0 427.0
163.0 427.0
163.0 427.0
160.0 440.0


121

24
938.0 443.0
939.0 438.0
939.0 438.0
931.0 432.0
931.0 432.0
919.0 439.0
919.0 439.0
900.0 479.0
900.0 479.0
882.0 505.0
882.0 505.0
850.0 539.0
850.0 539.0
827.0 557.0
827.0 557.0
850.0 547.0
850.0 547.0
874.0 527.0
874.0 527.0
901.0 491.0
901.0 491.0
920.0 457.0
920.0 457.0
938.0 443.0


122

10
799.0 446.0
799.0 443.0
799.0 443.0
795.0 442.0
795.0 442.0
792.0 447.0
792.0 447.0
798.0 449.0
798.0 449.0
799.0 446.0


123

8
153.0 447.0
153.0 441.0
153.0 441.0
147.0 440.0
147.0 440.0
146.0 448.0
146.0 448.0
153.0 447.0


124

10
187.0 452.0
187.0 447.0
187.0 447.0
179.0 451.0
179.0 451.0
181.0 456.0
181.0 456.0
186.0 456.0
186.0 456.0
187.0 452.0


125

8
201.0 454.0
198.0 448.0
198.0 448.0
194.0 456.0
194.0 456.0
198.0 458.0
198.0 458.0
201.0 454.0


126

10
809.0 455.0
810.0 453.0
810.0 453.0
804.0 455.0
804.0 455.0
802.0 460.0
802.0 460.0
806.0 461.0
806.0 461.0
809.0 455.0


127

30
387.0 457.0
393.0 462.0
393.0 462.0
395.0 472.0
395.0 472.0
401.0 476.0
401.0 476.0
394.0 482.0
394.0 482.0
398.0 493.0
398.0 493.0
422.0 494.0
422.0 494.0
436.0 486.0
436.0 486.0
438.0 479.0
438.0 479.0
430.0 480.0
430.0 480.0
430.0 474.0
430.0 474.0
417.0 471.0
417.0 471.0
425.0 466.0
425.0 466.0
420.0 461.0
420.0 461.0
395.0 453.0
395.0 453.0
387.0 457.0


128

6
783.0 457.0
792.0 458.0
792.0 458.0
786.0 455.0
786.0 455.0
783.0 457.0


129

12
158.0 462.0
167.0 465.0
167.0 465.0
172.0 462.0
172.0 462.0
172.0 458.0
172.0 458.0
169.0 454.0
169.0 454.0
159.0 453.0
159.0 453.0
158.0 462.0


130

22
565.0 462.0
524.0 462.0
524.0 462.0
525.0 469.0
525.0 469.0
517.0 472.0
517.0 472.0
520.0 479.0
520.0 479.0
511.0 479.0
511.0 479.0
507.0 484.0
507.0 484.0
518.0 497.0
518.0 497.0
539.0 496.0
539.0 496.0
545.0 491.0
545.0 491.0
539.0 484.0
539.0 484.0
565.0 462.0


131

6
181.0 465.0
186.0 468.0
186.0 468.0
188.0 463.0
188.0 463.0
181.0 465.0


132

64
707.0 465.0
719.0 466.0
719.0 466.0
726.0 474.0
726.0 474.0
720.0 509.0
720.0 509.0
723.0 524.0
723.0 524.0
731.0 533.0
731.0 533.0
752.0 535.0
752.0 535.0
760.0 532.0
760.0 532.0
768.0 524.0
768.0 524.0
776.0 522.0
776.0 522.0
780.0 506.0
780.0 506.0
774.0 498.0
774.0 498.0
772.0 484.0
772.0 484.0
778.0 474.0
778.0 474.0
789.0 469.0
789.0 469.0
771.0 469.0
771.0 469.0
763.0 484.0
763.0 484.0
760.0 483.0
760.0 483.0
761.0 476.0
761.0 476.0
755.0 477.0
755.0 477.0
753.0 492.0
753.0 492.0
761.0 509.0
761.0 509.0
761.0 518.0
761.0 518.0
754.0 526.0
754.0 526.0
739.0 527.0
739.0 527.0
729.0 516.0
729.0 516.0
729.0 503.0
729.0 503.0
737.0 481.0
737.0 481.0
736.0 471.0
736.0 471.0
720.0 459.0
720.0 459.0
712.0 459.0
712.0 459.0
702.0 467.0
702.0 467.0
707.0 465.0


133

10
465.0 468.0
482.0 470.0
482.0 470.0
474.0 473.0
474.0 473.0
463.0 473.0
463.0 473.0
459.0 470.0
459.0 470.0
465.0 468.0


134

2
701.0 468.0
701.0 468.0


135

10
151.0 469.0
151.0 462.0
151.0 462.0
143.0 459.0
143.0 459.0
142.0 472.0
142.0 472.0
149.0 474.0
149.0 474.0
151.0 469.0


136

148
236.0 472.0
239.0 472.0
239.0 472.0
237.0 477.0
237.0 477.0
241.0 480.0
241.0 480.0
229.0 486.0
229.0 486.0
228.0 491.0
228.0 491.0
237.0 489.0
237.0 489.0
257.0 504.0
257.0 504.0
264.0 504.0
264.0 504.0
273.0 499.0
273.0 499.0
268.0 489.0
268.0 489.0
275.0 486.0
275.0 486.0
281.0 478.0
281.0 478.0
279.0 464.0
279.0 464.0
268.0 468.0
268.0 468.0
230.0 466.0
230.0 466.0
221.0 470.0
221.0 470.0
213.0 479.0
213.0 479.0
208.0 508.0
208.0 508.0
193.0 506.0
193.0 506.0
190.0 510.0
190.0 510.0
199.0 544.0
199.0 544.0
205.0 554.0
205.0 554.0
218.0 566.0
218.0 566.0
248.0 577.0
248.0 577.0
252.0 582.0
252.0 582.0
252.0 590.0
252.0 590.0
244.0 593.0
244.0 593.0
227.0 581.0
227.0 581.0
200.0 590.0
200.0 590.0
211.0 602.0
211.0 602.0
211.0 606.0
211.0 606.0
198.0 614.0
198.0 614.0
181.0 639.0
181.0 639.0
205.0 647.0
205.0 647.0
217.0 647.0
217.0 647.0
235.0 641.0
235.0 641.0
238.0 644.0
238.0 644.0
237.0 652.0
237.0 652.0
249.0 653.0
249.0 653.0
304.0 626.0
304.0 626.0
321.0 625.0
321.0 625.0
319.0 633.0
319.0 633.0
292.0 641.0
292.0 641.0
273.0 651.0
273.0 651.0
261.0 668.0
261.0 668.0
259.0 681.0
259.0 681.0
267.0 682.0
267.0 682.0
271.0 704.0
271.0 704.0
278.0 713.0
278.0 713.0
293.0 717.0
293.0 717.0
307.0 709.0
307.0 709.0
297.0 704.0
297.0 704.0
290.0 694.0
290.0 694.0
292.0 674.0
292.0 674.0
302.0 662.0
302.0 662.0
316.0 656.0
316.0 656.0
338.0 653.0
338.0 653.0
374.0 657.0
374.0 657.0
405.0 671.0
405.0 671.0
434.0 695.0
434.0 695.0
459.0 729.0
459.0 729.0
476.0 769.0
476.0 769.0
485.0 753.0
485.0 753.0
471.0 717.0
471.0 717.0
450.0 680.0
450.0 680.0
423.0 650.0
423.0 650.0
385.0 624.0
385.0 624.0
282.0 569.0
282.0 569.0
254.0 549.0
254.0 549.0
234.0 530.0
234.0 530.0
223.0 512.0
223.0 512.0
221.0 497.0
221.0 497.0
226.0 482.0
226.0 482.0
236.0 472.0


137

10
169.0 474.0
170.0 472.0
170.0 472.0
159.0 472.0
159.0 472.0
161.0 478.0
161.0 478.0
166.0 478.0
166.0 478.0
169.0 474.0


138

38
789.0 476.0
802.0 490.0
802.0 490.0
801.0 514.0
801.0 514.0
795.0 525.0
795.0 525.0
781.0 539.0
781.0 539.0
756.0 553.0
756.0 553.0
729.0 562.0
729.0 562.0
739.0 582.0
739.0 582.0
793.0 577.0
793.0 577.0
804.0 572.0
804.0 572.0
816.0 558.0
816.0 558.0
806.0 556.0
806.0 556.0
805.0 552.0
805.0 552.0
821.0 539.0
821.0 539.0
830.0 521.0
830.0 521.0
816.0 520.0
816.0 520.0
819.0 495.0
819.0 495.0
815.0 483.0
815.0 483.0
804.0 475.0
804.0 475.0
789.0 476.0


139

8
918.0 482.0
924.0 485.0
924.0 485.0
925.0 477.0
925.0 477.0
920.0 476.0
920.0 476.0
918.0 482.0


140

22
178.0 491.0
180.0 490.0
180.0 490.0
171.0 489.0
171.0 489.0
166.0 492.0
166.0 492.0
164.0 507.0
164.0 507.0
174.0 524.0
174.0 524.0
188.0 536.0
188.0 536.0
188.0 532.0
188.0 532.0
176.0 519.0
176.0 519.0
170.0 507.0
170.0 507.0
170.0 498.0
170.0 498.0
178.0 491.0


141

28
101.0 496.0
116.0 501.0
116.0 501.0
154.0 542.0
154.0 542.0
179.0 565.0
179.0 565.0
187.0 568.0
187.0 568.0
150.0 532.0
150.0 532.0
125.0 500.0
125.0 500.0
111.0 489.0
111.0 489.0
99.0 484.0
99.0 484.0
88.0 485.0
88.0 485.0
83.0 491.0
83.0 491.0
82.0 503.0
82.0 503.0
89.0 511.0
89.0 511.0
92.0 501.0
92.0 501.0
101.0 496.0


142

44
476.0 496.0
478.0 500.0
478.0 500.0
475.0 502.0
475.0 502.0
469.0 489.0
469.0 489.0
462.0 488.0
462.0 488.0
462.0 491.0
462.0 491.0
458.0 492.0
458.0 492.0
451.0 483.0
451.0 483.0
446.0 483.0
446.0 483.0
439.0 490.0
439.0 490.0
438.0 500.0
438.0 500.0
444.0 511.0
444.0 511.0
456.0 510.0
456.0 510.0
471.0 519.0
471.0 519.0
485.0 517.0
485.0 517.0
491.0 505.0
491.0 505.0
502.0 505.0
502.0 505.0
504.0 500.0
504.0 500.0
502.0 490.0
502.0 490.0
493.0 485.0
493.0 485.0
489.0 491.0
489.0 491.0
478.0 487.0
478.0 487.0
476.0 496.0


143

10
926.0 498.0
934.0 499.0
934.0 499.0
935.0 492.0
935.0 492.0
932.0 489.0
932.0 489.0
927.0 490.0
927.0 490.0
926.0 498.0


144

12
920.0 502.0
920.0 495.0
920.0 495.0
909.0 496.0
909.0 496.0
909.0 504.0
909.0 504.0
912.0 507.0
912.0 507.0
918.0 506.0
918.0 506.0
920.0 502.0


145

16
111.0 510.0
103.0 510.0
103.0 510.0
80.0 569.0
80.0 569.0
74.0 595.0
74.0 595.0
74.0 631.0
74.0 631.0
80.0 631.0
80.0 631.0
80.0 602.0
80.0 602.0
87.0 568.0
87.0 568.0
111.0 510.0


146

8
926.0 514.0
936.0 514.0
936.0 514.0
936.0 508.0
936.0 508.0
928.0 507.0
928.0 507.0
926.0 514.0


147

12
919.0 522.0
916.0 514.0
916.0 514.0
909.0 514.0
909.0 514.0
905.0 519.0
905.0 519.0
909.0 526.0
909.0 526.0
916.0 526.0
916.0 526.0
919.0 522.0


148

8
923.0 533.0
933.0 535.0
933.0 535.0
935.0 526.0
935.0 526.0
926.0 524.0
926.0 524.0
923.0 533.0


149

14
917.0 549.0
917.0 537.0
917.0 537.0
912.0 534.0
912.0 534.0
906.0 535.0
906.0 535.0
902.0 540.0
902.0 540.0
903.0 552.0
903.0 552.0
910.0 554.0
910.0 554.0
917.0 549.0


150

40
882.0 551.0
881.0 561.0
881.0 561.0
873.0 567.0
873.0 567.0
864.0 568.0
864.0 568.0
861.0 576.0
861.0 576.0
819.0 573.0
819.0 573.0
814.0 577.0
814.0 577.0
861.0 586.0
861.0 586.0
863.0 598.0
863.0 598.0
879.0 606.0
879.0 606.0
885.0 616.0
885.0 616.0
888.0 602.0
888.0 602.0
882.0 595.0
882.0 595.0
873.0 591.0
873.0 591.0
870.0 584.0
870.0 584.0
872.0 579.0
872.0 579.0
887.0 577.0
887.0 577.0
891.0 572.0
891.0 572.0
892.0 559.0
892.0 559.0
883.0 547.0
883.0 547.0
882.0 551.0


151

72
274.0 555.0
303.0 571.0
303.0 571.0
326.0 562.0
326.0 562.0
620.0 564.0
620.0 564.0
637.0 578.0
637.0 578.0
685.0 685.0
685.0 685.0
738.0 681.0
738.0 681.0
742.0 688.0
742.0 688.0
742.0 699.0
742.0 699.0
735.0 717.0
735.0 717.0
744.0 731.0
744.0 731.0
745.0 751.0
745.0 751.0
738.0 766.0
738.0 766.0
728.0 778.0
728.0 778.0
737.0 805.0
737.0 805.0
737.0 832.0
737.0 832.0
731.0 840.0
731.0 840.0
717.0 848.0
717.0 848.0
672.0 858.0
672.0 858.0
667.0 861.0
667.0 861.0
667.0 866.0
667.0 866.0
724.0 869.0
724.0 869.0
795.0 864.0
795.0 864.0
920.0 869.0
920.0 869.0
926.0 865.0
926.0 865.0
922.0 859.0
922.0 859.0
914.0 856.0
914.0 856.0
874.0 850.0
874.0 850.0
850.0 840.0
850.0 840.0
826.0 819.0
826.0 819.0
812.0 799.0
812.0 799.0
511.0 140.0
511.0 140.0
502.0 123.0
502.0 123.0
492.0 114.0
492.0 114.0
486.0 116.0
486.0 116.0
477.0 129.0
477.0 129.0
274.0 555.0


152

26
927.0 555.0
933.0 566.0
933.0 566.0
932.0 574.0
932.0 574.0
927.0 581.0
927.0 581.0
910.0 587.0
910.0 587.0
884.0 585.0
884.0 585.0
884.0 590.0
884.0 590.0
891.0 593.0
891.0 593.0
907.0 593.0
907.0 593.0
933.0 582.0
933.0 582.0
939.0 574.0
939.0 574.0
940.0 566.0
940.0 566.0
932.0 549.0
932.0 549.0
927.0 555.0


153

2
826.0 558.0
826.0 558.0


154

8
791.0 560.0
793.0 561.0
793.0 561.0
787.0 570.0
787.0 570.0
769.0 567.0
769.0 567.0
791.0 560.0


155

12
98.0 562.0
145.0 574.0
145.0 574.0
191.0 580.0
191.0 580.0
125.0 564.0
125.0 564.0
101.0 555.0
101.0 555.0
98.0 556.0
98.0 556.0
98.0 562.0


156

4
187.0 569.0
190.0 570.0
190.0 570.0
187.0 569.0


157

14
323.0 575.0
626.0 574.0
626.0 574.0
614.0 568.0
614.0 568.0
329.0 568.0
329.0 568.0
317.0 572.0
317.0 572.0
314.0 576.0
314.0 576.0
319.0 578.0
319.0 578.0
323.0 575.0


158

4
192.0 581.0
194.0 580.0
194.0 580.0
192.0 581.0


159

8
258.0 585.0
281.0 591.0
281.0 591.0
259.0 593.0
259.0 593.0
256.0 591.0
256.0 591.0
258.0 585.0


160

22
132.0 586.0
126.0 585.0
126.0 585.0
121.0 597.0
121.0 597.0
121.0 601.0
121.0 601.0
130.0 606.0
130.0 606.0
146.0 606.0
146.0 606.0
186.0 589.0
186.0 589.0
181.0 588.0
181.0 588.0
149.0 599.0
149.0 599.0
138.0 599.0
138.0 599.0
132.0 595.0
132.0 595.0
132.0 586.0


161

54
513.0 589.0
516.0 592.0
516.0 592.0
507.0 605.0
507.0 605.0
506.0 625.0
506.0 625.0
523.0 642.0
523.0 642.0
523.0 649.0
523.0 649.0
513.0 655.0
513.0 655.0
513.0 659.0
513.0 659.0
522.0 656.0
522.0 656.0
531.0 642.0
531.0 642.0
531.0 637.0
531.0 637.0
518.0 622.0
518.0 622.0
521.0 604.0
521.0 604.0
528.0 599.0
528.0 599.0
542.0 598.0
542.0 598.0
550.0 601.0
550.0 601.0
557.0 613.0
557.0 613.0
556.0 630.0
556.0 630.0
530.0 672.0
530.0 672.0
523.0 700.0
523.0 700.0
538.0 672.0
538.0 672.0
571.0 629.0
571.0 629.0
578.0 603.0
578.0 603.0
571.0 592.0
571.0 592.0
565.0 594.0
565.0 594.0
548.0 586.0
548.0 586.0
516.0 584.0
516.0 584.0
513.0 589.0


162

14
465.0 591.0
487.0 705.0
487.0 705.0
497.0 739.0
497.0 739.0
503.0 741.0
503.0 741.0
484.0 663.0
484.0 663.0
472.0 585.0
472.0 585.0
465.0 586.0
465.0 586.0
465.0 591.0


163

46
742.0 591.0
750.0 611.0
750.0 611.0
767.0 615.0
767.0 615.0
787.0 625.0
787.0 625.0
805.0 642.0
805.0 642.0
814.0 658.0
814.0 658.0
815.0 688.0
815.0 688.0
809.0 700.0
809.0 700.0
799.0 709.0
799.0 709.0
810.0 710.0
810.0 710.0
824.0 705.0
824.0 705.0
830.0 696.0
830.0 696.0
833.0 679.0
833.0 679.0
844.0 684.0
844.0 684.0
852.0 683.0
852.0 683.0
843.0 644.0
843.0 644.0
835.0 634.0
835.0 634.0
819.0 628.0
819.0 628.0
842.0 623.0
842.0 623.0
825.0 600.0
825.0 600.0
811.0 592.0
811.0 592.0
784.0 586.0
784.0 586.0
763.0 586.0
763.0 586.0
742.0 591.0


164

30
823.0 591.0
829.0 598.0
829.0 598.0
859.0 611.0
859.0 611.0
879.0 624.0
879.0 624.0
919.0 657.0
919.0 657.0
925.0 660.0
925.0 660.0
935.0 659.0
935.0 659.0
934.0 650.0
934.0 650.0
939.0 643.0
939.0 643.0
940.0 634.0
940.0 634.0
934.0 625.0
934.0 625.0
929.0 639.0
929.0 639.0
916.0 641.0
916.0 641.0
902.0 635.0
902.0 635.0
861.0 605.0
861.0 605.0
823.0 591.0


165

14
281.0 596.0
301.0 596.0
301.0 596.0
304.0 600.0
304.0 600.0
293.0 605.0
293.0 605.0
254.0 609.0
254.0 609.0
200.0 631.0
200.0 631.0
239.0 605.0
239.0 605.0
281.0 596.0


166

30
446.0 596.0
448.0 593.0
448.0 593.0
442.0 586.0
442.0 586.0
425.0 584.0
425.0 584.0
411.0 595.0
411.0 595.0
398.0 590.0
398.0 590.0
395.0 604.0
395.0 604.0
403.0 619.0
403.0 619.0
452.0 676.0
452.0 676.0
472.0 708.0
472.0 708.0
490.0 746.0
490.0 746.0
489.0 727.0
489.0 727.0
478.0 701.0
478.0 701.0
426.0 619.0
426.0 619.0
428.0 602.0
428.0 602.0
446.0 596.0


167

8
795.0 597.0
811.0 598.0
811.0 598.0
809.0 610.0
809.0 610.0
787.0 600.0
787.0 600.0
795.0 597.0


168

20
102.0 603.0
110.0 607.0
110.0 607.0
111.0 616.0
111.0 616.0
106.0 627.0
106.0 627.0
111.0 629.0
111.0 629.0
115.0 619.0
115.0 619.0
115.0 604.0
115.0 604.0
108.0 597.0
108.0 597.0
100.0 597.0
100.0 597.0
93.0 605.0
93.0 605.0
102.0 603.0


169

10
198.0 603.0
190.0 596.0
190.0 596.0
163.0 606.0
163.0 606.0
134.0 623.0
134.0 623.0
145.0 629.0
145.0 629.0
198.0 603.0


170

86
848.0 612.0
855.0 621.0
855.0 621.0
858.0 633.0
858.0 633.0
877.0 644.0
877.0 644.0
902.0 677.0
902.0 677.0
914.0 712.0
914.0 712.0
916.0 748.0
916.0 748.0
909.0 775.0
909.0 775.0
898.0 792.0
898.0 792.0
884.0 802.0
884.0 802.0
870.0 803.0
870.0 803.0
861.0 800.0
861.0 800.0
855.0 794.0
855.0 794.0
852.0 784.0
852.0 784.0
855.0 775.0
855.0 775.0
877.0 758.0
877.0 758.0
879.0 743.0
879.0 743.0
871.0 737.0
871.0 737.0
861.0 739.0
861.0 739.0
865.0 743.0
865.0 743.0
865.0 751.0
865.0 751.0
843.0 772.0
843.0 772.0
840.0 782.0
840.0 782.0
841.0 793.0
841.0 793.0
853.0 809.0
853.0 809.0
873.0 817.0
873.0 817.0
873.0 824.0
873.0 824.0
895.0 825.0
895.0 825.0
905.0 822.0
905.0 822.0
912.0 816.0
912.0 816.0
917.0 804.0
917.0 804.0
918.0 791.0
918.0 791.0
925.0 788.0
925.0 788.0
926.0 801.0
926.0 801.0
899.0 842.0
899.0 842.0
919.0 847.0
919.0 847.0
930.0 819.0
930.0 819.0
938.0 781.0
938.0 781.0
939.0 749.0
939.0 749.0
933.0 713.0
933.0 713.0
917.0 675.0
917.0 675.0
899.0 649.0
899.0 649.0
875.0 626.0
875.0 626.0
848.0 612.0


171

12
629.0 615.0
635.0 615.0
635.0 615.0
635.0 618.0
635.0 618.0
605.0 636.0
605.0 636.0
583.0 658.0
583.0 658.0
597.0 637.0
597.0 637.0
629.0 615.0


172

6
88.0 617.0
102.0 616.0
102.0 616.0
89.0 613.0
89.0 613.0
88.0 617.0


173

2
180.0 620.0
180.0 620.0


174

20
179.0 622.0
180.0 620.0
180.0 620.0
153.0 637.0
153.0 637.0
130.0 660.0
130.0 660.0
118.0 684.0
118.0 684.0
117.0 700.0
117.0 700.0
120.0 704.0
120.0 704.0
124.0 681.0
124.0 681.0
133.0 662.0
133.0 662.0
148.0 646.0
148.0 646.0
179.0 622.0


175

8
333.0 624.0
378.0 635.0
378.0 635.0
330.0 635.0
330.0 635.0
328.0 627.0
328.0 627.0
333.0 624.0


176

16
65.0 626.0
66.0 620.0
66.0 620.0
63.0 618.0
63.0 618.0
59.0 633.0
59.0 633.0
66.0 643.0
66.0 643.0
88.0 644.0
88.0 644.0
88.0 641.0
88.0 641.0
66.0 636.0
66.0 636.0
65.0 626.0


177

8
119.0 629.0
134.0 641.0
134.0 641.0
138.0 639.0
138.0 639.0
123.0 626.0
123.0 626.0
119.0 629.0


178

28
648.0 630.0
650.0 627.0
650.0 627.0
636.0 600.0
636.0 600.0
633.0 600.0
633.0 600.0
587.0 631.0
587.0 631.0
556.0 659.0
556.0 659.0
534.0 690.0
534.0 690.0
513.0 742.0
513.0 742.0
510.0 753.0
510.0 753.0
515.0 758.0
515.0 758.0
519.0 771.0
519.0 771.0
538.0 722.0
538.0 722.0
567.0 682.0
567.0 682.0
603.0 654.0
603.0 654.0
648.0 630.0


179

8
94.0 634.0
98.0 640.0
98.0 640.0
103.0 637.0
103.0 637.0
97.0 628.0
97.0 628.0
94.0 634.0


180

20
841.0 634.0
866.0 657.0
866.0 657.0
877.0 672.0
877.0 672.0
880.0 680.0
880.0 680.0
876.0 696.0
876.0 696.0
878.0 698.0
878.0 698.0
886.0 688.0
886.0 688.0
881.0 665.0
881.0 665.0
856.0 638.0
856.0 638.0
848.0 632.0
848.0 632.0
841.0 634.0


181

62
125.0 646.0
126.0 644.0
126.0 644.0
116.0 639.0
116.0 639.0
112.0 640.0
112.0 640.0
93.0 659.0
93.0 659.0
79.0 682.0
79.0 682.0
62.0 687.0
62.0 687.0
63.0 695.0
63.0 695.0
70.0 693.0
70.0 693.0
73.0 696.0
73.0 696.0
66.0 716.0
66.0 716.0
60.0 759.0
60.0 759.0
62.0 790.0
62.0 790.0
70.0 798.0
70.0 798.0
74.0 817.0
74.0 817.0
83.0 838.0
83.0 838.0
90.0 833.0
90.0 833.0
100.0 836.0
100.0 836.0
117.0 834.0
117.0 834.0
117.0 821.0
117.0 821.0
107.0 813.0
107.0 813.0
109.0 807.0
109.0 807.0
116.0 808.0
116.0 808.0
116.0 800.0
116.0 800.0
108.0 789.0
108.0 789.0
102.0 788.0
102.0 788.0
92.0 776.0
92.0 776.0
82.0 738.0
82.0 738.0
82.0 726.0
82.0 726.0
85.0 710.0
85.0 710.0
95.0 686.0
95.0 686.0
125.0 646.0


182

30
178.0 650.0
179.0 647.0
179.0 647.0
174.0 646.0
174.0 646.0
165.0 662.0
165.0 662.0
165.0 671.0
165.0 671.0
170.0 683.0
170.0 683.0
182.0 693.0
182.0 693.0
189.0 689.0
189.0 689.0
201.0 688.0
201.0 688.0
206.0 677.0
206.0 677.0
203.0 668.0
203.0 668.0
199.0 668.0
199.0 668.0
197.0 681.0
197.0 681.0
186.0 682.0
186.0 682.0
178.0 677.0
178.0 677.0
178.0 650.0


183

8
77.0 656.0
79.0 662.0
79.0 662.0
82.0 662.0
82.0 662.0
82.0 654.0
82.0 654.0
77.0 656.0


184

52
656.0 658.0
655.0 654.0
655.0 654.0
620.0 653.0
620.0 653.0
604.0 659.0
604.0 659.0
589.0 670.0
589.0 670.0
566.0 693.0
566.0 693.0
547.0 719.0
547.0 719.0
533.0 750.0
533.0 750.0
527.0 774.0
527.0 774.0
552.0 723.0
552.0 723.0
581.0 685.0
581.0 685.0
599.0 673.0
599.0 673.0
609.0 670.0
609.0 670.0
621.0 671.0
621.0 671.0
627.0 678.0
627.0 678.0
627.0 692.0
627.0 692.0
622.0 697.0
622.0 697.0
611.0 700.0
611.0 700.0
618.0 705.0
618.0 705.0
626.0 704.0
626.0 704.0
640.0 691.0
640.0 691.0
650.0 692.0
650.0 692.0
655.0 689.0
655.0 689.0
655.0 679.0
655.0 679.0
646.0 669.0
646.0 669.0
656.0 661.0
656.0 661.0
656.0 658.0


185

36
147.0 661.0
155.0 677.0
155.0 677.0
158.0 691.0
158.0 691.0
155.0 707.0
155.0 707.0
148.0 715.0
148.0 715.0
139.0 718.0
139.0 718.0
126.0 717.0
126.0 717.0
116.0 711.0
116.0 711.0
103.0 697.0
103.0 697.0
100.0 701.0
100.0 701.0
105.0 708.0
105.0 708.0
122.0 719.0
122.0 719.0
134.0 722.0
134.0 722.0
149.0 720.0
149.0 720.0
155.0 717.0
155.0 717.0
163.0 706.0
163.0 706.0
164.0 685.0
164.0 685.0
152.0 656.0
152.0 656.0
147.0 661.0


186

48
252.0 665.0
253.0 662.0
253.0 662.0
240.0 664.0
240.0 664.0
226.0 659.0
226.0 659.0
172.0 781.0
172.0 781.0
147.0 821.0
147.0 821.0
122.0 841.0
122.0 841.0
66.0 862.0
66.0 862.0
67.0 868.0
67.0 868.0
97.0 870.0
97.0 870.0
142.0 864.0
142.0 864.0
203.0 864.0
203.0 864.0
267.0 869.0
267.0 869.0
287.0 863.0
287.0 863.0
274.0 856.0
274.0 856.0
242.0 852.0
242.0 852.0
223.0 846.0
223.0 846.0
209.0 834.0
209.0 834.0
203.0 821.0
203.0 821.0
202.0 804.0
202.0 804.0
206.0 787.0
206.0 787.0
224.0 743.0
224.0 743.0
251.0 692.0
251.0 692.0
249.0 672.0
249.0 672.0
252.0 665.0


187

10
873.0 690.0
872.0 681.0
872.0 681.0
862.0 683.0
862.0 683.0
862.0 697.0
862.0 697.0
869.0 697.0
869.0 697.0
873.0 690.0


188

24
334.0 694.0
362.0 787.0
362.0 787.0
361.0 833.0
361.0 833.0
354.0 861.0
354.0 861.0
342.0 884.0
342.0 884.0
324.0 903.0
324.0 903.0
301.0 915.0
301.0 915.0
339.0 878.0
339.0 878.0
348.0 860.0
348.0 860.0
355.0 833.0
355.0 833.0
356.0 785.0
356.0 785.0
336.0 722.0
336.0 722.0
334.0 694.0


189

8
848.0 694.0
842.0 695.0
842.0 695.0
839.0 700.0
839.0 700.0
845.0 699.0
845.0 699.0
848.0 694.0


190

14
260.0 703.0
258.0 692.0
258.0 692.0
240.0 723.0
240.0 723.0
211.0 789.0
211.0 789.0
208.0 812.0
208.0 812.0
220.0 833.0
220.0 833.0
220.0 792.0
220.0 792.0
260.0 703.0


191

4
521.0 703.0
522.0 700.0
522.0 700.0
521.0 703.0


192

124
731.0 704.0
732.0 695.0
732.0 695.0
675.0 697.0
675.0 697.0
663.0 705.0
663.0 705.0
681.0 707.0
681.0 707.0
697.0 713.0
697.0 713.0
702.0 719.0
702.0 719.0
702.0 725.0
702.0 725.0
690.0 721.0
690.0 721.0
681.0 712.0
681.0 712.0
660.0 711.0
660.0 711.0
640.0 720.0
640.0 720.0
660.0 721.0
660.0 721.0
659.0 726.0
659.0 726.0
639.0 726.0
639.0 726.0
628.0 733.0
628.0 733.0
619.0 745.0
619.0 745.0
609.0 772.0
609.0 772.0
606.0 805.0
606.0 805.0
611.0 842.0
611.0 842.0
622.0 869.0
622.0 869.0
637.0 890.0
637.0 890.0
657.0 908.0
657.0 908.0
684.0 923.0
684.0 923.0
713.0 932.0
713.0 932.0
740.0 936.0
740.0 936.0
777.0 936.0
777.0 936.0
817.0 928.0
817.0 928.0
849.0 917.0
849.0 917.0
851.0 908.0
851.0 908.0
820.0 918.0
820.0 918.0
776.0 927.0
776.0 927.0
740.0 928.0
740.0 928.0
714.0 924.0
714.0 924.0
688.0 915.0
688.0 915.0
668.0 903.0
668.0 903.0
647.0 884.0
647.0 884.0
634.0 866.0
634.0 866.0
621.0 828.0
621.0 828.0
621.0 789.0
621.0 789.0
634.0 762.0
634.0 762.0
655.0 743.0
655.0 743.0
650.0 742.0
650.0 742.0
631.0 757.0
631.0 757.0
631.0 752.0
631.0 752.0
639.0 743.0
639.0 743.0
633.0 745.0
633.0 745.0
619.0 759.0
619.0 759.0
621.0 752.0
621.0 752.0
637.0 738.0
637.0 738.0
658.0 737.0
658.0 737.0
670.0 747.0
670.0 747.0
678.0 774.0
678.0 774.0
683.0 774.0
683.0 774.0
695.0 766.0
695.0 766.0
700.0 779.0
700.0 779.0
711.0 786.0
711.0 786.0
729.0 761.0
729.0 761.0
736.0 746.0
736.0 746.0
734.0 730.0
734.0 730.0
724.0 720.0
724.0 720.0
724.0 715.0
724.0 715.0
731.0 704.0


193

4
520.0 705.0
521.0 703.0
521.0 703.0
520.0 705.0


194

12
869.0 705.0
870.0 702.0
870.0 702.0
855.0 702.0
855.0 702.0
855.0 709.0
855.0 709.0
857.0 713.0
857.0 713.0
863.0 713.0
863.0 713.0
869.0 705.0


195

2
519.0 707.0
519.0 707.0


196

10
884.0 715.0
885.0 711.0
885.0 711.0
881.0 708.0
881.0 708.0
873.0 713.0
873.0 713.0
875.0 718.0
875.0 718.0
884.0 715.0


197

34
397.0 716.0
404.0 726.0
404.0 726.0
395.0 739.0
395.0 739.0
393.0 754.0
393.0 754.0
402.0 767.0
402.0 767.0
405.0 742.0
405.0 742.0
413.0 736.0
413.0 736.0
430.0 735.0
430.0 735.0
443.0 740.0
443.0 740.0
453.0 749.0
453.0 749.0
469.0 780.0
469.0 780.0
465.0 752.0
465.0 752.0
460.0 741.0
460.0 741.0
449.0 729.0
449.0 729.0
423.0 717.0
423.0 717.0
400.0 712.0
400.0 712.0
397.0 712.0
397.0 712.0
397.0 716.0


198

10
839.0 717.0
845.0 722.0
845.0 722.0
852.0 720.0
852.0 720.0
844.0 710.0
844.0 710.0
840.0 712.0
840.0 712.0
839.0 717.0


199

10
865.0 725.0
865.0 721.0
865.0 721.0
862.0 720.0
862.0 720.0
856.0 723.0
856.0 723.0
860.0 728.0
860.0 728.0
865.0 725.0


200

108
315.0 726.0
321.0 745.0
321.0 745.0
307.0 742.0
307.0 742.0
305.0 759.0
305.0 759.0
315.0 777.0
315.0 777.0
344.0 811.0
344.0 811.0
345.0 823.0
345.0 823.0
339.0 824.0
339.0 824.0
334.0 821.0
334.0 821.0
327.0 804.0
327.0 804.0
307.0 779.0
307.0 779.0
287.0 763.0
287.0 763.0
271.0 762.0
271.0 762.0
276.0 773.0
276.0 773.0
255.0 780.0
255.0 780.0
236.0 794.0
236.0 794.0
257.0 817.0
257.0 817.0
271.0 819.0
271.0 819.0
269.0 835.0
269.0 835.0
297.0 834.0
297.0 834.0
311.0 843.0
311.0 843.0
316.0 857.0
316.0 857.0
316.0 870.0
316.0 870.0
305.0 892.0
305.0 892.0
288.0 907.0
288.0 907.0
269.0 917.0
269.0 917.0
227.0 927.0
227.0 927.0
182.0 923.0
182.0 923.0
150.0 910.0
150.0 910.0
119.0 902.0
119.0 902.0
117.0 915.0
117.0 915.0
125.0 929.0
125.0 929.0
130.0 923.0
130.0 923.0
129.0 911.0
129.0 911.0
134.0 910.0
134.0 910.0
161.0 926.0
161.0 926.0
194.0 935.0
194.0 935.0
239.0 936.0
239.0 936.0
267.0 932.0
267.0 932.0
294.0 924.0
294.0 924.0
321.0 911.0
321.0 911.0
342.0 896.0
342.0 896.0
360.0 878.0
360.0 878.0
373.0 859.0
373.0 859.0
389.0 816.0
389.0 816.0
403.0 795.0
403.0 795.0
392.0 798.0
392.0 798.0
387.0 796.0
387.0 796.0
391.0 779.0
391.0 779.0
382.0 725.0
382.0 725.0
371.0 729.0
371.0 729.0
339.0 674.0
339.0 674.0
319.0 701.0
319.0 701.0
315.0 713.0
315.0 713.0
315.0 726.0


201

10
702.0 730.0
709.0 733.0
709.0 733.0
718.0 760.0
718.0 760.0
705.0 743.0
705.0 743.0
701.0 735.0
701.0 735.0
702.0 730.0


202

6
721.0 730.0
725.0 735.0
725.0 735.0
723.0 747.0
723.0 747.0
721.0 730.0


203

12
123.0 734.0
130.0 746.0
130.0 746.0
137.0 746.0
137.0 746.0
137.0 739.0
137.0 739.0
133.0 734.0
133.0 734.0
124.0 730.0
124.0 730.0
123.0 734.0


204

12
145.0 736.0
147.0 752.0
147.0 752.0
154.0 752.0
154.0 752.0
159.0 743.0
159.0 743.0
158.0 734.0
158.0 734.0
145.0 731.0
145.0 731.0
145.0 736.0


205

32
575.0 736.0
585.0 737.0
585.0 737.0
594.0 751.0
594.0 751.0
596.0 817.0
596.0 817.0
612.0 857.0
612.0 857.0
600.0 802.0
600.0 802.0
610.0 745.0
610.0 745.0
606.0 716.0
606.0 716.0
596.0 719.0
596.0 719.0
586.0 711.0
586.0 711.0
575.0 711.0
575.0 711.0
570.0 721.0
570.0 721.0
555.0 735.0
555.0 735.0
554.0 747.0
554.0 747.0
563.0 754.0
563.0 754.0
567.0 742.0
567.0 742.0
575.0 736.0


206

2
706.0 743.0
706.0 743.0


207

8
928.0 743.0
932.0 761.0
932.0 761.0
931.0 773.0
931.0 773.0
925.0 764.0
925.0 764.0
928.0 743.0


208

6
70.0 754.0
84.0 789.0
84.0 789.0
69.0 767.0
69.0 767.0
70.0 754.0


209

12
108.0 754.0
112.0 761.0
112.0 761.0
119.0 761.0
119.0 761.0
123.0 755.0
123.0 755.0
121.0 745.0
121.0 745.0
112.0 744.0
112.0 744.0
108.0 754.0


210

6
316.0 758.0
320.0 765.0
320.0 765.0
315.0 763.0
315.0 763.0
316.0 758.0


211

12
155.0 764.0
158.0 767.0
158.0 767.0
165.0 767.0
165.0 767.0
168.0 764.0
168.0 764.0
167.0 754.0
167.0 754.0
158.0 754.0
158.0 754.0
155.0 764.0


212

6
322.0 767.0
327.0 771.0
327.0 771.0
327.0 775.0
327.0 775.0
322.0 767.0


213

2
404.0 768.0
404.0 768.0


214

12
411.0 771.0
415.0 775.0
415.0 775.0
443.0 772.0
443.0 772.0
441.0 766.0
441.0 766.0
433.0 762.0
433.0 762.0
420.0 771.0
420.0 771.0
411.0 771.0


215

10
109.0 774.0
114.0 780.0
114.0 780.0
122.0 782.0
122.0 782.0
114.0 769.0
114.0 769.0
109.0 769.0
109.0 769.0
109.0 774.0


216

14
129.0 774.0
134.0 781.0
134.0 781.0
146.0 779.0
146.0 779.0
148.0 763.0
148.0 763.0
144.0 756.0
144.0 756.0
134.0 756.0
134.0 756.0
130.0 760.0
130.0 760.0
129.0 774.0


217

4
526.0 776.0
527.0 774.0
527.0 774.0
526.0 776.0


218

6
501.0 779.0
486.0 804.0
486.0 804.0
485.0 793.0
485.0 793.0
501.0 779.0


219

12
160.0 783.0
161.0 776.0
161.0 776.0
157.0 775.0
157.0 775.0
150.0 785.0
150.0 785.0
151.0 789.0
151.0 789.0
157.0 789.0
157.0 789.0
160.0 783.0


220

40
564.0 789.0
570.0 789.0
570.0 789.0
572.0 793.0
572.0 793.0
567.0 807.0
567.0 807.0
569.0 823.0
569.0 823.0
576.0 829.0
576.0 829.0
587.0 828.0
587.0 828.0
578.0 812.0
578.0 812.0
578.0 802.0
578.0 802.0
585.0 789.0
585.0 789.0
584.0 780.0
584.0 780.0
578.0 773.0
578.0 773.0
565.0 773.0
565.0 773.0
556.0 781.0
556.0 781.0
550.0 793.0
550.0 793.0
555.0 820.0
555.0 820.0
554.0 841.0
554.0 841.0
561.0 829.0
561.0 829.0
558.0 801.0
558.0 801.0
560.0 792.0
560.0 792.0
564.0 789.0


221

10
126.0 791.0
131.0 798.0
131.0 798.0
144.0 796.0
144.0 796.0
141.0 788.0
141.0 788.0
127.0 788.0
127.0 788.0
126.0 791.0


222

2
90.0 797.0
90.0 797.0


223

6
280.0 797.0
303.0 802.0
303.0 802.0
314.0 815.0
314.0 815.0
280.0 797.0


224

6
383.0 805.0
373.0 828.0
373.0 828.0
375.0 815.0
375.0 815.0
383.0 805.0


225

128
523.0 809.0
524.0 797.0
524.0 797.0
521.0 788.0
521.0 788.0
509.0 761.0
509.0 761.0
499.0 751.0
499.0 751.0
476.0 785.0
476.0 785.0
470.0 820.0
470.0 820.0
464.0 819.0
464.0 819.0
462.0 809.0
462.0 809.0
452.0 800.0
452.0 800.0
444.0 814.0
444.0 814.0
441.0 834.0
441.0 834.0
458.0 862.0
458.0 862.0
457.0 872.0
457.0 872.0
445.0 873.0
445.0 873.0
434.0 859.0
434.0 859.0
418.0 850.0
418.0 850.0
402.0 849.0
402.0 849.0
393.0 852.0
393.0 852.0
403.0 873.0
403.0 873.0
383.0 874.0
383.0 874.0
361.0 887.0
361.0 887.0
365.0 896.0
365.0 896.0
352.0 910.0
352.0 910.0
353.0 925.0
353.0 925.0
361.0 932.0
361.0 932.0
364.0 922.0
364.0 922.0
371.0 915.0
371.0 915.0
394.0 907.0
394.0 907.0
452.0 908.0
452.0 908.0
474.0 904.0
474.0 904.0
489.0 892.0
489.0 892.0
494.0 879.0
494.0 879.0
495.0 857.0
495.0 857.0
499.0 856.0
499.0 856.0
502.0 860.0
502.0 860.0
500.0 893.0
500.0 893.0
505.0 898.0
505.0 898.0
540.0 905.0
540.0 905.0
616.0 905.0
616.0 905.0
624.0 912.0
624.0 912.0
621.0 931.0
621.0 931.0
630.0 934.0
630.0 934.0
629.0 929.0
629.0 929.0
639.0 916.0
639.0 916.0
640.0 906.0
640.0 906.0
632.0 895.0
632.0 895.0
615.0 888.0
615.0 888.0
619.0 877.0
619.0 877.0
608.0 868.0
608.0 868.0
585.0 866.0
585.0 866.0
578.0 870.0
578.0 870.0
581.0 856.0
581.0 856.0
567.0 852.0
567.0 852.0
552.0 859.0
552.0 859.0
535.0 875.0
535.0 875.0
525.0 873.0
525.0 873.0
525.0 863.0
525.0 863.0
544.0 846.0
544.0 846.0
549.0 827.0
549.0 827.0
543.0 806.0
543.0 806.0
537.0 807.0
537.0 807.0
528.0 817.0
528.0 817.0
523.0 816.0
523.0 816.0
523.0 809.0


226

30
410.0 815.0
418.0 816.0
418.0 816.0
424.0 821.0
424.0 821.0
435.0 852.0
435.0 852.0
443.0 858.0
443.0 858.0
443.0 851.0
443.0 851.0
433.0 840.0
433.0 840.0
430.0 814.0
430.0 814.0
422.0 804.0
422.0 804.0
411.0 803.0
411.0 803.0
399.0 809.0
399.0 809.0
396.0 818.0
396.0 818.0
398.0 830.0
398.0 830.0
407.0 834.0
407.0 834.0
405.0 820.0
405.0 820.0
410.0 815.0


227

44
665.0 819.0
682.0 822.0
682.0 822.0
686.0 837.0
686.0 837.0
696.0 826.0
696.0 826.0
696.0 813.0
696.0 813.0
690.0 805.0
690.0 805.0
669.0 806.0
669.0 806.0
666.0 793.0
666.0 793.0
657.0 793.0
657.0 793.0
642.0 809.0
642.0 809.0
636.0 823.0
636.0 823.0
635.0 843.0
635.0 843.0
641.0 866.0
641.0 866.0
650.0 880.0
650.0 880.0
663.0 892.0
663.0 892.0
684.0 904.0
684.0 904.0
704.0 910.0
704.0 910.0
671.0 890.0
671.0 890.0
654.0 870.0
654.0 870.0
649.0 855.0
649.0 855.0
649.0 835.0
649.0 835.0
653.0 826.0
653.0 826.0
665.0 819.0


228

8
452.0 820.0
459.0 827.0
459.0 827.0
464.0 840.0
464.0 840.0
451.0 831.0
451.0 831.0
452.0 820.0


229

6
537.0 822.0
544.0 839.0
544.0 839.0
542.0 845.0
542.0 845.0
537.0 822.0


230

2
846.0 829.0
846.0 829.0


231

10
341.0 831.0
345.0 835.0
345.0 835.0
345.0 840.0
345.0 840.0
333.0 866.0
333.0 866.0
333.0 838.0
333.0 838.0
341.0 831.0


232

4
308.0 833.0
321.0 842.0
321.0 842.0
308.0 833.0


233

4
221.0 835.0
222.0 833.0
222.0 833.0
221.0 835.0


234

4
612.0 859.0
613.0 857.0
613.0 857.0
612.0 859.0


235

24
295.0 871.0
291.0 866.0
291.0 866.0
284.0 871.0
284.0 871.0
268.0 874.0
268.0 874.0
172.0 870.0
172.0 870.0
144.0 870.0
144.0 870.0
105.0 875.0
105.0 875.0
63.0 874.0
63.0 874.0
78.0 882.0
78.0 882.0
148.0 878.0
148.0 878.0
264.0 882.0
264.0 882.0
290.0 878.0
290.0 878.0
295.0 871.0


236

6
468.0 872.0
465.0 881.0
465.0 881.0
455.0 888.0
455.0 888.0
468.0 872.0


237

20
668.0 873.0
679.0 882.0
679.0 882.0
759.0 878.0
759.0 878.0
920.0 882.0
920.0 882.0
932.0 874.0
932.0 874.0
931.0 870.0
931.0 870.0
912.0 876.0
912.0 876.0
834.0 872.0
834.0 872.0
736.0 872.0
736.0 872.0
713.0 875.0
713.0 875.0
668.0 873.0


238

6
509.0 875.0
521.0 887.0
521.0 887.0
513.0 885.0
513.0 885.0
509.0 875.0


239

8
565.0 887.0
586.0 890.0
586.0 890.0
568.0 896.0
568.0 896.0
546.0 893.0
546.0 893.0
565.0 887.0


240

14
118.0 891.0
131.0 899.0
131.0 899.0
145.0 903.0
145.0 903.0
150.0 899.0
150.0 899.0
168.0 901.0
168.0 901.0
176.0 895.0
176.0 895.0
146.0 887.0
146.0 887.0
118.0 891.0


241

22
230.0 892.0
231.0 905.0
231.0 905.0
221.0 914.0
221.0 914.0
179.0 915.0
179.0 915.0
195.0 918.0
195.0 918.0
222.0 918.0
222.0 918.0
233.0 915.0
233.0 915.0
241.0 909.0
241.0 909.0
243.0 900.0
243.0 900.0
237.0 893.0
237.0 893.0
231.0 890.0
231.0 890.0
230.0 892.0


242

20
750.0 892.0
763.0 891.0
763.0 891.0
749.0 888.0
749.0 888.0
736.0 891.0
736.0 891.0
732.0 899.0
732.0 899.0
736.0 912.0
736.0 912.0
749.0 919.0
749.0 919.0
771.0 918.0
771.0 918.0
746.0 909.0
746.0 909.0
745.0 897.0
745.0 897.0
750.0 892.0


243

26
855.0 892.0
856.0 889.0
856.0 889.0
853.0 888.0
853.0 888.0
820.0 899.0
820.0 899.0
807.0 900.0
807.0 900.0
785.0 887.0
785.0 887.0
782.0 895.0
782.0 895.0
790.0 905.0
790.0 905.0
789.0 912.0
789.0 912.0
796.0 912.0
796.0 912.0
817.0 911.0
817.0 911.0
837.0 906.0
837.0 906.0
853.0 897.0
853.0 897.0
855.0 892.0


244

24
880.0 896.0
882.0 905.0
882.0 905.0
885.0 908.0
885.0 908.0
891.0 907.0
891.0 907.0
893.0 912.0
893.0 912.0
909.0 925.0
909.0 925.0
920.0 925.0
920.0 925.0
930.0 918.0
930.0 918.0
913.0 913.0
913.0 913.0
905.0 904.0
905.0 904.0
902.0 891.0
902.0 891.0
880.0 892.0
880.0 892.0
880.0 896.0


245

22
109.0 905.0
109.0 892.0
109.0 892.0
89.0 893.0
89.0 893.0
85.0 911.0
85.0 911.0
70.0 934.0
70.0 934.0
87.0 933.0
87.0 933.0
92.0 924.0
92.0 924.0
93.0 909.0
93.0 909.0
100.0 908.0
100.0 908.0
103.0 916.0
103.0 916.0
108.0 912.0
108.0 912.0
109.0 905.0


246

10
871.0 905.0
868.0 890.0
868.0 890.0
856.0 909.0
856.0 909.0
856.0 917.0
856.0 917.0
862.0 925.0
862.0 925.0
871.0 905.0


247

4
704.0 911.0
706.0 910.0
706.0 910.0
704.0 911.0


248

14
505.0 913.0
504.0 907.0
504.0 907.0
493.0 905.0
493.0 905.0
486.0 909.0
486.0 909.0
485.0 915.0
485.0 915.0
496.0 920.0
496.0 920.0
503.0 918.0
503.0 918.0
505.0 913.0


249

4
176.0 914.0
179.0 913.0
179.0 913.0
176.0 914.0


250

2
550.0 917.0
550.0 917.0


251

22
552.0 918.0
560.0 923.0
560.0 923.0
561.0 929.0
561.0 929.0
530.0 916.0
530.0 916.0
515.0 919.0
515.0 919.0
520.0 924.0
520.0 924.0
539.0 932.0
539.0 932.0
558.0 937.0
558.0 937.0
584.0 937.0
584.0 937.0
597.0 933.0
597.0 933.0
578.0 924.0
578.0 924.0
552.0 918.0


252

20
440.0 919.0
442.0 918.0
442.0 918.0
427.0 920.0
427.0 920.0
396.0 933.0
396.0 933.0
440.0 936.0
440.0 936.0
459.0 930.0
459.0 930.0
477.0 920.0
477.0 920.0
472.0 916.0
472.0 916.0
460.0 916.0
460.0 916.0
435.0 926.0
435.0 926.0
440.0 919.0


253

18
316.0 922.0
330.0 923.0
330.0 923.0
333.0 927.0
333.0 927.0
332.0 933.0
332.0 933.0
339.0 928.0
339.0 928.0
338.0 922.0
338.0 922.0
330.0 918.0
330.0 918.0
315.0 920.0
315.0 920.0
308.0 924.0
308.0 924.0
316.0 922.0


254

2
307.0 925.0
307.0 925.0


255

12
666.0 928.0
684.0 930.0
684.0 930.0
664.0 923.0
664.0 923.0
653.0 923.0
653.0 923.0
651.0 933.0
651.0 933.0
655.0 935.0
655.0 935.0
666.0 928.0


256

10
501.0 930.0
502.0 926.0
502.0 926.0
486.0 927.0
486.0 927.0
486.0 936.0
486.0 936.0
501.0 935.0
501.0 935.0
501.0 930.0


257

2
685.0 931.0
685.0 931.0


258

8
30.0 967.0
961.0 968.0
961.0 968.0
962.0 37.0
962.0 37.0
31.0 36.0
31.0 36.0
30.0 967.0


