1

346
140.0 6.0
147.0 6.0
147.0 6.0
156.0 10.0
156.0 10.0
163.0 17.0
163.0 17.0
165.0 17.0
165.0 17.0
177.0 30.0
177.0 30.0
177.0 32.0
177.0 32.0
184.0 40.0
184.0 40.0
186.0 46.0
186.0 46.0
188.0 47.0
188.0 47.0
190.0 53.0
190.0 53.0
192.0 54.0
192.0 54.0
192.0 57.0
192.0 57.0
199.0 70.0
199.0 70.0
206.0 91.0
206.0 91.0
213.0 129.0
213.0 129.0
214.0 165.0
214.0 165.0
211.0 186.0
211.0 186.0
205.0 205.0
205.0 205.0
210.0 203.0
210.0 203.0
211.0 199.0
211.0 199.0
218.0 195.0
218.0 195.0
227.0 195.0
227.0 195.0
230.0 199.0
230.0 199.0
230.0 202.0
230.0 202.0
232.0 202.0
232.0 202.0
237.0 198.0
237.0 198.0
255.0 189.0
255.0 189.0
258.0 189.0
258.0 189.0
281.0 178.0
281.0 178.0
312.0 168.0
312.0 168.0
333.0 164.0
333.0 164.0
366.0 161.0
366.0 161.0
396.0 162.0
396.0 162.0
419.0 167.0
419.0 167.0
430.0 172.0
430.0 172.0
434.0 177.0
434.0 177.0
434.0 183.0
434.0 183.0
431.0 186.0
431.0 186.0
419.0 190.0
419.0 190.0
405.0 192.0
405.0 192.0
396.0 196.0
396.0 196.0
391.0 202.0
391.0 202.0
389.0 209.0
389.0 209.0
385.0 213.0
385.0 213.0
375.0 216.0
375.0 216.0
372.0 220.0
372.0 220.0
365.0 224.0
365.0 224.0
360.0 224.0
360.0 224.0
356.0 233.0
356.0 233.0
350.0 237.0
350.0 237.0
347.0 237.0
347.0 237.0
346.0 240.0
346.0 240.0
339.0 244.0
339.0 244.0
338.0 246.0
338.0 246.0
320.0 251.0
320.0 251.0
301.0 251.0
301.0 251.0
295.0 249.0
295.0 249.0
299.0 256.0
299.0 256.0
301.0 264.0
301.0 264.0
298.0 274.0
298.0 274.0
290.0 281.0
290.0 281.0
280.0 286.0
280.0 286.0
269.0 289.0
269.0 289.0
263.0 300.0
263.0 300.0
257.0 305.0
257.0 305.0
254.0 305.0
254.0 305.0
250.0 308.0
250.0 308.0
250.0 312.0
250.0 312.0
247.0 319.0
247.0 319.0
236.0 329.0
236.0 329.0
227.0 333.0
227.0 333.0
214.0 347.0
214.0 347.0
214.0 349.0
214.0 349.0
210.0 351.0
210.0 351.0
203.0 365.0
203.0 365.0
197.0 369.0
197.0 369.0
190.0 370.0
190.0 370.0
184.0 374.0
184.0 374.0
173.0 400.0
173.0 400.0
171.0 401.0
171.0 401.0
169.0 406.0
169.0 406.0
163.0 410.0
163.0 410.0
157.0 410.0
157.0 410.0
156.0 408.0
156.0 408.0
154.0 408.0
154.0 408.0
151.0 402.0
151.0 402.0
150.0 382.0
150.0 382.0
152.0 368.0
152.0 368.0
147.0 357.0
147.0 357.0
147.0 346.0
147.0 346.0
151.0 331.0
151.0 331.0
151.0 320.0
151.0 320.0
155.0 307.0
155.0 307.0
155.0 302.0
155.0 302.0
157.0 299.0
157.0 299.0
158.0 291.0
158.0 291.0
160.0 288.0
160.0 288.0
166.0 264.0
166.0 264.0
149.0 284.0
149.0 284.0
149.0 286.0
149.0 286.0
139.0 299.0
139.0 299.0
136.0 307.0
136.0 307.0
132.0 311.0
132.0 311.0
128.0 311.0
128.0 311.0
126.0 309.0
126.0 309.0
126.0 298.0
126.0 298.0
131.0 286.0
131.0 286.0
133.0 285.0
133.0 285.0
135.0 279.0
135.0 279.0
137.0 278.0
137.0 278.0
137.0 276.0
137.0 276.0
139.0 275.0
139.0 275.0
147.0 261.0
147.0 261.0
144.0 262.0
144.0 262.0
142.0 265.0
142.0 265.0
138.0 266.0
138.0 266.0
137.0 268.0
137.0 268.0
133.0 269.0
133.0 269.0
132.0 271.0
132.0 271.0
125.0 273.0
125.0 273.0
113.0 280.0
113.0 280.0
95.0 286.0
95.0 286.0
78.0 289.0
78.0 289.0
59.0 288.0
59.0 288.0
53.0 285.0
53.0 285.0
47.0 278.0
47.0 278.0
44.0 277.0
44.0 277.0
36.0 278.0
36.0 278.0
32.0 281.0
32.0 281.0
25.0 283.0
25.0 283.0
18.0 283.0
18.0 283.0
12.0 280.0
12.0 280.0
8.0 274.0
8.0 274.0
8.0 263.0
8.0 263.0
13.0 256.0
13.0 256.0
15.0 256.0
15.0 256.0
19.0 251.0
19.0 251.0
21.0 251.0
21.0 251.0
28.0 245.0
28.0 245.0
50.0 235.0
50.0 235.0
49.0 222.0
49.0 222.0
52.0 216.0
52.0 216.0
56.0 212.0
56.0 212.0
63.0 210.0
63.0 210.0
63.0 207.0
63.0 207.0
61.0 206.0
61.0 206.0
58.0 198.0
58.0 198.0
59.0 191.0
59.0 191.0
67.0 183.0
67.0 183.0
78.0 177.0
78.0 177.0
82.0 159.0
82.0 159.0
88.0 153.0
88.0 153.0
98.0 149.0
98.0 149.0
120.0 149.0
120.0 149.0
117.0 146.0
117.0 146.0
115.0 146.0
115.0 146.0
112.0 142.0
112.0 142.0
110.0 142.0
110.0 142.0
104.0 135.0
104.0 135.0
101.0 127.0
101.0 127.0
101.0 116.0
101.0 116.0
104.0 106.0
104.0 106.0
115.0 97.0
115.0 97.0
114.0 78.0
114.0 78.0
116.0 74.0
116.0 74.0
119.0 72.0
119.0 72.0
119.0 70.0
119.0 70.0
126.0 65.0
126.0 65.0
125.0 48.0
125.0 48.0
131.0 36.0
131.0 36.0
132.0 17.0
132.0 17.0
134.0 11.0
134.0 11.0
140.0 6.0


2

418
831.0 25.0
832.0 26.0
832.0 26.0
813.0 44.0
813.0 44.0
813.0 46.0
813.0 46.0
805.0 53.0
805.0 53.0
805.0 55.0
805.0 55.0
797.0 63.0
797.0 63.0
797.0 65.0
797.0 65.0
791.0 71.0
791.0 71.0
790.0 75.0
790.0 75.0
783.0 84.0
783.0 84.0
782.0 89.0
782.0 89.0
778.0 95.0
778.0 95.0
778.0 97.0
778.0 97.0
783.0 97.0
783.0 97.0
786.0 99.0
786.0 99.0
789.0 105.0
789.0 105.0
789.0 114.0
789.0 114.0
797.0 117.0
797.0 117.0
802.0 123.0
802.0 123.0
804.0 123.0
804.0 123.0
811.0 116.0
811.0 116.0
821.0 111.0
821.0 111.0
822.0 109.0
822.0 109.0
832.0 104.0
832.0 104.0
835.0 104.0
835.0 104.0
839.0 101.0
839.0 101.0
857.0 96.0
857.0 96.0
862.0 93.0
862.0 93.0
908.0 83.0
908.0 83.0
961.0 78.0
961.0 78.0
1011.0 79.0
1011.0 79.0
1038.0 82.0
1038.0 82.0
1069.0 88.0
1069.0 88.0
1087.0 94.0
1087.0 94.0
1100.0 101.0
1100.0 101.0
1107.0 108.0
1107.0 108.0
1110.0 116.0
1110.0 116.0
1108.0 126.0
1108.0 126.0
1100.0 135.0
1100.0 135.0
1080.0 146.0
1080.0 146.0
1076.0 154.0
1076.0 154.0
1070.0 160.0
1070.0 160.0
1064.0 162.0
1064.0 162.0
1064.0 164.0
1064.0 164.0
1056.0 174.0
1056.0 174.0
1047.0 177.0
1047.0 177.0
1045.0 182.0
1045.0 182.0
1038.0 189.0
1038.0 189.0
1030.0 192.0
1030.0 192.0
1027.0 198.0
1027.0 198.0
1024.0 200.0
1024.0 200.0
1024.0 202.0
1024.0 202.0
1017.0 209.0
1017.0 209.0
1011.0 212.0
1011.0 212.0
1007.0 221.0
1007.0 221.0
998.0 230.0
998.0 230.0
991.0 233.0
991.0 233.0
991.0 236.0
991.0 236.0
986.0 243.0
986.0 243.0
978.0 247.0
978.0 247.0
974.0 263.0
974.0 263.0
972.0 264.0
972.0 264.0
970.0 270.0
970.0 270.0
965.0 274.0
965.0 274.0
964.0 288.0
964.0 288.0
959.0 301.0
959.0 301.0
956.0 303.0
956.0 303.0
956.0 305.0
956.0 305.0
952.0 307.0
952.0 307.0
949.0 316.0
949.0 316.0
941.0 325.0
941.0 325.0
936.0 327.0
936.0 327.0
934.0 330.0
934.0 330.0
923.0 334.0
923.0 334.0
921.0 338.0
921.0 338.0
918.0 340.0
918.0 340.0
918.0 342.0
918.0 342.0
910.0 349.0
910.0 349.0
904.0 352.0
904.0 352.0
896.0 353.0
896.0 353.0
894.0 356.0
894.0 356.0
885.0 359.0
885.0 359.0
867.0 359.0
867.0 359.0
862.0 361.0
862.0 361.0
851.0 360.0
851.0 360.0
843.0 356.0
843.0 356.0
836.0 349.0
836.0 349.0
836.0 347.0
836.0 347.0
833.0 345.0
833.0 345.0
827.0 334.0
827.0 334.0
826.0 338.0
826.0 338.0
822.0 336.0
822.0 336.0
821.0 351.0
821.0 351.0
817.0 359.0
817.0 359.0
817.0 362.0
817.0 362.0
807.0 372.0
807.0 372.0
799.0 375.0
799.0 375.0
794.0 375.0
794.0 375.0
781.0 382.0
781.0 382.0
765.0 381.0
765.0 381.0
761.0 383.0
761.0 383.0
751.0 383.0
751.0 383.0
737.0 376.0
737.0 376.0
723.0 376.0
723.0 376.0
711.0 373.0
711.0 373.0
708.0 370.0
708.0 370.0
704.0 369.0
704.0 369.0
699.0 363.0
699.0 363.0
690.0 361.0
690.0 361.0
681.0 353.0
681.0 353.0
674.0 338.0
674.0 338.0
666.0 335.0
666.0 335.0
658.0 328.0
658.0 328.0
656.0 328.0
656.0 328.0
651.0 323.0
651.0 323.0
650.0 319.0
650.0 319.0
638.0 318.0
638.0 318.0
635.0 315.0
635.0 315.0
633.0 315.0
633.0 315.0
630.0 311.0
630.0 311.0
621.0 311.0
621.0 311.0
612.0 308.0
612.0 308.0
608.0 304.0
608.0 304.0
606.0 304.0
606.0 304.0
605.0 301.0
605.0 301.0
590.0 298.0
590.0 298.0
581.0 293.0
581.0 293.0
580.0 291.0
580.0 291.0
567.0 291.0
567.0 291.0
562.0 289.0
562.0 289.0
558.0 285.0
558.0 285.0
548.0 285.0
548.0 285.0
542.0 283.0
542.0 283.0
536.0 278.0
536.0 278.0
522.0 276.0
522.0 276.0
514.0 270.0
514.0 270.0
489.0 267.0
489.0 267.0
487.0 265.0
487.0 265.0
482.0 264.0
482.0 264.0
476.0 259.0
476.0 259.0
474.0 254.0
474.0 254.0
476.0 241.0
476.0 241.0
480.0 234.0
480.0 234.0
482.0 233.0
482.0 233.0
482.0 231.0
482.0 231.0
486.0 228.0
486.0 228.0
486.0 226.0
486.0 226.0
498.0 214.0
498.0 214.0
500.0 214.0
500.0 214.0
509.0 205.0
509.0 205.0
511.0 205.0
511.0 205.0
513.0 202.0
513.0 202.0
524.0 196.0
524.0 196.0
532.0 189.0
532.0 189.0
538.0 187.0
538.0 187.0
544.0 182.0
544.0 182.0
550.0 180.0
550.0 180.0
551.0 178.0
551.0 178.0
575.0 166.0
575.0 166.0
578.0 166.0
578.0 166.0
591.0 159.0
591.0 159.0
594.0 159.0
594.0 159.0
596.0 157.0
596.0 157.0
599.0 157.0
599.0 157.0
601.0 155.0
601.0 155.0
607.0 154.0
607.0 154.0
620.0 148.0
620.0 148.0
624.0 148.0
624.0 148.0
639.0 142.0
639.0 142.0
658.0 138.0
658.0 138.0
661.0 136.0
661.0 136.0
681.0 132.0
681.0 132.0
723.0 128.0
723.0 128.0
744.0 130.0
744.0 130.0
758.0 134.0
758.0 134.0
762.0 124.0
762.0 124.0
766.0 120.0
766.0 120.0
761.0 110.0
761.0 110.0
762.0 104.0
762.0 104.0
764.0 101.0
764.0 101.0
766.0 101.0
766.0 101.0
766.0 99.0
766.0 99.0
761.0 94.0
761.0 94.0
759.0 94.0
759.0 94.0
749.0 86.0
749.0 86.0
727.0 75.0
727.0 75.0
707.0 68.0
707.0 68.0
685.0 63.0
685.0 63.0
698.0 63.0
698.0 63.0
723.0 70.0
723.0 70.0
751.0 83.0
751.0 83.0
766.0 95.0
766.0 95.0
768.0 95.0
768.0 95.0
770.0 90.0
770.0 90.0
777.0 93.0
777.0 93.0
783.0 77.0
783.0 77.0
785.0 76.0
785.0 76.0
786.0 72.0
786.0 72.0
791.0 67.0
791.0 67.0
793.0 62.0
793.0 62.0
796.0 60.0
796.0 60.0
796.0 58.0
796.0 58.0
809.0 45.0
809.0 45.0
809.0 43.0
809.0 43.0
812.0 40.0
812.0 40.0
814.0 40.0
814.0 40.0
822.0 31.0
822.0 31.0
824.0 31.0
824.0 31.0
831.0 25.0


3

24
153.0 41.0
161.0 60.0
161.0 60.0
163.0 61.0
163.0 61.0
167.0 69.0
167.0 69.0
172.0 71.0
172.0 71.0
181.0 55.0
181.0 55.0
181.0 45.0
181.0 45.0
178.0 37.0
178.0 37.0
170.0 28.0
170.0 28.0
163.0 26.0
163.0 26.0
158.0 27.0
158.0 27.0
153.0 32.0
153.0 32.0
153.0 41.0


4

24
140.0 70.0
144.0 80.0
144.0 80.0
150.0 86.0
150.0 86.0
162.0 87.0
162.0 87.0
165.0 85.0
165.0 85.0
167.0 79.0
167.0 79.0
166.0 71.0
166.0 71.0
162.0 63.0
162.0 63.0
156.0 57.0
156.0 57.0
152.0 55.0
152.0 55.0
144.0 55.0
144.0 55.0
141.0 59.0
141.0 59.0
140.0 70.0


5

12
1012.0 88.0
1018.0 93.0
1018.0 93.0
1027.0 92.0
1027.0 92.0
1027.0 89.0
1027.0 89.0
1022.0 86.0
1022.0 86.0
1013.0 86.0
1013.0 86.0
1012.0 88.0


6

12
1042.0 93.0
1049.0 98.0
1049.0 98.0
1057.0 97.0
1057.0 97.0
1057.0 94.0
1057.0 94.0
1053.0 91.0
1053.0 91.0
1046.0 90.0
1046.0 90.0
1042.0 93.0


7

24
131.0 97.0
137.0 108.0
137.0 108.0
145.0 115.0
145.0 115.0
152.0 115.0
152.0 115.0
155.0 112.0
155.0 112.0
157.0 101.0
157.0 101.0
154.0 95.0
154.0 95.0
152.0 94.0
152.0 94.0
151.0 90.0
151.0 90.0
144.0 84.0
144.0 84.0
135.0 83.0
135.0 83.0
131.0 88.0
131.0 88.0
131.0 97.0


8

14
987.0 97.0
991.0 101.0
991.0 101.0
998.0 102.0
998.0 102.0
1002.0 100.0
1002.0 100.0
1002.0 97.0
1002.0 97.0
999.0 94.0
999.0 94.0
988.0 94.0
988.0 94.0
987.0 97.0


9

20
182.0 98.0
186.0 107.0
186.0 107.0
193.0 114.0
193.0 114.0
197.0 116.0
197.0 116.0
205.0 116.0
205.0 116.0
208.0 113.0
208.0 113.0
206.0 101.0
206.0 101.0
201.0 94.0
201.0 94.0
186.0 93.0
186.0 93.0
182.0 95.0
182.0 95.0
182.0 98.0


10

14
1069.0 100.0
1075.0 105.0
1075.0 105.0
1081.0 106.0
1081.0 106.0
1084.0 104.0
1084.0 104.0
1080.0 99.0
1080.0 99.0
1075.0 97.0
1075.0 97.0
1070.0 97.0
1070.0 97.0
1069.0 100.0


11

18
932.0 103.0
938.0 107.0
938.0 107.0
956.0 113.0
956.0 113.0
981.0 119.0
981.0 119.0
985.0 118.0
985.0 118.0
977.0 109.0
977.0 109.0
967.0 104.0
967.0 104.0
953.0 101.0
953.0 101.0
933.0 101.0
933.0 101.0
932.0 103.0


12

22
167.0 108.0
171.0 116.0
171.0 116.0
176.0 120.0
176.0 120.0
182.0 119.0
182.0 119.0
185.0 115.0
185.0 115.0
182.0 104.0
182.0 104.0
178.0 98.0
178.0 98.0
174.0 98.0
174.0 98.0
173.0 100.0
173.0 100.0
171.0 100.0
171.0 100.0
167.0 104.0
167.0 104.0
167.0 108.0


13

14
1033.0 111.0
1035.0 115.0
1035.0 115.0
1042.0 119.0
1042.0 119.0
1055.0 119.0
1055.0 119.0
1054.0 113.0
1054.0 113.0
1044.0 105.0
1044.0 105.0
1035.0 106.0
1035.0 106.0
1033.0 111.0


14

16
990.0 114.0
995.0 120.0
995.0 120.0
999.0 122.0
999.0 122.0
1002.0 122.0
1002.0 122.0
1004.0 120.0
1004.0 120.0
1003.0 115.0
1003.0 115.0
996.0 110.0
996.0 110.0
991.0 110.0
991.0 110.0
990.0 114.0


15

14
127.0 118.0
134.0 127.0
134.0 127.0
144.0 127.0
144.0 127.0
143.0 119.0
143.0 119.0
136.0 112.0
136.0 112.0
131.0 110.0
131.0 110.0
128.0 111.0
128.0 111.0
127.0 118.0


16

12
1093.0 119.0
1094.0 121.0
1094.0 121.0
1100.0 119.0
1100.0 119.0
1100.0 114.0
1100.0 114.0
1096.0 110.0
1096.0 110.0
1093.0 110.0
1093.0 110.0
1093.0 119.0


17

32
154.0 122.0
156.0 126.0
156.0 126.0
159.0 128.0
159.0 128.0
159.0 130.0
159.0 130.0
166.0 136.0
166.0 136.0
166.0 138.0
166.0 138.0
170.0 140.0
170.0 140.0
174.0 135.0
174.0 135.0
175.0 128.0
175.0 128.0
171.0 120.0
171.0 120.0
171.0 117.0
171.0 117.0
164.0 108.0
164.0 108.0
162.0 108.0
162.0 108.0
156.0 115.0
156.0 115.0
156.0 117.0
156.0 117.0
154.0 118.0
154.0 118.0
154.0 122.0


18

22
1011.0 126.0
1020.0 134.0
1020.0 134.0
1035.0 140.0
1035.0 140.0
1044.0 141.0
1044.0 141.0
1047.0 136.0
1047.0 136.0
1046.0 131.0
1046.0 131.0
1043.0 127.0
1043.0 127.0
1041.0 127.0
1041.0 127.0
1037.0 123.0
1037.0 123.0
1028.0 120.0
1028.0 120.0
1012.0 121.0
1012.0 121.0
1011.0 126.0


19

56
988.0 129.0
989.0 127.0
989.0 127.0
980.0 126.0
980.0 126.0
964.0 118.0
964.0 118.0
943.0 113.0
943.0 113.0
941.0 111.0
941.0 111.0
935.0 110.0
935.0 110.0
923.0 104.0
923.0 104.0
917.0 104.0
917.0 104.0
899.0 111.0
899.0 111.0
894.0 116.0
894.0 116.0
887.0 113.0
887.0 113.0
878.0 113.0
878.0 113.0
865.0 121.0
865.0 121.0
844.0 124.0
844.0 124.0
837.0 128.0
837.0 128.0
832.0 134.0
832.0 134.0
834.0 136.0
834.0 136.0
847.0 136.0
847.0 136.0
859.0 133.0
859.0 133.0
875.0 133.0
875.0 133.0
883.0 136.0
883.0 136.0
901.0 136.0
901.0 136.0
915.0 133.0
915.0 133.0
930.0 135.0
930.0 135.0
957.0 133.0
957.0 133.0
977.0 140.0
977.0 140.0
988.0 141.0
988.0 141.0
988.0 129.0


20

10
1099.0 129.0
1100.0 128.0
1100.0 128.0
1098.0 128.0
1098.0 128.0
1096.0 131.0
1096.0 131.0
1098.0 131.0
1098.0 131.0
1099.0 129.0


21

16
1074.0 132.0
1080.0 132.0
1080.0 132.0
1080.0 130.0
1080.0 130.0
1076.0 128.0
1076.0 128.0
1071.0 128.0
1071.0 128.0
1069.0 131.0
1069.0 131.0
1071.0 139.0
1071.0 139.0
1073.0 137.0
1073.0 137.0
1074.0 132.0


22

106
183.0 136.0
187.0 145.0
187.0 145.0
179.0 145.0
179.0 145.0
179.0 154.0
179.0 154.0
181.0 159.0
181.0 159.0
176.0 158.0
176.0 158.0
174.0 160.0
174.0 160.0
171.0 167.0
171.0 167.0
170.0 181.0
170.0 181.0
163.0 182.0
163.0 182.0
153.0 186.0
153.0 186.0
152.0 188.0
152.0 188.0
150.0 188.0
150.0 188.0
149.0 194.0
149.0 194.0
140.0 198.0
140.0 198.0
132.0 205.0
132.0 205.0
133.0 213.0
133.0 213.0
127.0 218.0
127.0 218.0
125.0 222.0
125.0 222.0
125.0 231.0
125.0 231.0
130.0 239.0
130.0 239.0
119.0 244.0
119.0 244.0
102.0 259.0
102.0 259.0
95.0 272.0
95.0 272.0
96.0 280.0
96.0 280.0
102.0 280.0
102.0 280.0
112.0 274.0
112.0 274.0
115.0 274.0
115.0 274.0
116.0 272.0
116.0 272.0
130.0 266.0
130.0 266.0
131.0 264.0
131.0 264.0
153.0 253.0
153.0 253.0
167.0 238.0
167.0 238.0
167.0 236.0
167.0 236.0
178.0 224.0
178.0 224.0
178.0 222.0
178.0 222.0
187.0 214.0
187.0 214.0
189.0 214.0
189.0 214.0
192.0 210.0
192.0 210.0
194.0 210.0
194.0 210.0
196.0 207.0
196.0 207.0
203.0 203.0
203.0 203.0
211.0 165.0
211.0 165.0
210.0 144.0
210.0 144.0
208.0 139.0
208.0 139.0
204.0 136.0
204.0 136.0
200.0 137.0
200.0 137.0
199.0 142.0
199.0 142.0
197.0 143.0
197.0 143.0
196.0 137.0
196.0 137.0
190.0 129.0
190.0 129.0
187.0 129.0
187.0 129.0
184.0 132.0
184.0 132.0
183.0 136.0


23

18
998.0 140.0
1006.0 148.0
1006.0 148.0
1010.0 149.0
1010.0 149.0
1015.0 153.0
1015.0 153.0
1022.0 152.0
1022.0 152.0
1026.0 147.0
1026.0 147.0
1023.0 141.0
1023.0 141.0
1008.0 135.0
1008.0 135.0
999.0 135.0
999.0 135.0
998.0 140.0


24

26
941.0 142.0
948.0 148.0
948.0 148.0
970.0 159.0
970.0 159.0
973.0 159.0
973.0 159.0
981.0 163.0
981.0 163.0
987.0 162.0
987.0 162.0
986.0 156.0
986.0 156.0
989.0 149.0
989.0 149.0
988.0 147.0
988.0 147.0
982.0 144.0
982.0 144.0
959.0 138.0
959.0 138.0
943.0 138.0
943.0 138.0
941.0 139.0
941.0 139.0
941.0 142.0


25

10
1080.0 142.0
1081.0 141.0
1081.0 141.0
1077.0 141.0
1077.0 141.0
1075.0 143.0
1075.0 143.0
1075.0 147.0
1075.0 147.0
1080.0 142.0


26

4
187.0 146.0
188.0 147.0
188.0 147.0
187.0 146.0


27

74
900.0 146.0
904.0 151.0
904.0 151.0
906.0 151.0
906.0 151.0
916.0 159.0
916.0 159.0
920.0 160.0
920.0 160.0
926.0 165.0
926.0 165.0
932.0 167.0
932.0 167.0
938.0 172.0
938.0 172.0
944.0 174.0
944.0 174.0
950.0 179.0
950.0 179.0
958.0 182.0
958.0 182.0
959.0 184.0
959.0 184.0
967.0 187.0
967.0 187.0
968.0 189.0
968.0 189.0
976.0 193.0
976.0 193.0
981.0 193.0
981.0 193.0
982.0 191.0
982.0 191.0
985.0 190.0
985.0 190.0
985.0 188.0
985.0 188.0
988.0 185.0
988.0 185.0
989.0 178.0
989.0 178.0
985.0 173.0
985.0 173.0
983.0 173.0
983.0 173.0
980.0 169.0
980.0 169.0
970.0 164.0
970.0 164.0
969.0 162.0
969.0 162.0
965.0 161.0
965.0 161.0
964.0 159.0
964.0 159.0
958.0 157.0
958.0 157.0
957.0 155.0
957.0 155.0
941.0 147.0
941.0 147.0
938.0 147.0
938.0 147.0
934.0 144.0
934.0 144.0
931.0 144.0
931.0 144.0
923.0 140.0
923.0 140.0
911.0 140.0
911.0 140.0
903.0 142.0
903.0 142.0
900.0 146.0


28

18
1059.0 147.0
1064.0 148.0
1064.0 148.0
1064.0 146.0
1064.0 146.0
1060.0 143.0
1060.0 143.0
1056.0 142.0
1056.0 142.0
1053.0 144.0
1053.0 144.0
1053.0 152.0
1053.0 152.0
1055.0 155.0
1055.0 155.0
1057.0 148.0
1057.0 148.0
1059.0 147.0


29

78
835.0 149.0
873.0 168.0
873.0 168.0
874.0 170.0
874.0 170.0
888.0 176.0
888.0 176.0
889.0 178.0
889.0 178.0
895.0 180.0
895.0 180.0
896.0 182.0
896.0 182.0
902.0 184.0
902.0 184.0
903.0 186.0
903.0 186.0
914.0 191.0
914.0 191.0
915.0 193.0
915.0 193.0
922.0 196.0
922.0 196.0
935.0 206.0
935.0 206.0
939.0 207.0
939.0 207.0
946.0 213.0
946.0 213.0
956.0 213.0
956.0 213.0
954.0 205.0
954.0 205.0
946.0 196.0
946.0 196.0
962.0 204.0
962.0 204.0
969.0 203.0
969.0 203.0
968.0 198.0
968.0 198.0
962.0 192.0
962.0 192.0
960.0 192.0
960.0 192.0
958.0 189.0
958.0 189.0
952.0 186.0
952.0 186.0
950.0 183.0
950.0 183.0
948.0 183.0
948.0 183.0
941.0 177.0
941.0 177.0
937.0 176.0
937.0 176.0
933.0 172.0
933.0 172.0
929.0 171.0
929.0 171.0
928.0 169.0
928.0 169.0
924.0 168.0
924.0 168.0
923.0 166.0
923.0 166.0
882.0 145.0
882.0 145.0
867.0 140.0
867.0 140.0
849.0 141.0
849.0 141.0
837.0 144.0
837.0 144.0
835.0 146.0
835.0 146.0
835.0 149.0


30

30
166.0 151.0
167.0 144.0
167.0 144.0
163.0 136.0
163.0 136.0
155.0 128.0
155.0 128.0
149.0 128.0
149.0 128.0
145.0 132.0
145.0 132.0
144.0 136.0
144.0 136.0
140.0 141.0
140.0 141.0
140.0 144.0
140.0 144.0
137.0 149.0
137.0 149.0
137.0 157.0
137.0 157.0
145.0 165.0
145.0 165.0
153.0 167.0
153.0 167.0
158.0 165.0
158.0 165.0
163.0 160.0
163.0 160.0
166.0 151.0


31

86
733.0 156.0
734.0 154.0
734.0 154.0
728.0 152.0
728.0 152.0
713.0 152.0
713.0 152.0
702.0 158.0
702.0 158.0
682.0 156.0
682.0 156.0
677.0 158.0
677.0 158.0
671.0 165.0
671.0 165.0
666.0 163.0
666.0 163.0
642.0 164.0
642.0 164.0
621.0 186.0
621.0 186.0
619.0 186.0
619.0 186.0
615.0 191.0
615.0 191.0
613.0 191.0
613.0 191.0
595.0 211.0
595.0 211.0
589.0 214.0
589.0 214.0
589.0 216.0
589.0 216.0
593.0 218.0
593.0 218.0
594.0 226.0
594.0 226.0
597.0 226.0
597.0 226.0
604.0 220.0
604.0 220.0
606.0 220.0
606.0 220.0
614.0 211.0
614.0 211.0
616.0 211.0
616.0 211.0
621.0 206.0
621.0 206.0
633.0 201.0
633.0 201.0
643.0 199.0
643.0 199.0
644.0 197.0
644.0 197.0
646.0 197.0
646.0 197.0
647.0 195.0
647.0 195.0
651.0 194.0
651.0 194.0
656.0 190.0
656.0 190.0
681.0 183.0
681.0 183.0
688.0 179.0
688.0 179.0
694.0 173.0
694.0 173.0
711.0 167.0
711.0 167.0
713.0 165.0
713.0 165.0
716.0 165.0
716.0 165.0
718.0 163.0
718.0 163.0
721.0 163.0
721.0 163.0
723.0 161.0
723.0 161.0
726.0 161.0
726.0 161.0
732.0 158.0
732.0 158.0
733.0 156.0


32

14
1063.0 159.0
1065.0 159.0
1065.0 159.0
1065.0 157.0
1065.0 157.0
1062.0 157.0
1062.0 157.0
1059.0 160.0
1059.0 160.0
1059.0 163.0
1059.0 163.0
1061.0 163.0
1061.0 163.0
1063.0 159.0


33

24
991.0 160.0
993.0 166.0
993.0 166.0
997.0 170.0
997.0 170.0
1001.0 170.0
1001.0 170.0
1003.0 168.0
1003.0 168.0
1002.0 164.0
1002.0 164.0
1008.0 164.0
1008.0 164.0
1009.0 162.0
1009.0 162.0
1008.0 158.0
1008.0 158.0
1003.0 153.0
1003.0 153.0
998.0 151.0
998.0 151.0
992.0 154.0
992.0 154.0
991.0 160.0


34

16
1042.0 160.0
1046.0 159.0
1046.0 159.0
1041.0 156.0
1041.0 156.0
1034.0 157.0
1034.0 157.0
1033.0 161.0
1033.0 161.0
1036.0 169.0
1036.0 169.0
1038.0 168.0
1038.0 168.0
1038.0 162.0
1038.0 162.0
1042.0 160.0


35

18
390.0 171.0
391.0 167.0
391.0 167.0
389.0 165.0
389.0 165.0
373.0 164.0
373.0 164.0
355.0 169.0
355.0 169.0
350.0 173.0
350.0 173.0
355.0 175.0
355.0 175.0
380.0 176.0
380.0 176.0
387.0 174.0
387.0 174.0
390.0 171.0


36

28
629.0 171.0
629.0 168.0
629.0 168.0
625.0 168.0
625.0 168.0
615.0 173.0
615.0 173.0
601.0 187.0
601.0 187.0
601.0 189.0
601.0 189.0
594.0 196.0
594.0 196.0
590.0 204.0
590.0 204.0
597.0 201.0
597.0 201.0
610.0 189.0
610.0 189.0
612.0 189.0
612.0 189.0
622.0 178.0
622.0 178.0
625.0 177.0
625.0 177.0
625.0 175.0
625.0 175.0
629.0 171.0


37

132
737.0 171.0
738.0 169.0
738.0 169.0
736.0 167.0
736.0 167.0
729.0 167.0
729.0 167.0
719.0 170.0
719.0 170.0
717.0 172.0
717.0 172.0
714.0 172.0
714.0 172.0
699.0 179.0
699.0 179.0
690.0 188.0
690.0 188.0
690.0 190.0
690.0 190.0
683.0 197.0
683.0 197.0
683.0 199.0
683.0 199.0
678.0 204.0
678.0 204.0
674.0 212.0
674.0 212.0
671.0 214.0
671.0 214.0
665.0 225.0
665.0 225.0
662.0 227.0
662.0 227.0
662.0 229.0
662.0 229.0
656.0 236.0
656.0 236.0
655.0 240.0
655.0 240.0
653.0 241.0
653.0 241.0
652.0 245.0
652.0 245.0
650.0 246.0
650.0 246.0
649.0 250.0
649.0 250.0
647.0 251.0
647.0 251.0
645.0 257.0
645.0 257.0
643.0 258.0
643.0 258.0
638.0 268.0
638.0 268.0
639.0 275.0
639.0 275.0
644.0 274.0
644.0 274.0
652.0 266.0
652.0 266.0
656.0 259.0
656.0 259.0
657.0 261.0
657.0 261.0
654.0 267.0
654.0 267.0
654.0 278.0
654.0 278.0
659.0 279.0
659.0 279.0
664.0 274.0
664.0 274.0
664.0 272.0
664.0 272.0
670.0 265.0
670.0 265.0
671.0 261.0
671.0 261.0
675.0 257.0
675.0 257.0
676.0 253.0
676.0 253.0
678.0 252.0
678.0 252.0
678.0 250.0
678.0 250.0
680.0 249.0
680.0 249.0
688.0 235.0
688.0 235.0
691.0 233.0
691.0 233.0
695.0 225.0
695.0 225.0
698.0 223.0
698.0 223.0
700.0 218.0
700.0 218.0
703.0 216.0
703.0 216.0
703.0 214.0
703.0 214.0
706.0 212.0
706.0 212.0
706.0 210.0
706.0 210.0
709.0 208.0
709.0 208.0
709.0 206.0
709.0 206.0
712.0 204.0
712.0 204.0
712.0 202.0
712.0 202.0
715.0 200.0
715.0 200.0
718.0 194.0
718.0 194.0
722.0 191.0
722.0 191.0
722.0 189.0
722.0 189.0
725.0 187.0
725.0 187.0
725.0 185.0
725.0 185.0
729.0 182.0
729.0 182.0
729.0 180.0
729.0 180.0
737.0 171.0


38

16
326.0 174.0
328.0 174.0
328.0 174.0
328.0 169.0
328.0 169.0
318.0 169.0
318.0 169.0
301.0 174.0
301.0 174.0
301.0 178.0
301.0 178.0
309.0 179.0
309.0 179.0
323.0 176.0
323.0 176.0
326.0 174.0


39

10
1047.0 174.0
1048.0 172.0
1048.0 172.0
1043.0 173.0
1043.0 173.0
1041.0 178.0
1041.0 178.0
1043.0 178.0
1043.0 178.0
1047.0 174.0


40

64
826.0 177.0
831.0 190.0
831.0 190.0
838.0 198.0
838.0 198.0
838.0 200.0
838.0 200.0
842.0 203.0
842.0 203.0
842.0 205.0
842.0 205.0
846.0 208.0
846.0 208.0
846.0 210.0
846.0 210.0
866.0 231.0
866.0 231.0
866.0 233.0
866.0 233.0
874.0 240.0
874.0 240.0
874.0 242.0
874.0 242.0
880.0 247.0
880.0 247.0
880.0 249.0
880.0 249.0
887.0 256.0
887.0 256.0
888.0 260.0
888.0 260.0
890.0 262.0
890.0 262.0
894.0 261.0
894.0 261.0
900.0 255.0
900.0 255.0
901.0 248.0
901.0 248.0
896.0 239.0
896.0 239.0
894.0 238.0
894.0 238.0
894.0 236.0
894.0 236.0
887.0 229.0
887.0 229.0
887.0 227.0
887.0 227.0
867.0 206.0
867.0 206.0
863.0 190.0
863.0 190.0
860.0 184.0
860.0 184.0
854.0 181.0
854.0 181.0
853.0 179.0
853.0 179.0
836.0 172.0
836.0 172.0
827.0 172.0
827.0 172.0
826.0 177.0


41

18
1020.0 177.0
1024.0 177.0
1024.0 177.0
1024.0 175.0
1024.0 175.0
1020.0 173.0
1020.0 173.0
1012.0 174.0
1012.0 174.0
1011.0 178.0
1011.0 178.0
1015.0 187.0
1015.0 187.0
1017.0 187.0
1017.0 187.0
1016.0 181.0
1016.0 181.0
1020.0 177.0


42

20
127.0 179.0
128.0 182.0
128.0 182.0
134.0 186.0
134.0 186.0
147.0 187.0
147.0 187.0
155.0 183.0
155.0 183.0
156.0 177.0
156.0 177.0
150.0 172.0
150.0 172.0
146.0 171.0
146.0 171.0
131.0 171.0
131.0 171.0
127.0 174.0
127.0 174.0
127.0 179.0


43

118
293.0 182.0
294.0 181.0
294.0 181.0
286.0 180.0
286.0 180.0
276.0 183.0
276.0 183.0
237.0 202.0
237.0 202.0
236.0 204.0
236.0 204.0
232.0 205.0
232.0 205.0
224.0 212.0
224.0 212.0
222.0 212.0
222.0 212.0
214.0 220.0
214.0 220.0
212.0 220.0
212.0 220.0
184.0 247.0
184.0 247.0
184.0 249.0
184.0 249.0
176.0 257.0
176.0 257.0
176.0 259.0
176.0 259.0
174.0 260.0
174.0 260.0
166.0 274.0
166.0 274.0
159.0 302.0
159.0 302.0
156.0 329.0
156.0 329.0
165.0 320.0
165.0 320.0
165.0 318.0
165.0 318.0
168.0 316.0
168.0 316.0
168.0 314.0
168.0 314.0
174.0 307.0
174.0 307.0
175.0 303.0
175.0 303.0
177.0 302.0
177.0 302.0
180.0 294.0
180.0 294.0
182.0 293.0
182.0 293.0
186.0 285.0
186.0 285.0
187.0 279.0
187.0 279.0
189.0 278.0
189.0 278.0
189.0 281.0
189.0 281.0
196.0 282.0
196.0 282.0
201.0 277.0
201.0 277.0
204.0 276.0
204.0 276.0
208.0 267.0
208.0 267.0
207.0 257.0
207.0 257.0
211.0 257.0
211.0 257.0
213.0 254.0
213.0 254.0
213.0 248.0
213.0 248.0
209.0 239.0
209.0 239.0
214.0 239.0
214.0 239.0
214.0 234.0
214.0 234.0
219.0 236.0
219.0 236.0
223.0 235.0
223.0 235.0
223.0 226.0
223.0 226.0
221.0 223.0
221.0 223.0
227.0 221.0
227.0 221.0
228.0 219.0
228.0 219.0
236.0 216.0
236.0 216.0
237.0 214.0
237.0 214.0
243.0 212.0
243.0 212.0
248.0 208.0
248.0 208.0
270.0 206.0
270.0 206.0
281.0 202.0
281.0 202.0
284.0 199.0
284.0 199.0
284.0 193.0
284.0 193.0
290.0 192.0
290.0 192.0
296.0 188.0
296.0 188.0
293.0 182.0


44

16
323.0 182.0
323.0 178.0
323.0 178.0
316.0 178.0
316.0 178.0
303.0 183.0
303.0 183.0
301.0 188.0
301.0 188.0
304.0 191.0
304.0 191.0
314.0 191.0
314.0 191.0
321.0 188.0
321.0 188.0
323.0 182.0


45

20
342.0 187.0
349.0 192.0
349.0 192.0
363.0 193.0
363.0 193.0
374.0 190.0
374.0 190.0
377.0 187.0
377.0 187.0
377.0 184.0
377.0 184.0
375.0 180.0
375.0 180.0
370.0 178.0
370.0 178.0
349.0 178.0
349.0 178.0
342.0 181.0
342.0 181.0
342.0 187.0


46

16
578.0 187.0
579.0 186.0
579.0 186.0
576.0 184.0
576.0 184.0
567.0 187.0
567.0 187.0
565.0 189.0
565.0 189.0
565.0 195.0
565.0 195.0
572.0 195.0
572.0 195.0
577.0 191.0
577.0 191.0
578.0 187.0


47

10
1030.0 188.0
1031.0 187.0
1031.0 187.0
1026.0 187.0
1026.0 187.0
1024.0 189.0
1024.0 189.0
1024.0 193.0
1024.0 193.0
1030.0 188.0


48

14
551.0 190.0
551.0 188.0
551.0 188.0
544.0 189.0
544.0 189.0
539.0 194.0
539.0 194.0
539.0 198.0
539.0 198.0
545.0 198.0
545.0 198.0
551.0 193.0
551.0 193.0
551.0 190.0


49

16
121.0 191.0
133.0 197.0
133.0 197.0
141.0 197.0
141.0 197.0
143.0 195.0
143.0 195.0
143.0 192.0
143.0 192.0
141.0 190.0
141.0 190.0
132.0 186.0
132.0 186.0
122.0 186.0
122.0 186.0
121.0 191.0


50

4
944.0 194.0
945.0 195.0
945.0 195.0
944.0 194.0


51

18
310.0 196.0
311.0 193.0
311.0 193.0
308.0 192.0
308.0 192.0
296.0 193.0
296.0 193.0
278.0 207.0
278.0 207.0
287.0 208.0
287.0 208.0
296.0 205.0
296.0 205.0
298.0 203.0
298.0 203.0
305.0 201.0
305.0 201.0
310.0 196.0


52

44
817.0 196.0
823.0 209.0
823.0 209.0
823.0 212.0
823.0 212.0
825.0 214.0
825.0 214.0
825.0 217.0
825.0 217.0
827.0 219.0
827.0 219.0
832.0 237.0
832.0 237.0
833.0 252.0
833.0 252.0
832.0 268.0
832.0 268.0
829.0 283.0
829.0 283.0
828.0 308.0
828.0 308.0
829.0 315.0
829.0 315.0
834.0 316.0
834.0 316.0
842.0 314.0
842.0 314.0
849.0 309.0
849.0 309.0
847.0 286.0
847.0 286.0
845.0 279.0
845.0 279.0
846.0 228.0
846.0 228.0
840.0 211.0
840.0 211.0
830.0 191.0
830.0 191.0
822.0 181.0
822.0 181.0
818.0 185.0
818.0 185.0
817.0 196.0


53

68
676.0 198.0
677.0 193.0
677.0 193.0
667.0 193.0
667.0 193.0
654.0 198.0
654.0 198.0
651.0 202.0
651.0 202.0
647.0 204.0
647.0 204.0
639.0 218.0
639.0 218.0
625.0 233.0
625.0 233.0
625.0 235.0
625.0 235.0
620.0 239.0
620.0 239.0
620.0 241.0
620.0 241.0
617.0 243.0
617.0 243.0
617.0 245.0
617.0 245.0
611.0 253.0
611.0 253.0
610.0 262.0
610.0 262.0
615.0 268.0
615.0 268.0
625.0 270.0
625.0 270.0
630.0 265.0
630.0 265.0
630.0 263.0
630.0 263.0
635.0 259.0
635.0 259.0
635.0 257.0
635.0 257.0
638.0 255.0
638.0 255.0
638.0 253.0
638.0 253.0
642.0 250.0
642.0 250.0
642.0 248.0
642.0 248.0
648.0 242.0
648.0 242.0
650.0 237.0
650.0 237.0
653.0 235.0
653.0 235.0
655.0 230.0
655.0 230.0
658.0 228.0
658.0 228.0
658.0 226.0
658.0 226.0
660.0 225.0
660.0 225.0
660.0 223.0
660.0 223.0
672.0 207.0
672.0 207.0
676.0 198.0


54

16
1001.0 198.0
1004.0 198.0
1004.0 198.0
1004.0 196.0
1004.0 196.0
995.0 194.0
995.0 194.0
991.0 197.0
991.0 197.0
991.0 202.0
991.0 202.0
995.0 209.0
995.0 209.0
997.0 201.0
997.0 201.0
1001.0 198.0


55

52
868.0 199.0
874.0 206.0
874.0 206.0
874.0 208.0
874.0 208.0
877.0 210.0
877.0 210.0
877.0 212.0
877.0 212.0
884.0 219.0
884.0 219.0
884.0 221.0
884.0 221.0
891.0 228.0
891.0 228.0
891.0 230.0
891.0 230.0
895.0 233.0
895.0 233.0
898.0 239.0
898.0 239.0
902.0 242.0
902.0 242.0
902.0 244.0
902.0 244.0
907.0 245.0
907.0 245.0
912.0 237.0
912.0 237.0
913.0 232.0
913.0 232.0
911.0 227.0
911.0 227.0
906.0 222.0
906.0 222.0
906.0 220.0
906.0 220.0
901.0 216.0
901.0 216.0
901.0 214.0
901.0 214.0
889.0 202.0
889.0 202.0
887.0 202.0
887.0 202.0
883.0 197.0
883.0 197.0
876.0 193.0
876.0 193.0
871.0 193.0
871.0 193.0
868.0 199.0


56

20
582.0 203.0
582.0 200.0
582.0 200.0
578.0 200.0
578.0 200.0
574.0 203.0
574.0 203.0
572.0 207.0
572.0 207.0
573.0 215.0
573.0 215.0
576.0 215.0
576.0 215.0
579.0 212.0
579.0 212.0
579.0 210.0
579.0 210.0
582.0 207.0
582.0 207.0
582.0 203.0


57

16
99.0 204.0
106.0 208.0
106.0 208.0
123.0 209.0
123.0 209.0
130.0 206.0
130.0 206.0
131.0 199.0
131.0 199.0
118.0 193.0
118.0 193.0
108.0 193.0
108.0 193.0
100.0 197.0
100.0 197.0
99.0 204.0


58

20
311.0 204.0
312.0 206.0
312.0 206.0
320.0 210.0
320.0 210.0
333.0 211.0
333.0 211.0
342.0 208.0
342.0 208.0
345.0 204.0
345.0 204.0
345.0 200.0
345.0 200.0
339.0 196.0
339.0 196.0
318.0 195.0
318.0 195.0
311.0 198.0
311.0 198.0
311.0 204.0


59

50
756.0 204.0
757.0 191.0
757.0 191.0
754.0 188.0
754.0 188.0
747.0 191.0
747.0 191.0
738.0 200.0
738.0 200.0
738.0 202.0
738.0 202.0
736.0 203.0
736.0 203.0
736.0 205.0
736.0 205.0
730.0 213.0
730.0 213.0
729.0 219.0
729.0 219.0
733.0 231.0
733.0 231.0
732.0 241.0
732.0 241.0
726.0 259.0
726.0 259.0
726.0 263.0
726.0 263.0
723.0 269.0
723.0 269.0
720.0 284.0
720.0 284.0
720.0 290.0
720.0 290.0
728.0 295.0
728.0 295.0
735.0 296.0
735.0 296.0
740.0 268.0
740.0 268.0
742.0 265.0
742.0 265.0
742.0 261.0
742.0 261.0
746.0 252.0
746.0 252.0
746.0 248.0
746.0 248.0
754.0 223.0
754.0 223.0
756.0 204.0


60

4
589.0 205.0
590.0 204.0
590.0 204.0
589.0 205.0


61

10
1010.0 207.0
1011.0 206.0
1011.0 206.0
1007.0 206.0
1007.0 206.0
1005.0 211.0
1005.0 211.0
1007.0 211.0
1007.0 211.0
1010.0 207.0


62

12
525.0 209.0
526.0 205.0
526.0 205.0
521.0 205.0
521.0 205.0
514.0 210.0
514.0 210.0
513.0 215.0
513.0 215.0
519.0 215.0
519.0 215.0
525.0 209.0


63

44
637.0 211.0
638.0 207.0
638.0 207.0
632.0 206.0
632.0 206.0
622.0 211.0
622.0 211.0
621.0 213.0
621.0 213.0
613.0 217.0
613.0 217.0
610.0 221.0
610.0 221.0
608.0 221.0
608.0 221.0
600.0 229.0
600.0 229.0
598.0 233.0
598.0 233.0
603.0 242.0
603.0 242.0
606.0 245.0
606.0 245.0
612.0 243.0
612.0 243.0
618.0 237.0
618.0 237.0
618.0 235.0
618.0 235.0
625.0 229.0
625.0 229.0
625.0 227.0
625.0 227.0
628.0 225.0
628.0 225.0
628.0 223.0
628.0 223.0
631.0 221.0
631.0 221.0
631.0 219.0
631.0 219.0
634.0 217.0
634.0 217.0
637.0 211.0


64

16
901.0 211.0
905.0 214.0
905.0 214.0
909.0 221.0
909.0 221.0
913.0 225.0
913.0 225.0
915.0 225.0
915.0 225.0
916.0 220.0
916.0 220.0
908.0 212.0
908.0 212.0
904.0 210.0
904.0 210.0
901.0 211.0


65

32
279.0 212.0
280.0 210.0
280.0 210.0
278.0 208.0
278.0 208.0
268.0 208.0
268.0 208.0
253.0 213.0
253.0 213.0
247.0 216.0
247.0 216.0
242.0 221.0
242.0 221.0
242.0 225.0
242.0 225.0
245.0 226.0
245.0 226.0
246.0 228.0
246.0 228.0
251.0 229.0
251.0 229.0
261.0 224.0
261.0 224.0
262.0 222.0
262.0 222.0
272.0 218.0
272.0 218.0
273.0 216.0
273.0 216.0
277.0 215.0
277.0 215.0
279.0 212.0


66

20
980.0 219.0
983.0 219.0
983.0 219.0
983.0 217.0
983.0 217.0
978.0 215.0
978.0 215.0
972.0 215.0
972.0 215.0
970.0 217.0
970.0 217.0
970.0 223.0
970.0 223.0
973.0 229.0
973.0 229.0
975.0 229.0
975.0 229.0
975.0 222.0
975.0 222.0
980.0 219.0


67

16
541.0 223.0
542.0 217.0
542.0 217.0
540.0 215.0
540.0 215.0
531.0 216.0
531.0 216.0
525.0 225.0
525.0 225.0
525.0 233.0
525.0 233.0
532.0 233.0
532.0 233.0
541.0 225.0
541.0 225.0
541.0 223.0


68

22
567.0 224.0
568.0 221.0
568.0 221.0
562.0 219.0
562.0 219.0
548.0 226.0
548.0 226.0
541.0 235.0
541.0 235.0
539.0 242.0
539.0 242.0
540.0 248.0
540.0 248.0
544.0 250.0
544.0 250.0
551.0 247.0
551.0 247.0
563.0 234.0
563.0 234.0
567.0 227.0
567.0 227.0
567.0 224.0


69

18
319.0 225.0
322.0 229.0
322.0 229.0
331.0 232.0
331.0 232.0
339.0 232.0
339.0 232.0
343.0 228.0
343.0 228.0
343.0 222.0
343.0 222.0
340.0 219.0
340.0 219.0
334.0 217.0
334.0 217.0
320.0 219.0
320.0 219.0
319.0 225.0


70

14
504.0 225.0
505.0 222.0
505.0 222.0
498.0 223.0
498.0 223.0
493.0 228.0
493.0 228.0
493.0 233.0
493.0 233.0
500.0 232.0
500.0 232.0
503.0 229.0
503.0 229.0
504.0 225.0


71

10
990.0 228.0
992.0 227.0
992.0 227.0
988.0 227.0
988.0 227.0
986.0 229.0
986.0 229.0
986.0 233.0
986.0 233.0
990.0 228.0


72

28
91.0 229.0
95.0 237.0
95.0 237.0
97.0 237.0
97.0 237.0
99.0 240.0
99.0 240.0
110.0 241.0
110.0 241.0
117.0 238.0
117.0 238.0
120.0 235.0
120.0 235.0
122.0 230.0
122.0 230.0
122.0 222.0
122.0 222.0
117.0 212.0
117.0 212.0
113.0 210.0
113.0 210.0
107.0 210.0
107.0 210.0
96.0 214.0
96.0 214.0
92.0 218.0
92.0 218.0
91.0 229.0


73

20
585.0 232.0
586.0 228.0
586.0 228.0
583.0 226.0
583.0 226.0
573.0 231.0
573.0 231.0
564.0 241.0
564.0 241.0
564.0 249.0
564.0 249.0
570.0 251.0
570.0 251.0
575.0 250.0
575.0 250.0
581.0 243.0
581.0 243.0
585.0 235.0
585.0 235.0
585.0 232.0


74

32
759.0 232.0
762.0 249.0
762.0 249.0
783.0 292.0
783.0 292.0
791.0 319.0
791.0 319.0
795.0 322.0
795.0 322.0
810.0 321.0
810.0 321.0
812.0 319.0
812.0 319.0
810.0 311.0
810.0 311.0
798.0 287.0
798.0 287.0
796.0 286.0
796.0 286.0
782.0 255.0
782.0 255.0
776.0 230.0
776.0 230.0
775.0 205.0
775.0 205.0
767.0 194.0
767.0 194.0
764.0 194.0
764.0 194.0
762.0 198.0
762.0 198.0
759.0 232.0


75

40
728.0 234.0
729.0 231.0
729.0 231.0
727.0 227.0
727.0 227.0
721.0 226.0
721.0 226.0
718.0 228.0
718.0 228.0
718.0 230.0
718.0 230.0
716.0 231.0
716.0 231.0
715.0 235.0
715.0 235.0
711.0 240.0
711.0 240.0
711.0 243.0
711.0 243.0
708.0 247.0
708.0 247.0
704.0 259.0
704.0 259.0
702.0 269.0
702.0 269.0
702.0 280.0
702.0 280.0
705.0 283.0
705.0 283.0
714.0 287.0
714.0 287.0
716.0 287.0
716.0 287.0
719.0 271.0
719.0 271.0
726.0 251.0
726.0 251.0
728.0 243.0
728.0 243.0
728.0 234.0


76

22
921.0 234.0
927.0 241.0
927.0 241.0
927.0 243.0
927.0 243.0
936.0 252.0
936.0 252.0
944.0 254.0
944.0 254.0
947.0 251.0
947.0 251.0
947.0 245.0
947.0 245.0
945.0 244.0
945.0 244.0
945.0 242.0
945.0 242.0
928.0 226.0
928.0 226.0
921.0 226.0
921.0 226.0
921.0 234.0


77

16
226.0 237.0
232.0 242.0
232.0 242.0
241.0 243.0
241.0 243.0
245.0 239.0
245.0 239.0
245.0 233.0
245.0 233.0
240.0 228.0
240.0 228.0
231.0 227.0
231.0 227.0
226.0 231.0
226.0 231.0
226.0 237.0


78

14
50.0 240.0
53.0 244.0
53.0 244.0
59.0 244.0
59.0 244.0
64.0 242.0
64.0 242.0
64.0 239.0
64.0 239.0
59.0 236.0
59.0 236.0
52.0 236.0
52.0 236.0
50.0 240.0


79

26
114.0 243.0
116.0 242.0
116.0 242.0
103.0 244.0
103.0 244.0
93.0 249.0
93.0 249.0
89.0 254.0
89.0 254.0
89.0 261.0
89.0 261.0
91.0 263.0
91.0 263.0
95.0 263.0
95.0 263.0
98.0 260.0
98.0 260.0
100.0 260.0
100.0 260.0
101.0 257.0
101.0 257.0
109.0 250.0
109.0 250.0
109.0 248.0
109.0 248.0
114.0 243.0


80

12
483.0 251.0
486.0 254.0
486.0 254.0
491.0 253.0
491.0 253.0
491.0 249.0
491.0 249.0
488.0 242.0
488.0 242.0
484.0 244.0
484.0 244.0
483.0 251.0


81

14
867.0 253.0
874.0 281.0
874.0 281.0
878.0 281.0
878.0 281.0
886.0 272.0
886.0 272.0
887.0 267.0
887.0 267.0
869.0 243.0
869.0 243.0
867.0 244.0
867.0 244.0
867.0 253.0


82

36
51.0 254.0
52.0 253.0
52.0 253.0
49.0 249.0
49.0 249.0
36.0 250.0
36.0 250.0
26.0 255.0
26.0 255.0
24.0 258.0
24.0 258.0
20.0 260.0
20.0 260.0
20.0 262.0
20.0 262.0
18.0 263.0
18.0 263.0
18.0 270.0
18.0 270.0
23.0 274.0
23.0 274.0
35.0 272.0
35.0 272.0
36.0 270.0
36.0 270.0
42.0 268.0
42.0 268.0
44.0 265.0
44.0 265.0
48.0 263.0
48.0 263.0
48.0 261.0
48.0 261.0
51.0 258.0
51.0 258.0
51.0 254.0


83

20
585.0 254.0
587.0 256.0
587.0 256.0
593.0 254.0
593.0 254.0
594.0 258.0
594.0 258.0
598.0 258.0
598.0 258.0
601.0 255.0
601.0 255.0
600.0 243.0
600.0 243.0
597.0 240.0
597.0 240.0
590.0 240.0
590.0 240.0
586.0 246.0
586.0 246.0
585.0 254.0


84

30
908.0 254.0
914.0 262.0
914.0 262.0
917.0 269.0
917.0 269.0
927.0 280.0
927.0 280.0
932.0 279.0
932.0 279.0
935.0 276.0
935.0 276.0
938.0 267.0
938.0 267.0
937.0 260.0
937.0 260.0
931.0 252.0
931.0 252.0
931.0 250.0
931.0 250.0
921.0 240.0
921.0 240.0
918.0 239.0
918.0 239.0
910.0 247.0
910.0 247.0
910.0 249.0
910.0 249.0
908.0 250.0
908.0 250.0
908.0 254.0


85

16
220.0 255.0
223.0 260.0
223.0 260.0
229.0 261.0
229.0 261.0
232.0 259.0
232.0 259.0
233.0 253.0
233.0 253.0
228.0 243.0
228.0 243.0
222.0 242.0
222.0 242.0
220.0 244.0
220.0 244.0
220.0 255.0


86

16
512.0 255.0
515.0 255.0
515.0 255.0
519.0 260.0
519.0 260.0
519.0 255.0
519.0 255.0
516.0 250.0
516.0 250.0
512.0 250.0
512.0 250.0
509.0 253.0
509.0 253.0
508.0 257.0
508.0 257.0
512.0 255.0


87

4
657.0 257.0
658.0 258.0
658.0 258.0
657.0 257.0


88

16
702.0 257.0
703.0 254.0
703.0 254.0
699.0 257.0
699.0 257.0
694.0 267.0
694.0 267.0
696.0 273.0
696.0 273.0
698.0 272.0
698.0 272.0
698.0 269.0
698.0 269.0
700.0 267.0
700.0 267.0
702.0 257.0


89

4
147.0 261.0
148.0 260.0
148.0 260.0
147.0 261.0


90

6
489.0 261.0
493.0 262.0
493.0 262.0
493.0 260.0
493.0 260.0
489.0 261.0


91

16
533.0 262.0
536.0 262.0
536.0 262.0
539.0 267.0
539.0 267.0
541.0 266.0
541.0 266.0
539.0 257.0
539.0 257.0
533.0 257.0
533.0 257.0
529.0 261.0
529.0 261.0
529.0 264.0
529.0 264.0
533.0 262.0


92

14
956.0 263.0
958.0 263.0
958.0 263.0
958.0 261.0
958.0 261.0
951.0 262.0
951.0 262.0
951.0 266.0
951.0 266.0
954.0 270.0
954.0 270.0
956.0 270.0
956.0 270.0
956.0 263.0


93

18
210.0 264.0
215.0 281.0
215.0 281.0
217.0 283.0
217.0 283.0
220.0 283.0
220.0 283.0
225.0 273.0
225.0 273.0
223.0 261.0
223.0 261.0
219.0 256.0
219.0 256.0
215.0 255.0
215.0 255.0
212.0 257.0
212.0 257.0
210.0 264.0


94

6
512.0 266.0
520.0 268.0
520.0 268.0
516.0 264.0
516.0 264.0
512.0 266.0


95

16
554.0 267.0
559.0 267.0
559.0 267.0
561.0 272.0
561.0 272.0
563.0 273.0
563.0 273.0
563.0 264.0
563.0 264.0
561.0 261.0
561.0 261.0
555.0 261.0
555.0 261.0
550.0 268.0
550.0 268.0
554.0 267.0


96

32
752.0 267.0
763.0 311.0
763.0 311.0
765.0 312.0
765.0 312.0
765.0 314.0
765.0 314.0
769.0 316.0
769.0 316.0
784.0 318.0
784.0 318.0
785.0 314.0
785.0 314.0
781.0 302.0
781.0 302.0
779.0 300.0
779.0 300.0
777.0 291.0
777.0 291.0
775.0 289.0
775.0 289.0
774.0 283.0
774.0 283.0
763.0 259.0
763.0 259.0
759.0 254.0
759.0 254.0
755.0 254.0
755.0 254.0
753.0 256.0
753.0 256.0
752.0 267.0


97

24
850.0 270.0
853.0 301.0
853.0 301.0
854.0 303.0
854.0 303.0
856.0 303.0
856.0 303.0
859.0 300.0
859.0 300.0
861.0 300.0
861.0 300.0
870.0 291.0
870.0 291.0
871.0 288.0
871.0 288.0
864.0 249.0
864.0 249.0
856.0 233.0
856.0 233.0
852.0 234.0
852.0 234.0
850.0 241.0
850.0 241.0
850.0 270.0


98

18
894.0 272.0
908.0 302.0
908.0 302.0
915.0 301.0
915.0 301.0
920.0 296.0
920.0 296.0
921.0 288.0
921.0 288.0
909.0 261.0
909.0 261.0
906.0 258.0
906.0 258.0
903.0 258.0
903.0 258.0
895.0 267.0
895.0 267.0
894.0 272.0


99

20
582.0 273.0
586.0 274.0
586.0 274.0
587.0 279.0
587.0 279.0
589.0 281.0
589.0 281.0
591.0 277.0
591.0 277.0
590.0 269.0
590.0 269.0
588.0 267.0
588.0 267.0
583.0 267.0
583.0 267.0
577.0 272.0
577.0 272.0
577.0 274.0
577.0 274.0
582.0 273.0


100

6
533.0 275.0
540.0 277.0
540.0 277.0
538.0 274.0
538.0 274.0
533.0 275.0


101

8
556.0 282.0
564.0 283.0
564.0 283.0
562.0 280.0
562.0 280.0
557.0 280.0
557.0 280.0
556.0 282.0


102

16
609.0 284.0
614.0 285.0
614.0 285.0
615.0 291.0
615.0 291.0
617.0 292.0
617.0 292.0
617.0 280.0
617.0 280.0
615.0 278.0
615.0 278.0
611.0 278.0
611.0 278.0
604.0 285.0
604.0 285.0
609.0 284.0


103

24
212.0 288.0
213.0 280.0
213.0 280.0
210.0 276.0
210.0 276.0
206.0 275.0
206.0 275.0
203.0 278.0
203.0 278.0
201.0 278.0
201.0 278.0
197.0 282.0
197.0 282.0
191.0 293.0
191.0 293.0
193.0 303.0
193.0 303.0
196.0 304.0
196.0 304.0
205.0 301.0
205.0 301.0
209.0 297.0
209.0 297.0
212.0 288.0


104

8
577.0 288.0
584.0 289.0
584.0 289.0
583.0 286.0
583.0 286.0
578.0 286.0
578.0 286.0
577.0 288.0


105

22
694.0 290.0
695.0 281.0
695.0 281.0
693.0 277.0
693.0 277.0
689.0 276.0
689.0 276.0
686.0 279.0
686.0 279.0
676.0 301.0
676.0 301.0
676.0 306.0
676.0 306.0
679.0 310.0
679.0 310.0
683.0 311.0
683.0 311.0
688.0 307.0
688.0 307.0
692.0 299.0
692.0 299.0
694.0 290.0


106

22
876.0 292.0
880.0 311.0
880.0 311.0
883.0 317.0
883.0 317.0
893.0 315.0
893.0 315.0
900.0 310.0
900.0 310.0
900.0 298.0
900.0 298.0
891.0 275.0
891.0 275.0
888.0 275.0
888.0 275.0
878.0 285.0
878.0 285.0
878.0 287.0
878.0 287.0
876.0 288.0
876.0 288.0
876.0 292.0


107

20
637.0 294.0
640.0 294.0
640.0 294.0
642.0 296.0
642.0 296.0
643.0 301.0
643.0 301.0
645.0 301.0
645.0 301.0
646.0 294.0
646.0 294.0
643.0 288.0
643.0 288.0
636.0 289.0
636.0 289.0
632.0 293.0
632.0 293.0
632.0 296.0
632.0 296.0
637.0 294.0


108

12
940.0 294.0
945.0 293.0
945.0 293.0
940.0 290.0
940.0 290.0
937.0 291.0
937.0 291.0
936.0 297.0
936.0 297.0
938.0 300.0
938.0 300.0
940.0 294.0


109

10
602.0 297.0
609.0 299.0
609.0 299.0
609.0 297.0
609.0 297.0
606.0 295.0
606.0 295.0
603.0 295.0
603.0 295.0
602.0 297.0


110

30
714.0 299.0
714.0 293.0
714.0 293.0
710.0 292.0
710.0 292.0
709.0 290.0
709.0 290.0
703.0 287.0
703.0 287.0
699.0 288.0
699.0 288.0
694.0 303.0
694.0 303.0
692.0 305.0
692.0 305.0
691.0 314.0
691.0 314.0
697.0 325.0
697.0 325.0
700.0 326.0
700.0 326.0
701.0 328.0
701.0 328.0
708.0 328.0
708.0 328.0
711.0 323.0
711.0 323.0
714.0 310.0
714.0 310.0
714.0 299.0


111

14
740.0 301.0
748.0 306.0
748.0 306.0
757.0 307.0
757.0 307.0
755.0 293.0
755.0 293.0
749.0 270.0
749.0 270.0
747.0 270.0
747.0 270.0
746.0 272.0
746.0 272.0
740.0 301.0


112

12
950.0 304.0
951.0 303.0
951.0 303.0
948.0 303.0
948.0 303.0
946.0 305.0
946.0 305.0
947.0 310.0
947.0 310.0
949.0 309.0
949.0 309.0
950.0 304.0


113

18
187.0 308.0
188.0 296.0
188.0 296.0
186.0 290.0
186.0 290.0
184.0 296.0
184.0 296.0
177.0 304.0
177.0 304.0
177.0 315.0
177.0 315.0
179.0 317.0
179.0 317.0
184.0 316.0
184.0 316.0
187.0 312.0
187.0 312.0
187.0 308.0


114

8
629.0 308.0
635.0 310.0
635.0 310.0
633.0 306.0
633.0 306.0
629.0 306.0
629.0 306.0
629.0 308.0


115

18
854.0 317.0
855.0 322.0
855.0 322.0
858.0 326.0
858.0 326.0
867.0 326.0
867.0 326.0
874.0 320.0
874.0 320.0
875.0 309.0
875.0 309.0
872.0 295.0
872.0 295.0
864.0 299.0
864.0 299.0
854.0 309.0
854.0 309.0
854.0 317.0


116

18
848.0 318.0
848.0 314.0
848.0 314.0
845.0 313.0
845.0 313.0
836.0 316.0
836.0 316.0
830.0 319.0
830.0 319.0
829.0 321.0
829.0 321.0
835.0 325.0
835.0 325.0
844.0 326.0
844.0 326.0
847.0 324.0
847.0 324.0
848.0 318.0


117

14
915.0 318.0
921.0 317.0
921.0 317.0
918.0 314.0
918.0 314.0
914.0 313.0
914.0 313.0
912.0 315.0
912.0 315.0
913.0 322.0
913.0 322.0
915.0 321.0
915.0 321.0
915.0 318.0


118

22
765.0 321.0
768.0 333.0
768.0 333.0
774.0 342.0
774.0 342.0
778.0 344.0
778.0 344.0
785.0 344.0
785.0 344.0
791.0 341.0
791.0 341.0
792.0 335.0
792.0 335.0
790.0 328.0
790.0 328.0
787.0 324.0
787.0 324.0
774.0 318.0
774.0 318.0
765.0 318.0
765.0 318.0
765.0 321.0


119

18
717.0 324.0
719.0 335.0
719.0 335.0
723.0 340.0
723.0 340.0
734.0 341.0
734.0 341.0
736.0 339.0
736.0 339.0
737.0 334.0
737.0 334.0
734.0 303.0
734.0 303.0
723.0 298.0
723.0 298.0
719.0 299.0
719.0 299.0
717.0 324.0


120

14
673.0 325.0
677.0 325.0
677.0 325.0
678.0 330.0
678.0 330.0
680.0 330.0
680.0 330.0
681.0 322.0
681.0 322.0
677.0 321.0
677.0 321.0
673.0 323.0
673.0 323.0
673.0 325.0


121

18
813.0 326.0
814.0 323.0
814.0 323.0
803.0 323.0
803.0 323.0
796.0 324.0
796.0 324.0
795.0 328.0
795.0 328.0
801.0 335.0
801.0 335.0
804.0 335.0
804.0 335.0
808.0 333.0
808.0 333.0
813.0 328.0
813.0 328.0
813.0 326.0


122

20
740.0 330.0
744.0 340.0
744.0 340.0
750.0 344.0
750.0 344.0
759.0 345.0
759.0 345.0
765.0 342.0
765.0 342.0
764.0 328.0
764.0 328.0
759.0 316.0
759.0 316.0
753.0 310.0
753.0 310.0
747.0 307.0
747.0 307.0
740.0 307.0
740.0 307.0
740.0 330.0


123

16
891.0 330.0
897.0 332.0
897.0 332.0
896.0 329.0
896.0 329.0
893.0 326.0
893.0 326.0
891.0 326.0
891.0 326.0
888.0 329.0
888.0 329.0
887.0 333.0
887.0 333.0
889.0 334.0
889.0 334.0
891.0 330.0


124

8
923.0 330.0
923.0 328.0
923.0 328.0
919.0 329.0
919.0 329.0
917.0 334.0
917.0 334.0
923.0 330.0


125

8
672.0 334.0
677.0 339.0
677.0 339.0
679.0 339.0
679.0 339.0
677.0 334.0
677.0 334.0
672.0 334.0


126

16
840.0 338.0
842.0 338.0
842.0 338.0
845.0 341.0
845.0 341.0
845.0 335.0
845.0 335.0
843.0 333.0
843.0 333.0
841.0 333.0
841.0 333.0
836.0 338.0
836.0 338.0
836.0 340.0
836.0 340.0
840.0 338.0


127

20
865.0 340.0
867.0 340.0
867.0 340.0
868.0 343.0
868.0 343.0
870.0 343.0
870.0 343.0
870.0 337.0
870.0 337.0
868.0 335.0
868.0 335.0
863.0 337.0
863.0 337.0
861.0 339.0
861.0 339.0
861.0 342.0
861.0 342.0
864.0 342.0
864.0 342.0
865.0 340.0


128

12
811.0 344.0
816.0 343.0
816.0 343.0
812.0 340.0
812.0 340.0
808.0 340.0
808.0 340.0
808.0 348.0
808.0 348.0
810.0 348.0
810.0 348.0
811.0 344.0


129

14
703.0 346.0
707.0 350.0
707.0 350.0
707.0 344.0
707.0 344.0
705.0 342.0
705.0 342.0
701.0 343.0
701.0 343.0
698.0 347.0
698.0 347.0
700.0 348.0
700.0 348.0
703.0 346.0


130

12
896.0 349.0
898.0 348.0
898.0 348.0
894.0 347.0
894.0 347.0
891.0 350.0
891.0 350.0
891.0 352.0
891.0 352.0
894.0 352.0
894.0 352.0
896.0 349.0


131

14
793.0 356.0
794.0 354.0
794.0 354.0
792.0 353.0
792.0 353.0
786.0 353.0
786.0 353.0
787.0 361.0
787.0 361.0
789.0 360.0
789.0 360.0
789.0 357.0
789.0 357.0
793.0 356.0


132

6
866.0 356.0
874.0 355.0
874.0 355.0
869.0 353.0
869.0 353.0
866.0 356.0


133

14
734.0 358.0
740.0 360.0
740.0 360.0
737.0 353.0
737.0 353.0
732.0 354.0
732.0 354.0
732.0 356.0
732.0 356.0
730.0 357.0
730.0 357.0
731.0 360.0
731.0 360.0
734.0 358.0


134

10
697.0 359.0
699.0 359.0
699.0 359.0
703.0 363.0
703.0 363.0
702.0 358.0
702.0 358.0
697.0 357.0
697.0 357.0
697.0 359.0


135

14
761.0 359.0
767.0 360.0
767.0 360.0
766.0 356.0
766.0 356.0
762.0 354.0
762.0 354.0
759.0 355.0
759.0 355.0
758.0 362.0
758.0 362.0
760.0 362.0
760.0 362.0
761.0 359.0


136

20
189.0 361.0
190.0 354.0
190.0 354.0
188.0 348.0
188.0 348.0
186.0 346.0
186.0 346.0
181.0 346.0
181.0 346.0
178.0 352.0
178.0 352.0
179.0 364.0
179.0 364.0
181.0 366.0
181.0 366.0
186.0 366.0
186.0 366.0
189.0 363.0
189.0 363.0
189.0 361.0


137

8
733.0 371.0
740.0 373.0
740.0 373.0
740.0 371.0
740.0 371.0
737.0 369.0
737.0 369.0
733.0 371.0


138

10
796.0 372.0
797.0 371.0
797.0 371.0
793.0 370.0
793.0 370.0
790.0 371.0
790.0 371.0
790.0 374.0
790.0 374.0
796.0 372.0


139

22
174.0 375.0
175.0 363.0
175.0 363.0
173.0 361.0
173.0 361.0
168.0 361.0
168.0 361.0
163.0 367.0
163.0 367.0
158.0 380.0
158.0 380.0
158.0 389.0
158.0 389.0
162.0 395.0
162.0 395.0
168.0 394.0
168.0 394.0
169.0 391.0
169.0 391.0
171.0 390.0
171.0 390.0
174.0 375.0


140

8
764.0 377.0
772.0 378.0
772.0 378.0
769.0 375.0
769.0 375.0
765.0 375.0
765.0 375.0
764.0 377.0


