1

160
140.0 6.0
156.0 10.0
156.0 10.0
177.0 30.0
177.0 30.0
192.0 54.0
192.0 54.0
206.0 91.0
206.0 91.0
213.0 129.0
213.0 129.0
214.0 165.0
214.0 165.0
205.0 205.0
205.0 205.0
218.0 195.0
218.0 195.0
227.0 195.0
227.0 195.0
232.0 202.0
232.0 202.0
281.0 178.0
281.0 178.0
333.0 164.0
333.0 164.0
396.0 162.0
396.0 162.0
419.0 167.0
419.0 167.0
434.0 177.0
434.0 177.0
431.0 186.0
431.0 186.0
396.0 196.0
396.0 196.0
385.0 213.0
385.0 213.0
375.0 216.0
375.0 216.0
365.0 224.0
365.0 224.0
360.0 224.0
360.0 224.0
356.0 233.0
356.0 233.0
347.0 237.0
347.0 237.0
338.0 246.0
338.0 246.0
320.0 251.0
320.0 251.0
295.0 249.0
295.0 249.0
301.0 264.0
301.0 264.0
298.0 274.0
298.0 274.0
290.0 281.0
290.0 281.0
269.0 289.0
269.0 289.0
263.0 300.0
263.0 300.0
250.0 308.0
250.0 308.0
247.0 319.0
247.0 319.0
227.0 333.0
227.0 333.0
210.0 351.0
210.0 351.0
203.0 365.0
203.0 365.0
184.0 374.0
184.0 374.0
173.0 400.0
173.0 400.0
163.0 410.0
163.0 410.0
157.0 410.0
157.0 410.0
151.0 402.0
151.0 402.0
152.0 368.0
152.0 368.0
147.0 357.0
147.0 357.0
147.0 346.0
147.0 346.0
155.0 302.0
155.0 302.0
166.0 264.0
166.0 264.0
149.0 284.0
149.0 284.0
132.0 311.0
132.0 311.0
126.0 309.0
126.0 309.0
126.0 298.0
126.0 298.0
147.0 261.0
147.0 261.0
113.0 280.0
113.0 280.0
78.0 289.0
78.0 289.0
59.0 288.0
59.0 288.0
44.0 277.0
44.0 277.0
18.0 283.0
18.0 283.0
8.0 274.0
8.0 274.0
8.0 263.0
8.0 263.0
13.0 256.0
13.0 256.0
28.0 245.0
28.0 245.0
50.0 235.0
50.0 235.0
49.0 222.0
49.0 222.0
52.0 216.0
52.0 216.0
63.0 210.0
63.0 210.0
58.0 198.0
58.0 198.0
59.0 191.0
59.0 191.0
78.0 177.0
78.0 177.0
82.0 159.0
82.0 159.0
98.0 149.0
98.0 149.0
120.0 149.0
120.0 149.0
104.0 135.0
104.0 135.0
101.0 116.0
101.0 116.0
104.0 106.0
104.0 106.0
115.0 97.0
115.0 97.0
114.0 78.0
114.0 78.0
126.0 65.0
126.0 65.0
125.0 48.0
125.0 48.0
131.0 36.0
131.0 36.0
132.0 17.0
132.0 17.0
140.0 6.0


2

188
831.0 25.0
797.0 63.0
797.0 63.0
778.0 95.0
778.0 95.0
786.0 99.0
786.0 99.0
789.0 114.0
789.0 114.0
797.0 117.0
797.0 117.0
802.0 123.0
802.0 123.0
822.0 109.0
822.0 109.0
862.0 93.0
862.0 93.0
908.0 83.0
908.0 83.0
961.0 78.0
961.0 78.0
1011.0 79.0
1011.0 79.0
1069.0 88.0
1069.0 88.0
1100.0 101.0
1100.0 101.0
1110.0 116.0
1110.0 116.0
1108.0 126.0
1108.0 126.0
1100.0 135.0
1100.0 135.0
1080.0 146.0
1080.0 146.0
1076.0 154.0
1076.0 154.0
1064.0 162.0
1064.0 162.0
1056.0 174.0
1056.0 174.0
1047.0 177.0
1047.0 177.0
1038.0 189.0
1038.0 189.0
1030.0 192.0
1030.0 192.0
1024.0 202.0
1024.0 202.0
1011.0 212.0
1011.0 212.0
1007.0 221.0
1007.0 221.0
991.0 233.0
991.0 233.0
986.0 243.0
986.0 243.0
978.0 247.0
978.0 247.0
974.0 263.0
974.0 263.0
965.0 274.0
965.0 274.0
964.0 288.0
964.0 288.0
959.0 301.0
959.0 301.0
952.0 307.0
952.0 307.0
949.0 316.0
949.0 316.0
941.0 325.0
941.0 325.0
923.0 334.0
923.0 334.0
910.0 349.0
910.0 349.0
885.0 359.0
885.0 359.0
851.0 360.0
851.0 360.0
836.0 349.0
836.0 349.0
827.0 334.0
827.0 334.0
826.0 338.0
826.0 338.0
822.0 336.0
822.0 336.0
817.0 362.0
817.0 362.0
807.0 372.0
807.0 372.0
781.0 382.0
781.0 382.0
751.0 383.0
751.0 383.0
737.0 376.0
737.0 376.0
711.0 373.0
711.0 373.0
699.0 363.0
699.0 363.0
690.0 361.0
690.0 361.0
681.0 353.0
681.0 353.0
674.0 338.0
674.0 338.0
656.0 328.0
656.0 328.0
650.0 319.0
650.0 319.0
638.0 318.0
638.0 318.0
630.0 311.0
630.0 311.0
612.0 308.0
612.0 308.0
605.0 301.0
605.0 301.0
590.0 298.0
590.0 298.0
580.0 291.0
580.0 291.0
567.0 291.0
567.0 291.0
558.0 285.0
558.0 285.0
548.0 285.0
548.0 285.0
536.0 278.0
536.0 278.0
522.0 276.0
522.0 276.0
514.0 270.0
514.0 270.0
489.0 267.0
489.0 267.0
476.0 259.0
476.0 259.0
476.0 241.0
476.0 241.0
498.0 214.0
498.0 214.0
532.0 189.0
532.0 189.0
575.0 166.0
575.0 166.0
620.0 148.0
620.0 148.0
681.0 132.0
681.0 132.0
723.0 128.0
723.0 128.0
758.0 134.0
758.0 134.0
766.0 120.0
766.0 120.0
761.0 110.0
761.0 110.0
766.0 99.0
766.0 99.0
761.0 94.0
761.0 94.0
727.0 75.0
727.0 75.0
685.0 63.0
685.0 63.0
698.0 63.0
698.0 63.0
723.0 70.0
723.0 70.0
751.0 83.0
751.0 83.0
766.0 95.0
766.0 95.0
770.0 90.0
770.0 90.0
777.0 93.0
777.0 93.0
783.0 77.0
783.0 77.0
796.0 58.0
796.0 58.0
812.0 40.0
812.0 40.0
831.0 25.0


3

18
153.0 41.0
161.0 60.0
161.0 60.0
167.0 69.0
167.0 69.0
172.0 71.0
172.0 71.0
181.0 55.0
181.0 55.0
178.0 37.0
178.0 37.0
170.0 28.0
170.0 28.0
163.0 26.0
163.0 26.0
153.0 32.0
153.0 32.0
153.0 41.0


4

12
140.0 70.0
150.0 86.0
150.0 86.0
165.0 85.0
165.0 85.0
166.0 71.0
166.0 71.0
156.0 57.0
156.0 57.0
144.0 55.0
144.0 55.0
140.0 70.0


5

8
1012.0 88.0
1018.0 93.0
1018.0 93.0
1027.0 92.0
1027.0 92.0
1022.0 86.0
1022.0 86.0
1012.0 88.0


6

10
1042.0 93.0
1049.0 98.0
1049.0 98.0
1057.0 97.0
1057.0 97.0
1053.0 91.0
1053.0 91.0
1046.0 90.0
1046.0 90.0
1042.0 93.0


7

18
131.0 97.0
137.0 108.0
137.0 108.0
145.0 115.0
145.0 115.0
152.0 115.0
152.0 115.0
155.0 112.0
155.0 112.0
157.0 101.0
157.0 101.0
144.0 84.0
144.0 84.0
135.0 83.0
135.0 83.0
131.0 88.0
131.0 88.0
131.0 97.0


8

10
987.0 97.0
991.0 101.0
991.0 101.0
1002.0 100.0
1002.0 100.0
999.0 94.0
999.0 94.0
988.0 94.0
988.0 94.0
987.0 97.0


9

14
182.0 98.0
193.0 114.0
193.0 114.0
205.0 116.0
205.0 116.0
208.0 113.0
208.0 113.0
206.0 101.0
206.0 101.0
201.0 94.0
201.0 94.0
186.0 93.0
186.0 93.0
182.0 98.0


10

10
1069.0 100.0
1075.0 105.0
1075.0 105.0
1084.0 104.0
1084.0 104.0
1075.0 97.0
1075.0 97.0
1070.0 97.0
1070.0 97.0
1069.0 100.0


11

12
932.0 103.0
956.0 113.0
956.0 113.0
985.0 118.0
985.0 118.0
977.0 109.0
977.0 109.0
967.0 104.0
967.0 104.0
953.0 101.0
953.0 101.0
932.0 103.0


12

12
167.0 108.0
176.0 120.0
176.0 120.0
182.0 119.0
182.0 119.0
185.0 115.0
185.0 115.0
178.0 98.0
178.0 98.0
171.0 100.0
171.0 100.0
167.0 108.0


13

12
1033.0 111.0
1042.0 119.0
1042.0 119.0
1055.0 119.0
1055.0 119.0
1054.0 113.0
1054.0 113.0
1044.0 105.0
1044.0 105.0
1035.0 106.0
1035.0 106.0
1033.0 111.0


14

12
990.0 114.0
999.0 122.0
999.0 122.0
1004.0 120.0
1004.0 120.0
1003.0 115.0
1003.0 115.0
996.0 110.0
996.0 110.0
991.0 110.0
991.0 110.0
990.0 114.0


15

12
127.0 118.0
134.0 127.0
134.0 127.0
144.0 127.0
144.0 127.0
143.0 119.0
143.0 119.0
136.0 112.0
136.0 112.0
128.0 111.0
128.0 111.0
127.0 118.0


16

10
1093.0 119.0
1100.0 119.0
1100.0 119.0
1100.0 114.0
1100.0 114.0
1096.0 110.0
1096.0 110.0
1093.0 110.0
1093.0 110.0
1093.0 119.0


17

10
154.0 122.0
170.0 140.0
170.0 140.0
175.0 128.0
175.0 128.0
164.0 108.0
164.0 108.0
156.0 115.0
156.0 115.0
154.0 122.0


18

16
1011.0 126.0
1020.0 134.0
1020.0 134.0
1035.0 140.0
1035.0 140.0
1044.0 141.0
1044.0 141.0
1047.0 136.0
1047.0 136.0
1043.0 127.0
1043.0 127.0
1028.0 120.0
1028.0 120.0
1012.0 121.0
1012.0 121.0
1011.0 126.0


19

36
988.0 129.0
989.0 127.0
989.0 127.0
980.0 126.0
980.0 126.0
964.0 118.0
964.0 118.0
917.0 104.0
917.0 104.0
899.0 111.0
899.0 111.0
894.0 116.0
894.0 116.0
878.0 113.0
878.0 113.0
865.0 121.0
865.0 121.0
844.0 124.0
844.0 124.0
832.0 134.0
832.0 134.0
847.0 136.0
847.0 136.0
875.0 133.0
875.0 133.0
883.0 136.0
883.0 136.0
901.0 136.0
901.0 136.0
915.0 133.0
915.0 133.0
957.0 133.0
957.0 133.0
988.0 141.0
988.0 141.0
988.0 129.0


20

4
1099.0 129.0
1096.0 131.0
1096.0 131.0
1099.0 129.0


21

8
1074.0 132.0
1080.0 130.0
1080.0 130.0
1071.0 128.0
1071.0 128.0
1071.0 139.0
1071.0 139.0
1074.0 132.0


22

56
183.0 136.0
187.0 145.0
187.0 145.0
179.0 145.0
179.0 145.0
181.0 159.0
181.0 159.0
174.0 160.0
174.0 160.0
170.0 181.0
170.0 181.0
153.0 186.0
153.0 186.0
149.0 194.0
149.0 194.0
132.0 205.0
132.0 205.0
133.0 213.0
133.0 213.0
125.0 222.0
125.0 222.0
125.0 231.0
125.0 231.0
130.0 239.0
130.0 239.0
119.0 244.0
119.0 244.0
102.0 259.0
102.0 259.0
95.0 272.0
95.0 272.0
96.0 280.0
96.0 280.0
115.0 274.0
115.0 274.0
153.0 253.0
153.0 253.0
178.0 222.0
178.0 222.0
203.0 203.0
203.0 203.0
211.0 165.0
211.0 165.0
210.0 144.0
210.0 144.0
204.0 136.0
204.0 136.0
200.0 137.0
200.0 137.0
197.0 143.0
197.0 143.0
190.0 129.0
190.0 129.0
187.0 129.0
187.0 129.0
183.0 136.0


23

14
998.0 140.0
1015.0 153.0
1015.0 153.0
1022.0 152.0
1022.0 152.0
1026.0 147.0
1026.0 147.0
1023.0 141.0
1023.0 141.0
1008.0 135.0
1008.0 135.0
999.0 135.0
999.0 135.0
998.0 140.0


24

16
941.0 142.0
970.0 159.0
970.0 159.0
981.0 163.0
981.0 163.0
987.0 162.0
987.0 162.0
989.0 149.0
989.0 149.0
982.0 144.0
982.0 144.0
959.0 138.0
959.0 138.0
943.0 138.0
943.0 138.0
941.0 142.0


25

6
1080.0 142.0
1077.0 141.0
1077.0 141.0
1075.0 147.0
1075.0 147.0
1080.0 142.0


26

2
187.0 146.0
187.0 146.0


27

20
900.0 146.0
916.0 159.0
916.0 159.0
976.0 193.0
976.0 193.0
981.0 193.0
981.0 193.0
988.0 185.0
988.0 185.0
989.0 178.0
989.0 178.0
985.0 173.0
985.0 173.0
941.0 147.0
941.0 147.0
923.0 140.0
923.0 140.0
903.0 142.0
903.0 142.0
900.0 146.0


28

10
1059.0 147.0
1064.0 148.0
1064.0 148.0
1060.0 143.0
1060.0 143.0
1053.0 144.0
1053.0 144.0
1055.0 155.0
1055.0 155.0
1059.0 147.0


29

28
835.0 149.0
902.0 184.0
902.0 184.0
946.0 213.0
946.0 213.0
956.0 213.0
956.0 213.0
954.0 205.0
954.0 205.0
946.0 196.0
946.0 196.0
962.0 204.0
962.0 204.0
969.0 203.0
969.0 203.0
968.0 198.0
968.0 198.0
950.0 183.0
950.0 183.0
882.0 145.0
882.0 145.0
867.0 140.0
867.0 140.0
849.0 141.0
849.0 141.0
837.0 144.0
837.0 144.0
835.0 149.0


30

20
166.0 151.0
167.0 144.0
167.0 144.0
163.0 136.0
163.0 136.0
155.0 128.0
155.0 128.0
149.0 128.0
149.0 128.0
140.0 141.0
140.0 141.0
137.0 157.0
137.0 157.0
145.0 165.0
145.0 165.0
153.0 167.0
153.0 167.0
163.0 160.0
163.0 160.0
166.0 151.0


31

34
733.0 156.0
734.0 154.0
734.0 154.0
728.0 152.0
728.0 152.0
713.0 152.0
713.0 152.0
702.0 158.0
702.0 158.0
682.0 156.0
682.0 156.0
671.0 165.0
671.0 165.0
642.0 164.0
642.0 164.0
589.0 216.0
589.0 216.0
593.0 218.0
593.0 218.0
594.0 226.0
594.0 226.0
597.0 226.0
597.0 226.0
621.0 206.0
621.0 206.0
643.0 199.0
643.0 199.0
656.0 190.0
656.0 190.0
681.0 183.0
681.0 183.0
694.0 173.0
694.0 173.0
733.0 156.0


32

8
1063.0 159.0
1065.0 157.0
1065.0 157.0
1062.0 157.0
1062.0 157.0
1059.0 163.0
1059.0 163.0
1063.0 159.0


33

16
991.0 160.0
997.0 170.0
997.0 170.0
1001.0 170.0
1001.0 170.0
1002.0 164.0
1002.0 164.0
1009.0 162.0
1009.0 162.0
1008.0 158.0
1008.0 158.0
998.0 151.0
998.0 151.0
992.0 154.0
992.0 154.0
991.0 160.0


34

12
1042.0 160.0
1046.0 159.0
1046.0 159.0
1041.0 156.0
1041.0 156.0
1034.0 157.0
1034.0 157.0
1036.0 169.0
1036.0 169.0
1038.0 162.0
1038.0 162.0
1042.0 160.0


35

10
390.0 171.0
389.0 165.0
389.0 165.0
373.0 164.0
373.0 164.0
350.0 173.0
350.0 173.0
380.0 176.0
380.0 176.0
390.0 171.0


36

14
629.0 171.0
629.0 168.0
629.0 168.0
625.0 168.0
625.0 168.0
615.0 173.0
615.0 173.0
601.0 187.0
601.0 187.0
590.0 204.0
590.0 204.0
612.0 189.0
612.0 189.0
629.0 171.0


37

28
737.0 171.0
736.0 167.0
736.0 167.0
719.0 170.0
719.0 170.0
699.0 179.0
699.0 179.0
690.0 188.0
690.0 188.0
647.0 251.0
647.0 251.0
638.0 268.0
638.0 268.0
639.0 275.0
639.0 275.0
644.0 274.0
644.0 274.0
656.0 259.0
656.0 259.0
654.0 278.0
654.0 278.0
659.0 279.0
659.0 279.0
664.0 274.0
664.0 274.0
695.0 225.0
695.0 225.0
737.0 171.0


38

12
326.0 174.0
328.0 169.0
328.0 169.0
318.0 169.0
318.0 169.0
301.0 174.0
301.0 174.0
301.0 178.0
301.0 178.0
309.0 179.0
309.0 179.0
326.0 174.0


39

8
1047.0 174.0
1048.0 172.0
1048.0 172.0
1043.0 173.0
1043.0 173.0
1041.0 178.0
1041.0 178.0
1047.0 174.0


40

26
826.0 177.0
831.0 190.0
831.0 190.0
846.0 210.0
846.0 210.0
880.0 247.0
880.0 247.0
888.0 260.0
888.0 260.0
894.0 261.0
894.0 261.0
900.0 255.0
900.0 255.0
901.0 248.0
901.0 248.0
887.0 227.0
887.0 227.0
867.0 206.0
867.0 206.0
860.0 184.0
860.0 184.0
836.0 172.0
836.0 172.0
827.0 172.0
827.0 172.0
826.0 177.0


41

8
1020.0 177.0
1024.0 175.0
1024.0 175.0
1012.0 174.0
1012.0 174.0
1015.0 187.0
1015.0 187.0
1020.0 177.0


42

16
127.0 179.0
134.0 186.0
134.0 186.0
147.0 187.0
147.0 187.0
155.0 183.0
155.0 183.0
156.0 177.0
156.0 177.0
146.0 171.0
146.0 171.0
131.0 171.0
131.0 171.0
127.0 174.0
127.0 174.0
127.0 179.0


43

48
293.0 182.0
286.0 180.0
286.0 180.0
276.0 183.0
276.0 183.0
237.0 202.0
237.0 202.0
212.0 220.0
212.0 220.0
184.0 247.0
184.0 247.0
166.0 274.0
166.0 274.0
156.0 329.0
156.0 329.0
174.0 307.0
174.0 307.0
187.0 279.0
187.0 279.0
196.0 282.0
196.0 282.0
204.0 276.0
204.0 276.0
208.0 267.0
208.0 267.0
207.0 257.0
207.0 257.0
213.0 254.0
213.0 254.0
209.0 239.0
209.0 239.0
214.0 239.0
214.0 239.0
214.0 234.0
214.0 234.0
223.0 235.0
223.0 235.0
221.0 223.0
221.0 223.0
248.0 208.0
248.0 208.0
281.0 202.0
281.0 202.0
284.0 193.0
284.0 193.0
296.0 188.0
296.0 188.0
293.0 182.0


44

16
323.0 182.0
323.0 178.0
323.0 178.0
316.0 178.0
316.0 178.0
303.0 183.0
303.0 183.0
301.0 188.0
301.0 188.0
304.0 191.0
304.0 191.0
314.0 191.0
314.0 191.0
321.0 188.0
321.0 188.0
323.0 182.0


45

16
342.0 187.0
349.0 192.0
349.0 192.0
363.0 193.0
363.0 193.0
374.0 190.0
374.0 190.0
377.0 184.0
377.0 184.0
370.0 178.0
370.0 178.0
349.0 178.0
349.0 178.0
342.0 181.0
342.0 181.0
342.0 187.0


46

10
578.0 187.0
576.0 184.0
576.0 184.0
567.0 187.0
567.0 187.0
565.0 195.0
565.0 195.0
572.0 195.0
572.0 195.0
578.0 187.0


47

6
1030.0 188.0
1026.0 187.0
1026.0 187.0
1024.0 193.0
1024.0 193.0
1030.0 188.0


48

8
551.0 190.0
544.0 189.0
544.0 189.0
539.0 198.0
539.0 198.0
545.0 198.0
545.0 198.0
551.0 190.0


49

12
121.0 191.0
133.0 197.0
133.0 197.0
143.0 195.0
143.0 195.0
141.0 190.0
141.0 190.0
132.0 186.0
132.0 186.0
122.0 186.0
122.0 186.0
121.0 191.0


50

2
944.0 194.0
944.0 194.0


51

12
310.0 196.0
311.0 193.0
311.0 193.0
308.0 192.0
308.0 192.0
296.0 193.0
296.0 193.0
278.0 207.0
278.0 207.0
296.0 205.0
296.0 205.0
310.0 196.0


52

22
817.0 196.0
832.0 237.0
832.0 237.0
828.0 308.0
828.0 308.0
829.0 315.0
829.0 315.0
834.0 316.0
834.0 316.0
849.0 309.0
849.0 309.0
845.0 279.0
845.0 279.0
846.0 228.0
846.0 228.0
830.0 191.0
830.0 191.0
822.0 181.0
822.0 181.0
818.0 185.0
818.0 185.0
817.0 196.0


53

20
676.0 198.0
677.0 193.0
677.0 193.0
667.0 193.0
667.0 193.0
647.0 204.0
647.0 204.0
611.0 253.0
611.0 253.0
610.0 262.0
610.0 262.0
615.0 268.0
615.0 268.0
625.0 270.0
625.0 270.0
630.0 265.0
630.0 265.0
658.0 228.0
658.0 228.0
676.0 198.0


54

12
1001.0 198.0
1004.0 196.0
1004.0 196.0
995.0 194.0
995.0 194.0
991.0 197.0
991.0 197.0
995.0 209.0
995.0 209.0
997.0 201.0
997.0 201.0
1001.0 198.0


55

14
868.0 199.0
902.0 244.0
902.0 244.0
907.0 245.0
907.0 245.0
913.0 232.0
913.0 232.0
901.0 214.0
901.0 214.0
876.0 193.0
876.0 193.0
871.0 193.0
871.0 193.0
868.0 199.0


56

10
582.0 203.0
582.0 200.0
582.0 200.0
574.0 203.0
574.0 203.0
573.0 215.0
573.0 215.0
579.0 212.0
579.0 212.0
582.0 203.0


57

16
99.0 204.0
106.0 208.0
106.0 208.0
123.0 209.0
123.0 209.0
130.0 206.0
130.0 206.0
131.0 199.0
131.0 199.0
118.0 193.0
118.0 193.0
108.0 193.0
108.0 193.0
100.0 197.0
100.0 197.0
99.0 204.0


58

16
311.0 204.0
320.0 210.0
320.0 210.0
333.0 211.0
333.0 211.0
342.0 208.0
342.0 208.0
345.0 200.0
345.0 200.0
339.0 196.0
339.0 196.0
318.0 195.0
318.0 195.0
311.0 198.0
311.0 198.0
311.0 204.0


59

24
756.0 204.0
757.0 191.0
757.0 191.0
754.0 188.0
754.0 188.0
738.0 200.0
738.0 200.0
730.0 213.0
730.0 213.0
732.0 241.0
732.0 241.0
720.0 284.0
720.0 284.0
720.0 290.0
720.0 290.0
728.0 295.0
728.0 295.0
735.0 296.0
735.0 296.0
740.0 268.0
740.0 268.0
754.0 223.0
754.0 223.0
756.0 204.0


60

2
589.0 205.0
589.0 205.0


61

6
1010.0 207.0
1007.0 206.0
1007.0 206.0
1005.0 211.0
1005.0 211.0
1010.0 207.0


62

12
525.0 209.0
526.0 205.0
526.0 205.0
521.0 205.0
521.0 205.0
514.0 210.0
514.0 210.0
513.0 215.0
513.0 215.0
519.0 215.0
519.0 215.0
525.0 209.0


63

16
637.0 211.0
638.0 207.0
638.0 207.0
632.0 206.0
632.0 206.0
608.0 221.0
608.0 221.0
598.0 233.0
598.0 233.0
603.0 242.0
603.0 242.0
606.0 245.0
606.0 245.0
612.0 243.0
612.0 243.0
637.0 211.0


64

8
901.0 211.0
915.0 225.0
915.0 225.0
916.0 220.0
916.0 220.0
908.0 212.0
908.0 212.0
901.0 211.0


65

14
279.0 212.0
278.0 208.0
278.0 208.0
268.0 208.0
268.0 208.0
253.0 213.0
253.0 213.0
242.0 221.0
242.0 221.0
242.0 225.0
242.0 225.0
251.0 229.0
251.0 229.0
279.0 212.0


66

10
980.0 219.0
983.0 217.0
983.0 217.0
970.0 217.0
970.0 217.0
973.0 229.0
973.0 229.0
975.0 222.0
975.0 222.0
980.0 219.0


67

12
541.0 223.0
540.0 215.0
540.0 215.0
531.0 216.0
531.0 216.0
525.0 225.0
525.0 225.0
525.0 233.0
525.0 233.0
532.0 233.0
532.0 233.0
541.0 223.0


68

18
567.0 224.0
568.0 221.0
568.0 221.0
562.0 219.0
562.0 219.0
548.0 226.0
548.0 226.0
541.0 235.0
541.0 235.0
540.0 248.0
540.0 248.0
544.0 250.0
544.0 250.0
551.0 247.0
551.0 247.0
563.0 234.0
563.0 234.0
567.0 224.0


69

14
319.0 225.0
331.0 232.0
331.0 232.0
339.0 232.0
339.0 232.0
343.0 228.0
343.0 228.0
343.0 222.0
343.0 222.0
334.0 217.0
334.0 217.0
320.0 219.0
320.0 219.0
319.0 225.0


70

12
504.0 225.0
505.0 222.0
505.0 222.0
498.0 223.0
498.0 223.0
493.0 228.0
493.0 228.0
493.0 233.0
493.0 233.0
500.0 232.0
500.0 232.0
504.0 225.0


71

8
990.0 228.0
992.0 227.0
992.0 227.0
986.0 229.0
986.0 229.0
986.0 233.0
986.0 233.0
990.0 228.0


72

16
91.0 229.0
99.0 240.0
99.0 240.0
110.0 241.0
110.0 241.0
120.0 235.0
120.0 235.0
122.0 222.0
122.0 222.0
117.0 212.0
117.0 212.0
107.0 210.0
107.0 210.0
92.0 218.0
92.0 218.0
91.0 229.0


73

14
585.0 232.0
586.0 228.0
586.0 228.0
583.0 226.0
583.0 226.0
573.0 231.0
573.0 231.0
564.0 241.0
564.0 241.0
564.0 249.0
564.0 249.0
575.0 250.0
575.0 250.0
585.0 232.0


74

24
759.0 232.0
762.0 249.0
762.0 249.0
783.0 292.0
783.0 292.0
791.0 319.0
791.0 319.0
795.0 322.0
795.0 322.0
810.0 321.0
810.0 321.0
810.0 311.0
810.0 311.0
782.0 255.0
782.0 255.0
776.0 230.0
776.0 230.0
775.0 205.0
775.0 205.0
767.0 194.0
767.0 194.0
762.0 198.0
762.0 198.0
759.0 232.0


75

14
728.0 234.0
727.0 227.0
727.0 227.0
718.0 228.0
718.0 228.0
704.0 259.0
704.0 259.0
702.0 280.0
702.0 280.0
714.0 287.0
714.0 287.0
726.0 251.0
726.0 251.0
728.0 234.0


76

14
921.0 234.0
936.0 252.0
936.0 252.0
944.0 254.0
944.0 254.0
947.0 251.0
947.0 251.0
945.0 242.0
945.0 242.0
928.0 226.0
928.0 226.0
921.0 226.0
921.0 226.0
921.0 234.0


77

16
226.0 237.0
232.0 242.0
232.0 242.0
241.0 243.0
241.0 243.0
245.0 239.0
245.0 239.0
245.0 233.0
245.0 233.0
240.0 228.0
240.0 228.0
231.0 227.0
231.0 227.0
226.0 231.0
226.0 231.0
226.0 237.0


78

10
50.0 240.0
53.0 244.0
53.0 244.0
64.0 242.0
64.0 242.0
59.0 236.0
59.0 236.0
52.0 236.0
52.0 236.0
50.0 240.0


79

14
114.0 243.0
116.0 242.0
116.0 242.0
93.0 249.0
93.0 249.0
89.0 254.0
89.0 254.0
89.0 261.0
89.0 261.0
95.0 263.0
95.0 263.0
100.0 260.0
100.0 260.0
114.0 243.0


80

10
483.0 251.0
486.0 254.0
486.0 254.0
491.0 253.0
491.0 253.0
488.0 242.0
488.0 242.0
484.0 244.0
484.0 244.0
483.0 251.0


81

10
867.0 253.0
874.0 281.0
874.0 281.0
878.0 281.0
878.0 281.0
887.0 267.0
887.0 267.0
869.0 243.0
869.0 243.0
867.0 253.0


82

16
51.0 254.0
49.0 249.0
49.0 249.0
36.0 250.0
36.0 250.0
20.0 260.0
20.0 260.0
18.0 270.0
18.0 270.0
23.0 274.0
23.0 274.0
35.0 272.0
35.0 272.0
48.0 263.0
48.0 263.0
51.0 254.0


83

16
585.0 254.0
593.0 254.0
593.0 254.0
594.0 258.0
594.0 258.0
598.0 258.0
598.0 258.0
601.0 255.0
601.0 255.0
600.0 243.0
600.0 243.0
597.0 240.0
597.0 240.0
590.0 240.0
590.0 240.0
585.0 254.0


84

14
908.0 254.0
927.0 280.0
927.0 280.0
935.0 276.0
935.0 276.0
937.0 260.0
937.0 260.0
921.0 240.0
921.0 240.0
918.0 239.0
918.0 239.0
910.0 247.0
910.0 247.0
908.0 254.0


85

12
220.0 255.0
223.0 260.0
223.0 260.0
232.0 259.0
232.0 259.0
233.0 253.0
233.0 253.0
228.0 243.0
228.0 243.0
220.0 244.0
220.0 244.0
220.0 255.0


86

10
512.0 255.0
519.0 260.0
519.0 260.0
516.0 250.0
516.0 250.0
512.0 250.0
512.0 250.0
508.0 257.0
508.0 257.0
512.0 255.0


87

2
657.0 257.0
657.0 257.0


88

8
702.0 257.0
703.0 254.0
703.0 254.0
694.0 267.0
694.0 267.0
696.0 273.0
696.0 273.0
702.0 257.0


89

2
147.0 261.0
147.0 261.0


90

4
489.0 261.0
493.0 262.0
493.0 262.0
489.0 261.0


91

10
533.0 262.0
541.0 266.0
541.0 266.0
539.0 257.0
539.0 257.0
533.0 257.0
533.0 257.0
529.0 264.0
529.0 264.0
533.0 262.0


92

8
956.0 263.0
958.0 261.0
958.0 261.0
951.0 262.0
951.0 262.0
954.0 270.0
954.0 270.0
956.0 263.0


93

12
210.0 264.0
215.0 281.0
215.0 281.0
220.0 283.0
220.0 283.0
225.0 273.0
225.0 273.0
223.0 261.0
223.0 261.0
215.0 255.0
215.0 255.0
210.0 264.0


94

6
512.0 266.0
520.0 268.0
520.0 268.0
516.0 264.0
516.0 264.0
512.0 266.0


95

12
554.0 267.0
559.0 267.0
559.0 267.0
563.0 273.0
563.0 273.0
561.0 261.0
561.0 261.0
555.0 261.0
555.0 261.0
550.0 268.0
550.0 268.0
554.0 267.0


96

16
752.0 267.0
763.0 311.0
763.0 311.0
769.0 316.0
769.0 316.0
784.0 318.0
784.0 318.0
785.0 314.0
785.0 314.0
774.0 283.0
774.0 283.0
759.0 254.0
759.0 254.0
753.0 256.0
753.0 256.0
752.0 267.0


97

16
850.0 270.0
853.0 301.0
853.0 301.0
856.0 303.0
856.0 303.0
871.0 288.0
871.0 288.0
864.0 249.0
864.0 249.0
856.0 233.0
856.0 233.0
852.0 234.0
852.0 234.0
850.0 241.0
850.0 241.0
850.0 270.0


98

14
894.0 272.0
908.0 302.0
908.0 302.0
915.0 301.0
915.0 301.0
920.0 296.0
920.0 296.0
921.0 288.0
921.0 288.0
909.0 261.0
909.0 261.0
903.0 258.0
903.0 258.0
894.0 272.0


99

12
582.0 273.0
586.0 274.0
586.0 274.0
589.0 281.0
589.0 281.0
590.0 269.0
590.0 269.0
583.0 267.0
583.0 267.0
577.0 272.0
577.0 272.0
582.0 273.0


100

6
533.0 275.0
540.0 277.0
540.0 277.0
538.0 274.0
538.0 274.0
533.0 275.0


101

6
556.0 282.0
564.0 283.0
564.0 283.0
562.0 280.0
562.0 280.0
556.0 282.0


102

12
609.0 284.0
614.0 285.0
614.0 285.0
617.0 292.0
617.0 292.0
617.0 280.0
617.0 280.0
611.0 278.0
611.0 278.0
604.0 285.0
604.0 285.0
609.0 284.0


103

14
212.0 288.0
213.0 280.0
213.0 280.0
210.0 276.0
210.0 276.0
201.0 278.0
201.0 278.0
191.0 293.0
191.0 293.0
193.0 303.0
193.0 303.0
205.0 301.0
205.0 301.0
212.0 288.0


104

6
577.0 288.0
584.0 289.0
584.0 289.0
583.0 286.0
583.0 286.0
577.0 288.0


105

14
694.0 290.0
695.0 281.0
695.0 281.0
689.0 276.0
689.0 276.0
676.0 301.0
676.0 301.0
679.0 310.0
679.0 310.0
683.0 311.0
683.0 311.0
688.0 307.0
688.0 307.0
694.0 290.0


106

12
876.0 292.0
883.0 317.0
883.0 317.0
900.0 310.0
900.0 310.0
900.0 298.0
900.0 298.0
891.0 275.0
891.0 275.0
878.0 285.0
878.0 285.0
876.0 292.0


107

12
637.0 294.0
645.0 301.0
645.0 301.0
646.0 294.0
646.0 294.0
643.0 288.0
643.0 288.0
636.0 289.0
636.0 289.0
632.0 296.0
632.0 296.0
637.0 294.0


108

8
940.0 294.0
945.0 293.0
945.0 293.0
937.0 291.0
937.0 291.0
938.0 300.0
938.0 300.0
940.0 294.0


109

6
602.0 297.0
609.0 299.0
609.0 299.0
606.0 295.0
606.0 295.0
602.0 297.0


110

16
714.0 299.0
714.0 293.0
714.0 293.0
703.0 287.0
703.0 287.0
699.0 288.0
699.0 288.0
691.0 314.0
691.0 314.0
701.0 328.0
701.0 328.0
708.0 328.0
708.0 328.0
711.0 323.0
711.0 323.0
714.0 299.0


111

10
740.0 301.0
748.0 306.0
748.0 306.0
757.0 307.0
757.0 307.0
749.0 270.0
749.0 270.0
746.0 272.0
746.0 272.0
740.0 301.0


112

6
950.0 304.0
946.0 305.0
946.0 305.0
947.0 310.0
947.0 310.0
950.0 304.0


113

10
187.0 308.0
186.0 290.0
186.0 290.0
177.0 304.0
177.0 304.0
177.0 315.0
177.0 315.0
184.0 316.0
184.0 316.0
187.0 308.0


114

6
629.0 308.0
635.0 310.0
635.0 310.0
633.0 306.0
633.0 306.0
629.0 308.0


115

12
854.0 317.0
858.0 326.0
858.0 326.0
867.0 326.0
867.0 326.0
874.0 320.0
874.0 320.0
872.0 295.0
872.0 295.0
854.0 309.0
854.0 309.0
854.0 317.0


116

10
848.0 318.0
848.0 314.0
848.0 314.0
845.0 313.0
845.0 313.0
829.0 321.0
829.0 321.0
844.0 326.0
844.0 326.0
848.0 318.0


117

8
915.0 318.0
921.0 317.0
921.0 317.0
914.0 313.0
914.0 313.0
913.0 322.0
913.0 322.0
915.0 318.0


118

16
765.0 321.0
774.0 342.0
774.0 342.0
785.0 344.0
785.0 344.0
791.0 341.0
791.0 341.0
792.0 335.0
792.0 335.0
787.0 324.0
787.0 324.0
774.0 318.0
774.0 318.0
765.0 318.0
765.0 318.0
765.0 321.0


119

10
717.0 324.0
723.0 340.0
723.0 340.0
736.0 339.0
736.0 339.0
734.0 303.0
734.0 303.0
719.0 299.0
719.0 299.0
717.0 324.0


120

10
673.0 325.0
677.0 325.0
677.0 325.0
680.0 330.0
680.0 330.0
681.0 322.0
681.0 322.0
677.0 321.0
677.0 321.0
673.0 325.0


121

12
813.0 326.0
814.0 323.0
814.0 323.0
803.0 323.0
803.0 323.0
796.0 324.0
796.0 324.0
795.0 328.0
795.0 328.0
804.0 335.0
804.0 335.0
813.0 326.0


122

18
740.0 330.0
744.0 340.0
744.0 340.0
750.0 344.0
750.0 344.0
759.0 345.0
759.0 345.0
765.0 342.0
765.0 342.0
764.0 328.0
764.0 328.0
759.0 316.0
759.0 316.0
747.0 307.0
747.0 307.0
740.0 307.0
740.0 307.0
740.0 330.0


123

10
891.0 330.0
897.0 332.0
897.0 332.0
891.0 326.0
891.0 326.0
887.0 333.0
887.0 333.0
889.0 334.0
889.0 334.0
891.0 330.0


124

6
923.0 330.0
919.0 329.0
919.0 329.0
917.0 334.0
917.0 334.0
923.0 330.0


125

6
672.0 334.0
679.0 339.0
679.0 339.0
677.0 334.0
677.0 334.0
672.0 334.0


126

8
840.0 338.0
845.0 341.0
845.0 341.0
843.0 333.0
843.0 333.0
836.0 340.0
836.0 340.0
840.0 338.0


127

10
865.0 340.0
870.0 343.0
870.0 343.0
868.0 335.0
868.0 335.0
863.0 337.0
863.0 337.0
861.0 342.0
861.0 342.0
865.0 340.0


128

8
811.0 344.0
816.0 343.0
816.0 343.0
808.0 340.0
808.0 340.0
808.0 348.0
808.0 348.0
811.0 344.0


129

8
703.0 346.0
707.0 350.0
707.0 350.0
705.0 342.0
705.0 342.0
698.0 347.0
698.0 347.0
703.0 346.0


130

8
896.0 349.0
898.0 348.0
898.0 348.0
894.0 347.0
894.0 347.0
891.0 352.0
891.0 352.0
896.0 349.0


131

8
793.0 356.0
792.0 353.0
792.0 353.0
786.0 353.0
786.0 353.0
787.0 361.0
787.0 361.0
793.0 356.0


132

6
866.0 356.0
874.0 355.0
874.0 355.0
869.0 353.0
869.0 353.0
866.0 356.0


133

10
734.0 358.0
740.0 360.0
740.0 360.0
737.0 353.0
737.0 353.0
730.0 357.0
730.0 357.0
731.0 360.0
731.0 360.0
734.0 358.0


134

6
697.0 359.0
703.0 363.0
703.0 363.0
702.0 358.0
702.0 358.0
697.0 359.0


135

10
761.0 359.0
767.0 360.0
767.0 360.0
762.0 354.0
762.0 354.0
759.0 355.0
759.0 355.0
758.0 362.0
758.0 362.0
761.0 359.0


136

12
189.0 361.0
188.0 348.0
188.0 348.0
181.0 346.0
181.0 346.0
178.0 352.0
178.0 352.0
179.0 364.0
179.0 364.0
186.0 366.0
186.0 366.0
189.0 361.0


137

6
733.0 371.0
740.0 373.0
740.0 373.0
737.0 369.0
737.0 369.0
733.0 371.0


138

6
796.0 372.0
793.0 370.0
793.0 370.0
790.0 374.0
790.0 374.0
796.0 372.0


139

16
174.0 375.0
175.0 363.0
175.0 363.0
168.0 361.0
168.0 361.0
158.0 380.0
158.0 380.0
158.0 389.0
158.0 389.0
162.0 395.0
162.0 395.0
168.0 394.0
168.0 394.0
171.0 390.0
171.0 390.0
174.0 375.0


140

6
764.0 377.0
772.0 378.0
772.0 378.0
769.0 375.0
769.0 375.0
764.0 377.0


