1

1050
321.0 0.0
342.0 0.0
342.0 0.0
346.0 2.0
346.0 2.0
348.0 5.0
348.0 5.0
350.0 5.0
350.0 5.0
357.0 13.0
357.0 13.0
360.0 19.0
360.0 19.0
360.0 35.0
360.0 35.0
353.0 43.0
353.0 43.0
345.0 47.0
345.0 47.0
339.0 53.0
339.0 53.0
337.0 53.0
337.0 53.0
336.0 55.0
336.0 55.0
334.0 55.0
334.0 55.0
333.0 57.0
333.0 57.0
331.0 57.0
331.0 57.0
330.0 59.0
330.0 59.0
328.0 59.0
328.0 59.0
315.0 69.0
315.0 69.0
313.0 69.0
313.0 69.0
303.0 78.0
303.0 78.0
301.0 78.0
301.0 78.0
297.0 84.0
297.0 84.0
296.0 93.0
296.0 93.0
289.0 103.0
289.0 103.0
280.0 107.0
280.0 107.0
269.0 108.0
269.0 108.0
267.0 132.0
267.0 132.0
265.0 135.0
265.0 135.0
265.0 141.0
265.0 141.0
259.0 157.0
259.0 157.0
258.0 165.0
258.0 165.0
243.0 195.0
243.0 195.0
241.0 196.0
241.0 196.0
235.0 207.0
235.0 207.0
232.0 209.0
232.0 209.0
232.0 211.0
232.0 211.0
229.0 213.0
229.0 213.0
227.0 218.0
227.0 218.0
233.0 223.0
233.0 223.0
239.0 224.0
239.0 224.0
265.0 237.0
265.0 237.0
271.0 237.0
271.0 237.0
273.0 235.0
273.0 235.0
282.0 233.0
282.0 233.0
292.0 234.0
292.0 234.0
301.0 237.0
301.0 237.0
302.0 239.0
302.0 239.0
311.0 243.0
311.0 243.0
315.0 247.0
315.0 247.0
321.0 249.0
321.0 249.0
331.0 257.0
331.0 257.0
337.0 259.0
337.0 259.0
347.0 267.0
347.0 267.0
363.0 275.0
363.0 275.0
364.0 277.0
364.0 277.0
366.0 277.0
366.0 277.0
379.0 287.0
379.0 287.0
385.0 289.0
385.0 289.0
386.0 291.0
386.0 291.0
388.0 291.0
388.0 291.0
401.0 301.0
401.0 301.0
407.0 303.0
407.0 303.0
417.0 311.0
417.0 311.0
423.0 313.0
423.0 313.0
433.0 321.0
433.0 321.0
439.0 323.0
439.0 323.0
456.0 336.0
456.0 336.0
459.0 336.0
459.0 336.0
459.0 328.0
459.0 328.0
454.0 323.0
454.0 323.0
452.0 317.0
452.0 317.0
452.0 313.0
452.0 313.0
455.0 309.0
455.0 309.0
455.0 295.0
455.0 295.0
453.0 290.0
453.0 290.0
437.0 286.0
437.0 286.0
431.0 281.0
431.0 281.0
429.0 281.0
429.0 281.0
425.0 277.0
425.0 277.0
425.0 275.0
425.0 275.0
423.0 274.0
423.0 274.0
423.0 272.0
423.0 272.0
421.0 271.0
421.0 271.0
413.0 257.0
413.0 257.0
405.0 250.0
405.0 250.0
405.0 248.0
405.0 248.0
398.0 242.0
398.0 242.0
398.0 240.0
398.0 240.0
393.0 236.0
393.0 236.0
393.0 234.0
393.0 234.0
384.0 224.0
384.0 224.0
381.0 216.0
381.0 216.0
381.0 202.0
381.0 202.0
385.0 189.0
385.0 189.0
389.0 186.0
389.0 186.0
390.0 183.0
390.0 183.0
392.0 183.0
392.0 183.0
397.0 178.0
397.0 178.0
410.0 175.0
410.0 175.0
420.0 175.0
420.0 175.0
440.0 179.0
440.0 179.0
449.0 182.0
449.0 182.0
453.0 185.0
453.0 185.0
459.0 186.0
459.0 186.0
467.0 191.0
467.0 191.0
472.0 191.0
472.0 191.0
475.0 193.0
475.0 193.0
516.0 197.0
516.0 197.0
519.0 199.0
519.0 199.0
528.0 199.0
528.0 199.0
539.0 203.0
539.0 203.0
549.0 204.0
549.0 204.0
559.0 209.0
559.0 209.0
562.0 213.0
562.0 213.0
564.0 213.0
564.0 213.0
564.0 215.0
564.0 215.0
567.0 216.0
567.0 216.0
567.0 218.0
567.0 218.0
571.0 221.0
571.0 221.0
574.0 227.0
574.0 227.0
579.0 245.0
579.0 245.0
579.0 260.0
579.0 260.0
577.0 266.0
577.0 266.0
574.0 269.0
574.0 269.0
574.0 271.0
574.0 271.0
570.0 274.0
570.0 274.0
570.0 276.0
570.0 276.0
568.0 276.0
568.0 276.0
565.0 280.0
565.0 280.0
563.0 280.0
563.0 280.0
561.0 283.0
561.0 283.0
555.0 286.0
555.0 286.0
540.0 291.0
540.0 291.0
530.0 291.0
530.0 291.0
524.0 293.0
524.0 293.0
506.0 293.0
506.0 293.0
504.0 295.0
504.0 295.0
504.0 298.0
504.0 298.0
505.0 300.0
505.0 300.0
513.0 304.0
513.0 304.0
518.0 311.0
518.0 311.0
533.0 311.0
533.0 311.0
561.0 319.0
561.0 319.0
570.0 327.0
570.0 327.0
572.0 327.0
572.0 327.0
582.0 339.0
582.0 339.0
585.0 357.0
585.0 357.0
579.0 371.0
579.0 371.0
573.0 377.0
573.0 377.0
571.0 377.0
571.0 377.0
570.0 379.0
570.0 379.0
561.0 384.0
561.0 384.0
535.0 391.0
535.0 391.0
535.0 395.0
535.0 395.0
547.0 409.0
547.0 409.0
547.0 411.0
547.0 411.0
554.0 419.0
554.0 419.0
554.0 421.0
554.0 421.0
557.0 423.0
557.0 423.0
557.0 425.0
557.0 425.0
560.0 427.0
560.0 427.0
560.0 429.0
560.0 429.0
563.0 431.0
563.0 431.0
563.0 433.0
563.0 433.0
568.0 434.0
568.0 434.0
577.0 424.0
577.0 424.0
577.0 422.0
577.0 422.0
587.0 412.0
587.0 412.0
589.0 412.0
589.0 412.0
591.0 409.0
591.0 409.0
593.0 409.0
593.0 409.0
595.0 406.0
595.0 406.0
597.0 406.0
597.0 406.0
605.0 399.0
605.0 399.0
615.0 394.0
615.0 394.0
621.0 393.0
621.0 393.0
628.0 389.0
628.0 389.0
637.0 389.0
637.0 389.0
641.0 387.0
641.0 387.0
654.0 387.0
654.0 387.0
666.0 389.0
666.0 389.0
690.0 397.0
690.0 397.0
695.0 401.0
695.0 401.0
701.0 403.0
701.0 403.0
708.0 410.0
708.0 410.0
710.0 410.0
710.0 410.0
714.0 414.0
714.0 414.0
714.0 416.0
714.0 416.0
719.0 420.0
719.0 420.0
719.0 422.0
719.0 422.0
723.0 425.0
723.0 425.0
723.0 427.0
723.0 427.0
726.0 429.0
726.0 429.0
726.0 431.0
726.0 431.0
729.0 433.0
729.0 433.0
732.0 439.0
732.0 439.0
735.0 441.0
735.0 441.0
737.0 447.0
737.0 447.0
741.0 451.0
741.0 451.0
752.0 473.0
752.0 473.0
753.0 479.0
753.0 479.0
756.0 483.0
756.0 483.0
765.0 510.0
765.0 510.0
765.0 515.0
765.0 515.0
767.0 518.0
767.0 518.0
769.0 533.0
769.0 533.0
771.0 537.0
771.0 537.0
771.0 545.0
771.0 545.0
773.0 549.0
773.0 549.0
774.0 626.0
774.0 626.0
771.0 640.0
771.0 640.0
771.0 648.0
771.0 648.0
769.0 651.0
769.0 651.0
767.0 666.0
767.0 666.0
765.0 669.0
765.0 669.0
765.0 674.0
765.0 674.0
763.0 677.0
763.0 677.0
763.0 682.0
763.0 682.0
758.0 697.0
758.0 697.0
739.0 737.0
739.0 737.0
732.0 745.0
732.0 745.0
732.0 747.0
732.0 747.0
729.0 749.0
729.0 749.0
729.0 751.0
729.0 751.0
726.0 753.0
726.0 753.0
726.0 755.0
726.0 755.0
722.0 758.0
722.0 758.0
722.0 760.0
722.0 760.0
710.0 772.0
710.0 772.0
708.0 772.0
708.0 772.0
705.0 776.0
705.0 776.0
703.0 776.0
703.0 776.0
701.0 779.0
701.0 779.0
699.0 779.0
699.0 779.0
687.0 788.0
687.0 788.0
681.0 789.0
681.0 789.0
677.0 792.0
677.0 792.0
668.0 795.0
668.0 795.0
656.0 797.0
656.0 797.0
642.0 797.0
642.0 797.0
632.0 794.0
632.0 794.0
626.0 794.0
626.0 794.0
617.0 789.0
617.0 789.0
609.0 787.0
609.0 787.0
605.0 783.0
605.0 783.0
595.0 778.0
595.0 778.0
591.0 773.0
591.0 773.0
585.0 770.0
585.0 770.0
577.0 762.0
577.0 762.0
577.0 760.0
577.0 760.0
573.0 757.0
573.0 757.0
573.0 755.0
573.0 755.0
561.0 741.0
561.0 741.0
557.0 731.0
557.0 731.0
553.0 727.0
553.0 727.0
546.0 713.0
546.0 713.0
545.0 708.0
545.0 708.0
543.0 707.0
543.0 707.0
533.0 714.0
533.0 714.0
506.0 723.0
506.0 723.0
485.0 725.0
485.0 725.0
481.0 727.0
481.0 727.0
471.0 727.0
471.0 727.0
465.0 724.0
465.0 724.0
447.0 707.0
447.0 707.0
445.0 707.0
445.0 707.0
442.0 703.0
442.0 703.0
440.0 703.0
440.0 703.0
436.0 698.0
436.0 698.0
434.0 698.0
434.0 698.0
431.0 695.0
431.0 695.0
428.0 688.0
428.0 688.0
428.0 679.0
428.0 679.0
431.0 667.0
431.0 667.0
431.0 659.0
431.0 659.0
433.0 655.0
433.0 655.0
435.0 635.0
435.0 635.0
437.0 631.0
437.0 631.0
437.0 622.0
437.0 622.0
439.0 619.0
439.0 619.0
439.0 609.0
439.0 609.0
437.0 608.0
437.0 608.0
437.0 606.0
437.0 606.0
427.0 593.0
427.0 593.0
418.0 575.0
418.0 575.0
409.0 548.0
409.0 548.0
407.0 535.0
407.0 535.0
405.0 532.0
405.0 532.0
403.0 512.0
403.0 512.0
401.0 506.0
401.0 506.0
401.0 495.0
401.0 495.0
373.0 467.0
373.0 467.0
373.0 465.0
373.0 465.0
319.0 412.0
319.0 412.0
319.0 410.0
319.0 410.0
303.0 393.0
303.0 393.0
300.0 393.0
300.0 393.0
300.0 397.0
300.0 397.0
305.0 403.0
305.0 403.0
320.0 433.0
320.0 433.0
335.0 480.0
335.0 480.0
336.0 492.0
336.0 492.0
338.0 495.0
338.0 495.0
338.0 504.0
338.0 504.0
341.0 513.0
341.0 513.0
341.0 526.0
341.0 526.0
343.0 538.0
343.0 538.0
343.0 582.0
343.0 582.0
336.0 632.0
336.0 632.0
334.0 635.0
334.0 635.0
333.0 644.0
333.0 644.0
329.0 653.0
329.0 653.0
329.0 658.0
329.0 658.0
324.0 673.0
324.0 673.0
313.0 695.0
313.0 695.0
313.0 698.0
313.0 698.0
309.0 703.0
309.0 703.0
305.0 713.0
305.0 713.0
301.0 717.0
301.0 717.0
299.0 723.0
299.0 723.0
292.0 731.0
292.0 731.0
292.0 733.0
292.0 733.0
289.0 735.0
289.0 735.0
289.0 737.0
289.0 737.0
285.0 740.0
285.0 740.0
285.0 742.0
285.0 742.0
274.0 753.0
274.0 753.0
274.0 755.0
274.0 755.0
263.0 765.0
263.0 765.0
261.0 765.0
261.0 765.0
258.0 769.0
258.0 769.0
256.0 769.0
256.0 769.0
253.0 773.0
253.0 773.0
247.0 776.0
247.0 776.0
245.0 779.0
245.0 779.0
215.0 794.0
215.0 794.0
194.0 800.0
194.0 800.0
150.0 800.0
150.0 800.0
123.0 792.0
123.0 792.0
105.0 783.0
105.0 783.0
104.0 781.0
104.0 781.0
93.0 775.0
93.0 775.0
91.0 772.0
91.0 772.0
89.0 772.0
89.0 772.0
81.0 764.0
81.0 764.0
79.0 764.0
79.0 764.0
68.0 753.0
68.0 753.0
68.0 751.0
68.0 751.0
62.0 746.0
62.0 746.0
62.0 744.0
62.0 744.0
58.0 741.0
58.0 741.0
58.0 739.0
58.0 739.0
49.0 729.0
49.0 729.0
29.0 694.0
29.0 694.0
29.0 691.0
29.0 691.0
24.0 683.0
24.0 683.0
23.0 677.0
23.0 677.0
20.0 673.0
20.0 673.0
13.0 652.0
13.0 652.0
9.0 631.0
9.0 631.0
7.0 628.0
7.0 628.0
1.0 584.0
1.0 584.0
1.0 532.0
1.0 532.0
3.0 526.0
3.0 526.0
3.0 513.0
3.0 513.0
5.0 509.0
5.0 509.0
5.0 501.0
5.0 501.0
7.0 497.0
7.0 497.0
9.0 482.0
9.0 482.0
17.0 459.0
17.0 459.0
17.0 454.0
17.0 454.0
21.0 447.0
21.0 447.0
22.0 441.0
22.0 441.0
25.0 437.0
25.0 437.0
26.0 431.0
26.0 431.0
37.0 409.0
37.0 409.0
41.0 405.0
41.0 405.0
43.0 399.0
43.0 399.0
45.0 398.0
45.0 398.0
51.0 387.0
51.0 387.0
55.0 384.0
55.0 384.0
55.0 382.0
55.0 382.0
59.0 379.0
59.0 379.0
63.0 372.0
63.0 372.0
70.0 366.0
70.0 366.0
70.0 364.0
70.0 364.0
74.0 360.0
74.0 360.0
76.0 360.0
76.0 360.0
89.0 347.0
89.0 347.0
91.0 347.0
91.0 347.0
92.0 345.0
92.0 345.0
94.0 345.0
94.0 345.0
107.0 335.0
107.0 335.0
125.0 327.0
125.0 327.0
129.0 321.0
129.0 321.0
132.0 309.0
132.0 309.0
137.0 303.0
137.0 303.0
137.0 301.0
137.0 301.0
148.0 289.0
148.0 289.0
150.0 289.0
150.0 289.0
153.0 285.0
153.0 285.0
159.0 283.0
159.0 283.0
162.0 280.0
162.0 280.0
163.0 272.0
163.0 272.0
145.0 270.0
145.0 270.0
140.0 268.0
140.0 268.0
133.0 261.0
133.0 261.0
120.0 260.0
120.0 260.0
105.0 255.0
105.0 255.0
89.0 239.0
89.0 239.0
85.0 227.0
85.0 227.0
82.0 224.0
82.0 224.0
69.0 223.0
69.0 223.0
62.0 227.0
62.0 227.0
61.0 229.0
61.0 229.0
59.0 229.0
59.0 229.0
58.0 231.0
58.0 231.0
56.0 231.0
56.0 231.0
55.0 233.0
55.0 233.0
53.0 233.0
53.0 233.0
52.0 235.0
52.0 235.0
50.0 235.0
50.0 235.0
49.0 237.0
49.0 237.0
47.0 237.0
47.0 237.0
46.0 239.0
46.0 239.0
44.0 239.0
44.0 239.0
43.0 241.0
43.0 241.0
41.0 241.0
41.0 241.0
40.0 243.0
40.0 243.0
38.0 243.0
38.0 243.0
37.0 245.0
37.0 245.0
35.0 245.0
35.0 245.0
34.0 247.0
34.0 247.0
32.0 247.0
32.0 247.0
31.0 249.0
31.0 249.0
29.0 249.0
29.0 249.0
28.0 251.0
28.0 251.0
26.0 251.0
26.0 251.0
25.0 253.0
25.0 253.0
20.0 255.0
20.0 255.0
14.0 255.0
14.0 255.0
9.0 253.0
9.0 253.0
0.0 244.0
0.0 244.0
0.0 228.0
0.0 228.0
9.0 219.0
9.0 219.0
17.0 215.0
17.0 215.0
19.0 212.0
19.0 212.0
21.0 212.0
21.0 212.0
23.0 209.0
23.0 209.0
31.0 205.0
31.0 205.0
33.0 202.0
33.0 202.0
35.0 202.0
35.0 202.0
37.0 199.0
37.0 199.0
45.0 195.0
45.0 195.0
50.0 190.0
50.0 190.0
50.0 183.0
50.0 183.0
53.0 175.0
53.0 175.0
63.0 165.0
63.0 165.0
71.0 161.0
71.0 161.0
73.0 153.0
73.0 153.0
83.0 143.0
83.0 143.0
89.0 141.0
89.0 141.0
95.0 135.0
95.0 135.0
107.0 129.0
107.0 129.0
108.0 127.0
108.0 127.0
110.0 127.0
110.0 127.0
111.0 125.0
111.0 125.0
113.0 125.0
113.0 125.0
114.0 123.0
114.0 123.0
116.0 123.0
116.0 123.0
117.0 121.0
117.0 121.0
119.0 121.0
119.0 121.0
120.0 119.0
120.0 119.0
122.0 119.0
122.0 119.0
123.0 117.0
123.0 117.0
125.0 117.0
125.0 117.0
126.0 115.0
126.0 115.0
128.0 115.0
128.0 115.0
129.0 113.0
129.0 113.0
131.0 113.0
131.0 113.0
132.0 111.0
132.0 111.0
134.0 111.0
134.0 111.0
135.0 109.0
135.0 109.0
137.0 109.0
137.0 109.0
138.0 107.0
138.0 107.0
140.0 107.0
140.0 107.0
141.0 105.0
141.0 105.0
143.0 105.0
143.0 105.0
144.0 103.0
144.0 103.0
158.0 95.0
158.0 95.0
159.0 93.0
159.0 93.0
161.0 93.0
161.0 93.0
162.0 91.0
162.0 91.0
164.0 91.0
164.0 91.0
165.0 89.0
165.0 89.0
167.0 89.0
167.0 89.0
168.0 87.0
168.0 87.0
170.0 87.0
170.0 87.0
171.0 85.0
171.0 85.0
173.0 85.0
173.0 85.0
174.0 83.0
174.0 83.0
176.0 83.0
176.0 83.0
177.0 81.0
177.0 81.0
179.0 81.0
179.0 81.0
195.0 69.0
195.0 69.0
205.0 64.0
205.0 64.0
213.0 63.0
213.0 63.0
224.0 59.0
224.0 59.0
228.0 41.0
228.0 41.0
233.0 36.0
233.0 36.0
233.0 34.0
233.0 34.0
237.0 32.0
237.0 32.0
239.0 29.0
239.0 29.0
244.0 27.0
244.0 27.0
262.0 27.0
262.0 27.0
269.0 31.0
269.0 31.0
273.0 31.0
273.0 31.0
280.0 27.0
280.0 27.0
281.0 25.0
281.0 25.0
287.0 23.0
287.0 23.0
297.0 15.0
297.0 15.0
303.0 13.0
303.0 13.0
313.0 5.0
313.0 5.0
319.0 3.0
319.0 3.0
321.0 0.0


2

22
325.0 22.0
329.0 33.0
329.0 33.0
336.0 38.0
336.0 38.0
343.0 38.0
343.0 38.0
346.0 35.0
346.0 35.0
348.0 35.0
348.0 35.0
352.0 30.0
352.0 30.0
352.0 24.0
352.0 24.0
349.0 17.0
349.0 17.0
339.0 9.0
339.0 9.0
326.0 10.0
326.0 10.0
325.0 22.0


3

32
307.0 33.0
309.0 36.0
309.0 36.0
309.0 41.0
309.0 41.0
317.0 49.0
317.0 49.0
325.0 51.0
325.0 51.0
326.0 49.0
326.0 49.0
329.0 48.0
329.0 48.0
329.0 44.0
329.0 44.0
326.0 41.0
326.0 41.0
324.0 41.0
324.0 41.0
319.0 34.0
319.0 34.0
317.0 28.0
317.0 28.0
317.0 20.0
317.0 20.0
315.0 17.0
315.0 17.0
311.0 17.0
311.0 17.0
307.0 21.0
307.0 21.0
307.0 33.0


4

32
287.0 45.0
289.0 46.0
289.0 46.0
291.0 51.0
291.0 51.0
295.0 53.0
295.0 53.0
297.0 56.0
297.0 56.0
299.0 56.0
299.0 56.0
301.0 59.0
301.0 59.0
305.0 61.0
305.0 61.0
312.0 60.0
312.0 60.0
312.0 56.0
312.0 56.0
309.0 55.0
309.0 55.0
303.0 49.0
303.0 49.0
300.0 43.0
300.0 43.0
297.0 28.0
297.0 28.0
294.0 28.0
294.0 28.0
287.0 33.0
287.0 33.0
287.0 45.0


5

28
273.0 53.0
275.0 59.0
275.0 59.0
283.0 67.0
283.0 67.0
285.0 67.0
285.0 67.0
291.0 72.0
291.0 72.0
297.0 71.0
297.0 71.0
298.0 67.0
298.0 67.0
291.0 63.0
291.0 63.0
288.0 59.0
288.0 59.0
286.0 59.0
286.0 59.0
285.0 56.0
285.0 56.0
281.0 53.0
281.0 53.0
278.0 43.0
278.0 43.0
274.0 44.0
274.0 44.0
273.0 53.0


6

34
235.0 65.0
245.0 85.0
245.0 85.0
257.0 95.0
257.0 95.0
268.0 98.0
268.0 98.0
274.0 98.0
274.0 98.0
281.0 97.0
281.0 97.0
287.0 91.0
287.0 91.0
287.0 80.0
287.0 80.0
281.0 77.0
281.0 77.0
278.0 73.0
278.0 73.0
276.0 73.0
276.0 73.0
266.0 61.0
266.0 61.0
265.0 40.0
265.0 40.0
263.0 38.0
263.0 38.0
253.0 35.0
253.0 35.0
241.0 39.0
241.0 39.0
235.0 49.0
235.0 49.0
235.0 65.0


7

22
221.0 85.0
225.0 93.0
225.0 93.0
231.0 99.0
231.0 99.0
237.0 102.0
237.0 102.0
242.0 100.0
242.0 100.0
243.0 95.0
243.0 95.0
240.0 93.0
240.0 93.0
240.0 91.0
240.0 91.0
233.0 83.0
233.0 83.0
226.0 69.0
226.0 69.0
221.0 70.0
221.0 70.0
221.0 85.0


8

172
233.0 114.0
233.0 111.0
233.0 111.0
225.0 105.0
225.0 105.0
223.0 105.0
223.0 105.0
215.0 95.0
215.0 95.0
211.0 75.0
211.0 75.0
207.0 73.0
207.0 73.0
199.0 79.0
199.0 79.0
197.0 79.0
197.0 79.0
196.0 81.0
196.0 81.0
194.0 81.0
194.0 81.0
193.0 83.0
193.0 83.0
181.0 89.0
181.0 89.0
175.0 95.0
175.0 95.0
169.0 97.0
169.0 97.0
167.0 100.0
167.0 100.0
165.0 100.0
165.0 100.0
163.0 103.0
163.0 103.0
161.0 103.0
161.0 103.0
145.0 115.0
145.0 115.0
139.0 117.0
139.0 117.0
123.0 129.0
123.0 129.0
121.0 129.0
121.0 129.0
120.0 131.0
120.0 131.0
118.0 131.0
118.0 131.0
117.0 133.0
117.0 133.0
115.0 133.0
115.0 133.0
114.0 135.0
114.0 135.0
112.0 135.0
112.0 135.0
111.0 137.0
111.0 137.0
109.0 137.0
109.0 137.0
108.0 139.0
108.0 139.0
106.0 139.0
106.0 139.0
105.0 141.0
105.0 141.0
103.0 141.0
103.0 141.0
102.0 143.0
102.0 143.0
100.0 143.0
100.0 143.0
87.0 153.0
87.0 153.0
85.0 153.0
85.0 153.0
81.0 157.0
81.0 157.0
79.0 163.0
79.0 163.0
80.0 175.0
80.0 175.0
85.0 185.0
85.0 185.0
93.0 193.0
93.0 193.0
103.0 197.0
103.0 197.0
107.0 197.0
107.0 197.0
119.0 191.0
119.0 191.0
120.0 189.0
120.0 189.0
122.0 189.0
122.0 189.0
123.0 187.0
123.0 187.0
125.0 187.0
125.0 187.0
126.0 185.0
126.0 185.0
128.0 185.0
128.0 185.0
129.0 183.0
129.0 183.0
131.0 183.0
131.0 183.0
132.0 181.0
132.0 181.0
134.0 181.0
134.0 181.0
147.0 171.0
147.0 171.0
153.0 169.0
153.0 169.0
154.0 167.0
154.0 167.0
156.0 167.0
156.0 167.0
157.0 165.0
157.0 165.0
159.0 165.0
159.0 165.0
160.0 163.0
160.0 163.0
162.0 163.0
162.0 163.0
163.0 161.0
163.0 161.0
165.0 161.0
165.0 161.0
166.0 159.0
166.0 159.0
168.0 159.0
168.0 159.0
169.0 157.0
169.0 157.0
171.0 157.0
171.0 157.0
172.0 155.0
172.0 155.0
174.0 155.0
174.0 155.0
187.0 145.0
187.0 145.0
193.0 143.0
193.0 143.0
194.0 141.0
194.0 141.0
196.0 141.0
196.0 141.0
197.0 139.0
197.0 139.0
199.0 139.0
199.0 139.0
200.0 137.0
200.0 137.0
202.0 137.0
202.0 137.0
215.0 127.0
215.0 127.0
221.0 125.0
221.0 125.0
222.0 123.0
222.0 123.0
230.0 119.0
230.0 119.0
233.0 116.0
233.0 116.0
233.0 114.0


9

68
259.0 114.0
260.0 108.0
260.0 108.0
255.0 103.0
255.0 103.0
251.0 103.0
251.0 103.0
243.0 111.0
243.0 111.0
243.0 117.0
243.0 117.0
240.0 123.0
240.0 123.0
239.0 139.0
239.0 139.0
234.0 157.0
234.0 157.0
229.0 167.0
229.0 167.0
227.0 168.0
227.0 168.0
221.0 179.0
221.0 179.0
218.0 181.0
218.0 181.0
218.0 183.0
218.0 183.0
205.0 197.0
205.0 197.0
203.0 197.0
203.0 197.0
199.0 201.0
199.0 201.0
198.0 211.0
198.0 211.0
201.0 214.0
201.0 214.0
209.0 218.0
209.0 218.0
213.0 218.0
213.0 218.0
227.0 203.0
227.0 203.0
229.0 197.0
229.0 197.0
231.0 196.0
231.0 196.0
235.0 187.0
235.0 187.0
239.0 183.0
239.0 183.0
247.0 167.0
247.0 167.0
250.0 155.0
250.0 155.0
253.0 151.0
253.0 151.0
253.0 146.0
253.0 146.0
255.0 143.0
255.0 143.0
255.0 138.0
255.0 138.0
257.0 135.0
257.0 135.0
259.0 124.0
259.0 124.0
259.0 114.0


10

126
229.0 138.0
230.0 131.0
230.0 131.0
223.0 133.0
223.0 133.0
222.0 135.0
222.0 135.0
220.0 135.0
220.0 135.0
219.0 137.0
219.0 137.0
217.0 137.0
217.0 137.0
216.0 139.0
216.0 139.0
214.0 139.0
214.0 139.0
201.0 149.0
201.0 149.0
195.0 151.0
195.0 151.0
194.0 153.0
194.0 153.0
192.0 153.0
192.0 153.0
191.0 155.0
191.0 155.0
189.0 155.0
189.0 155.0
188.0 157.0
188.0 157.0
186.0 157.0
186.0 157.0
173.0 167.0
173.0 167.0
167.0 169.0
167.0 169.0
166.0 171.0
166.0 171.0
164.0 171.0
164.0 171.0
163.0 173.0
163.0 173.0
161.0 173.0
161.0 173.0
160.0 175.0
160.0 175.0
158.0 175.0
158.0 175.0
157.0 177.0
157.0 177.0
155.0 177.0
155.0 177.0
154.0 179.0
154.0 179.0
152.0 179.0
152.0 179.0
151.0 181.0
151.0 181.0
149.0 181.0
149.0 181.0
148.0 183.0
148.0 183.0
146.0 183.0
146.0 183.0
133.0 193.0
133.0 193.0
127.0 195.0
127.0 195.0
126.0 197.0
126.0 197.0
118.0 201.0
118.0 201.0
115.0 204.0
115.0 204.0
115.0 213.0
115.0 213.0
117.0 217.0
117.0 217.0
121.0 221.0
121.0 221.0
129.0 223.0
129.0 223.0
136.0 219.0
136.0 219.0
137.0 217.0
137.0 217.0
143.0 215.0
143.0 215.0
144.0 213.0
144.0 213.0
146.0 213.0
146.0 213.0
147.0 211.0
147.0 211.0
149.0 211.0
149.0 211.0
150.0 209.0
150.0 209.0
152.0 209.0
152.0 209.0
165.0 199.0
165.0 199.0
171.0 197.0
171.0 197.0
173.0 194.0
173.0 194.0
175.0 194.0
175.0 194.0
177.0 191.0
177.0 191.0
181.0 189.0
181.0 189.0
199.0 189.0
199.0 189.0
213.0 175.0
213.0 175.0
219.0 163.0
219.0 163.0
223.0 159.0
223.0 159.0
224.0 153.0
224.0 153.0
229.0 143.0
229.0 143.0
229.0 138.0


11

32
59.0 191.0
65.0 203.0
65.0 203.0
77.0 215.0
77.0 215.0
81.0 215.0
81.0 215.0
89.0 209.0
89.0 209.0
91.0 205.0
91.0 205.0
90.0 201.0
90.0 201.0
86.0 197.0
86.0 197.0
84.0 197.0
84.0 197.0
81.0 194.0
81.0 194.0
81.0 192.0
81.0 192.0
77.0 189.0
77.0 189.0
70.0 174.0
70.0 174.0
65.0 175.0
65.0 175.0
61.0 179.0
61.0 179.0
59.0 183.0
59.0 183.0
59.0 191.0


12

76
428.0 201.0
454.0 203.0
454.0 203.0
479.0 215.0
479.0 215.0
487.0 222.0
487.0 222.0
489.0 222.0
489.0 222.0
491.0 225.0
491.0 225.0
505.0 233.0
505.0 233.0
518.0 246.0
518.0 246.0
520.0 246.0
520.0 246.0
535.0 262.0
535.0 262.0
537.0 262.0
537.0 262.0
539.0 265.0
539.0 265.0
547.0 269.0
547.0 269.0
563.0 269.0
563.0 269.0
569.0 261.0
569.0 261.0
569.0 241.0
569.0 241.0
561.0 223.0
561.0 223.0
551.0 215.0
551.0 215.0
539.0 211.0
539.0 211.0
506.0 205.0
506.0 205.0
492.0 205.0
492.0 205.0
486.0 203.0
486.0 203.0
478.0 203.0
478.0 203.0
475.0 201.0
475.0 201.0
468.0 201.0
468.0 201.0
461.0 197.0
461.0 197.0
455.0 196.0
455.0 196.0
451.0 193.0
451.0 193.0
445.0 192.0
445.0 192.0
441.0 189.0
441.0 189.0
430.0 187.0
430.0 187.0
427.0 185.0
427.0 185.0
407.0 185.0
407.0 185.0
397.0 189.0
397.0 189.0
391.0 197.0
391.0 197.0
391.0 209.0
391.0 209.0
396.0 210.0
396.0 210.0
408.0 205.0
408.0 205.0
428.0 201.0


13

16
48.0 210.0
53.0 218.0
53.0 218.0
59.0 219.0
59.0 219.0
62.0 217.0
62.0 217.0
61.0 212.0
61.0 212.0
59.0 211.0
59.0 211.0
54.0 202.0
54.0 202.0
49.0 203.0
49.0 203.0
48.0 210.0


14

22
180.0 219.0
187.0 229.0
187.0 229.0
201.0 235.0
201.0 235.0
205.0 233.0
205.0 233.0
205.0 227.0
205.0 227.0
201.0 223.0
201.0 223.0
194.0 221.0
194.0 221.0
190.0 218.0
190.0 218.0
189.0 199.0
189.0 199.0
187.0 197.0
187.0 197.0
181.0 201.0
181.0 201.0
180.0 219.0


15

18
34.0 220.0
35.0 225.0
35.0 225.0
38.0 229.0
38.0 229.0
42.0 230.0
42.0 230.0
46.0 227.0
46.0 227.0
46.0 224.0
46.0 224.0
42.0 220.0
42.0 220.0
40.0 213.0
40.0 213.0
35.0 213.0
35.0 213.0
34.0 220.0


16

68
395.0 222.0
399.0 229.0
399.0 229.0
409.0 238.0
409.0 238.0
409.0 240.0
409.0 240.0
420.0 251.0
420.0 251.0
420.0 253.0
420.0 253.0
427.0 261.0
427.0 261.0
429.0 267.0
429.0 267.0
439.0 277.0
439.0 277.0
443.0 279.0
443.0 279.0
451.0 279.0
451.0 279.0
453.0 277.0
453.0 277.0
453.0 269.0
453.0 269.0
448.0 265.0
448.0 265.0
448.0 263.0
448.0 263.0
443.0 258.0
443.0 258.0
441.0 254.0
441.0 254.0
441.0 249.0
441.0 249.0
445.0 245.0
445.0 245.0
451.0 243.0
451.0 243.0
455.0 239.0
455.0 239.0
465.0 234.0
465.0 234.0
481.0 230.0
481.0 230.0
477.0 225.0
477.0 225.0
475.0 225.0
475.0 225.0
471.0 221.0
471.0 221.0
455.0 213.0
455.0 213.0
448.0 213.0
448.0 213.0
445.0 211.0
445.0 211.0
421.0 211.0
421.0 211.0
418.0 213.0
418.0 213.0
413.0 213.0
413.0 213.0
398.0 218.0
398.0 218.0
396.0 219.0
396.0 219.0
395.0 222.0


17

32
92.0 223.0
99.0 237.0
99.0 237.0
107.0 245.0
107.0 245.0
121.0 251.0
121.0 251.0
125.0 249.0
125.0 249.0
123.0 232.0
123.0 232.0
115.0 228.0
115.0 228.0
113.0 224.0
113.0 224.0
109.0 221.0
109.0 221.0
106.0 214.0
106.0 214.0
106.0 209.0
106.0 209.0
104.0 207.0
104.0 207.0
101.0 207.0
101.0 207.0
99.0 209.0
99.0 209.0
99.0 211.0
99.0 211.0
93.0 217.0
93.0 217.0
92.0 223.0


18

12
20.0 234.0
26.0 239.0
26.0 239.0
30.0 238.0
30.0 238.0
30.0 234.0
30.0 234.0
24.0 222.0
24.0 222.0
20.0 224.0
20.0 224.0
20.0 234.0


19

28
221.0 234.0
222.0 228.0
222.0 228.0
220.0 226.0
220.0 226.0
216.0 227.0
216.0 227.0
214.0 238.0
214.0 238.0
211.0 240.0
211.0 240.0
211.0 242.0
211.0 242.0
209.0 242.0
209.0 242.0
206.0 245.0
206.0 245.0
206.0 249.0
206.0 249.0
208.0 251.0
208.0 251.0
213.0 252.0
213.0 252.0
217.0 249.0
217.0 249.0
221.0 239.0
221.0 239.0
221.0 234.0


20

14
9.0 240.0
10.0 242.0
10.0 242.0
14.0 243.0
14.0 243.0
14.0 240.0
14.0 240.0
12.0 239.0
12.0 239.0
11.0 235.0
11.0 235.0
9.0 235.0
9.0 235.0
9.0 240.0


21

44
190.0 242.0
191.0 241.0
191.0 241.0
189.0 239.0
189.0 239.0
184.0 238.0
184.0 238.0
174.0 228.0
174.0 228.0
171.0 219.0
171.0 219.0
170.0 209.0
170.0 209.0
167.0 209.0
167.0 209.0
166.0 211.0
166.0 211.0
164.0 211.0
164.0 211.0
151.0 221.0
151.0 221.0
145.0 223.0
145.0 223.0
144.0 225.0
144.0 225.0
142.0 225.0
142.0 225.0
133.0 232.0
133.0 232.0
133.0 245.0
133.0 245.0
137.0 253.0
137.0 253.0
147.0 261.0
147.0 261.0
159.0 261.0
159.0 261.0
175.0 253.0
175.0 253.0
179.0 249.0
179.0 249.0
189.0 245.0
189.0 245.0
190.0 242.0


22

114
279.0 249.0
281.0 253.0
281.0 253.0
280.0 269.0
280.0 269.0
275.0 274.0
275.0 274.0
274.0 277.0
274.0 277.0
272.0 277.0
272.0 277.0
269.0 281.0
269.0 281.0
264.0 283.0
264.0 283.0
265.0 289.0
265.0 289.0
271.0 295.0
271.0 295.0
274.0 295.0
274.0 295.0
279.0 299.0
279.0 299.0
297.0 307.0
297.0 307.0
301.0 311.0
301.0 311.0
319.0 319.0
319.0 319.0
323.0 323.0
323.0 323.0
341.0 331.0
341.0 331.0
345.0 335.0
345.0 335.0
363.0 343.0
363.0 343.0
367.0 347.0
367.0 347.0
385.0 355.0
385.0 355.0
389.0 359.0
389.0 359.0
407.0 367.0
407.0 367.0
411.0 371.0
411.0 371.0
425.0 377.0
425.0 377.0
428.0 380.0
428.0 380.0
435.0 380.0
435.0 380.0
441.0 377.0
441.0 377.0
449.0 369.0
449.0 369.0
453.0 360.0
453.0 360.0
453.0 349.0
453.0 349.0
451.0 343.0
451.0 343.0
447.0 339.0
447.0 339.0
441.0 337.0
441.0 337.0
431.0 329.0
431.0 329.0
425.0 327.0
425.0 327.0
424.0 325.0
424.0 325.0
422.0 325.0
422.0 325.0
409.0 315.0
409.0 315.0
403.0 313.0
403.0 313.0
393.0 305.0
393.0 305.0
387.0 303.0
387.0 303.0
377.0 295.0
377.0 295.0
371.0 293.0
371.0 293.0
361.0 285.0
361.0 285.0
355.0 283.0
355.0 283.0
354.0 281.0
354.0 281.0
352.0 281.0
352.0 281.0
339.0 271.0
339.0 271.0
323.0 263.0
323.0 263.0
322.0 261.0
322.0 261.0
320.0 261.0
320.0 261.0
313.0 255.0
313.0 255.0
307.0 253.0
307.0 253.0
303.0 249.0
303.0 249.0
289.0 243.0
289.0 243.0
280.0 243.0
280.0 243.0
279.0 249.0


23

22
481.0 252.0
495.0 253.0
495.0 253.0
495.0 249.0
495.0 249.0
485.0 241.0
485.0 241.0
473.0 241.0
473.0 241.0
455.0 250.0
455.0 250.0
453.0 252.0
453.0 252.0
453.0 256.0
453.0 256.0
458.0 259.0
458.0 259.0
464.0 255.0
464.0 255.0
477.0 254.0
477.0 254.0
481.0 252.0


24

264
232.0 262.0
239.0 262.0
239.0 262.0
257.0 271.0
257.0 271.0
265.0 272.0
265.0 272.0
272.0 265.0
272.0 265.0
273.0 262.0
273.0 262.0
271.0 251.0
271.0 251.0
263.0 245.0
263.0 245.0
257.0 244.0
257.0 244.0
245.0 237.0
245.0 237.0
232.0 233.0
232.0 233.0
225.0 253.0
225.0 253.0
218.0 260.0
218.0 260.0
207.0 262.0
207.0 262.0
208.0 276.0
208.0 276.0
210.0 279.0
210.0 279.0
219.0 280.0
219.0 280.0
233.0 285.0
233.0 285.0
243.0 294.0
243.0 294.0
251.0 308.0
251.0 308.0
253.0 329.0
253.0 329.0
273.0 348.0
273.0 348.0
277.0 355.0
277.0 355.0
280.0 358.0
280.0 358.0
282.0 358.0
282.0 358.0
294.0 370.0
294.0 370.0
294.0 372.0
294.0 372.0
312.0 389.0
312.0 389.0
312.0 391.0
312.0 391.0
314.0 391.0
314.0 391.0
326.0 403.0
326.0 403.0
326.0 405.0
326.0 405.0
328.0 405.0
328.0 405.0
331.0 408.0
331.0 408.0
331.0 410.0
331.0 410.0
338.0 416.0
338.0 416.0
338.0 418.0
338.0 418.0
342.0 422.0
342.0 422.0
344.0 422.0
344.0 422.0
352.0 430.0
352.0 430.0
352.0 432.0
352.0 432.0
408.0 488.0
408.0 488.0
411.0 500.0
411.0 500.0
413.0 523.0
413.0 523.0
415.0 527.0
415.0 527.0
417.0 543.0
417.0 543.0
421.0 552.0
421.0 552.0
421.0 557.0
421.0 557.0
424.0 561.0
424.0 561.0
427.0 573.0
427.0 573.0
435.0 589.0
435.0 589.0
440.0 595.0
440.0 595.0
443.0 594.0
443.0 594.0
445.0 579.0
445.0 579.0
436.0 563.0
436.0 563.0
430.0 544.0
430.0 544.0
428.0 528.0
428.0 528.0
429.0 499.0
429.0 499.0
434.0 483.0
434.0 483.0
437.0 477.0
437.0 477.0
446.0 467.0
446.0 467.0
448.0 467.0
448.0 467.0
453.0 462.0
453.0 462.0
463.0 459.0
463.0 459.0
471.0 459.0
471.0 459.0
481.0 462.0
481.0 462.0
487.0 467.0
487.0 467.0
489.0 467.0
489.0 467.0
499.0 477.0
499.0 477.0
499.0 479.0
499.0 479.0
505.0 485.0
505.0 485.0
517.0 512.0
517.0 512.0
521.0 536.0
521.0 536.0
521.0 550.0
521.0 550.0
519.0 556.0
519.0 556.0
519.0 564.0
519.0 564.0
511.0 585.0
511.0 585.0
501.0 597.0
501.0 597.0
491.0 602.0
491.0 602.0
483.0 604.0
483.0 604.0
480.0 621.0
480.0 621.0
482.0 623.0
482.0 623.0
494.0 622.0
494.0 622.0
511.0 615.0
511.0 615.0
519.0 607.0
519.0 607.0
519.0 605.0
519.0 605.0
523.0 601.0
523.0 601.0
525.0 594.0
525.0 594.0
527.0 593.0
527.0 593.0
533.0 562.0
533.0 562.0
533.0 530.0
533.0 530.0
531.0 524.0
531.0 524.0
531.0 515.0
531.0 515.0
529.0 512.0
529.0 512.0
529.0 507.0
529.0 507.0
527.0 504.0
527.0 504.0
525.0 493.0
525.0 493.0
522.0 489.0
522.0 489.0
522.0 485.0
522.0 485.0
513.0 467.0
513.0 467.0
511.0 466.0
511.0 466.0
505.0 455.0
505.0 455.0
491.0 441.0
491.0 441.0
489.0 441.0
489.0 441.0
485.0 437.0
485.0 437.0
477.0 433.0
477.0 433.0
457.0 431.0
457.0 431.0
441.0 437.0
441.0 437.0
422.0 458.0
422.0 458.0
416.0 458.0
416.0 458.0
403.0 446.0
403.0 446.0
399.0 439.0
399.0 439.0
396.0 436.0
396.0 436.0
394.0 436.0
394.0 436.0
390.0 432.0
390.0 432.0
390.0 430.0
390.0 430.0
384.0 424.0
384.0 424.0
382.0 424.0
382.0 424.0
374.0 416.0
374.0 416.0
374.0 414.0
374.0 414.0
279.0 319.0
279.0 319.0
279.0 317.0
279.0 317.0
262.0 301.0
262.0 301.0
262.0 299.0
262.0 299.0
260.0 299.0
260.0 299.0
244.0 283.0
244.0 283.0
244.0 281.0
244.0 281.0
242.0 281.0
242.0 281.0
233.0 272.0
233.0 272.0
233.0 270.0
233.0 270.0
230.0 268.0
230.0 268.0
230.0 264.0
230.0 264.0
232.0 262.0


25

40
502.0 266.0
504.0 270.0
504.0 270.0
504.0 281.0
504.0 281.0
506.0 283.0
506.0 283.0
529.0 283.0
529.0 283.0
532.0 281.0
532.0 281.0
541.0 281.0
541.0 281.0
543.0 279.0
543.0 279.0
543.0 277.0
543.0 277.0
541.0 277.0
541.0 277.0
533.0 270.0
533.0 270.0
531.0 270.0
531.0 270.0
529.0 267.0
529.0 267.0
527.0 267.0
527.0 267.0
525.0 264.0
525.0 264.0
523.0 264.0
523.0 264.0
508.0 248.0
508.0 248.0
505.0 248.0
505.0 248.0
505.0 258.0
505.0 258.0
502.0 261.0
502.0 261.0
502.0 266.0


26

20
198.0 276.0
199.0 273.0
199.0 273.0
197.0 269.0
197.0 269.0
196.0 252.0
196.0 252.0
193.0 252.0
193.0 252.0
187.0 257.0
187.0 257.0
177.0 261.0
177.0 261.0
172.0 267.0
172.0 267.0
173.0 278.0
173.0 278.0
197.0 278.0
197.0 278.0
198.0 276.0


27

16
475.0 282.0
478.0 297.0
478.0 297.0
495.0 296.0
495.0 296.0
495.0 271.0
495.0 271.0
493.0 265.0
493.0 265.0
489.0 261.0
489.0 261.0
483.0 261.0
483.0 261.0
478.0 265.0
478.0 265.0
475.0 282.0


28

12
462.0 286.0
463.0 297.0
463.0 297.0
464.0 299.0
464.0 299.0
466.0 299.0
466.0 299.0
467.0 267.0
467.0 267.0
463.0 269.0
463.0 269.0
462.0 286.0


29

108
188.0 302.0
200.0 302.0
200.0 302.0
211.0 304.0
211.0 304.0
221.0 313.0
221.0 313.0
229.0 333.0
229.0 333.0
231.0 352.0
231.0 352.0
233.0 358.0
233.0 358.0
234.0 378.0
234.0 378.0
233.0 417.0
233.0 417.0
231.0 421.0
231.0 421.0
231.0 430.0
231.0 430.0
229.0 440.0
229.0 440.0
227.0 443.0
227.0 443.0
226.0 453.0
226.0 453.0
216.0 483.0
216.0 483.0
211.0 491.0
211.0 491.0
211.0 494.0
211.0 494.0
207.0 499.0
207.0 499.0
201.0 513.0
201.0 513.0
199.0 514.0
199.0 514.0
193.0 525.0
193.0 525.0
186.0 533.0
186.0 533.0
189.0 549.0
189.0 549.0
191.0 551.0
191.0 551.0
195.0 551.0
195.0 551.0
215.0 531.0
215.0 531.0
221.0 519.0
221.0 519.0
225.0 515.0
225.0 515.0
239.0 477.0
239.0 477.0
239.0 472.0
239.0 472.0
241.0 469.0
241.0 469.0
241.0 463.0
241.0 463.0
243.0 459.0
243.0 459.0
243.0 451.0
243.0 451.0
245.0 447.0
245.0 447.0
245.0 434.0
245.0 434.0
247.0 428.0
247.0 428.0
247.0 350.0
247.0 350.0
245.0 344.0
245.0 344.0
245.0 328.0
245.0 328.0
241.0 307.0
241.0 307.0
231.0 295.0
231.0 295.0
219.0 289.0
219.0 289.0
212.0 289.0
212.0 289.0
206.0 287.0
206.0 287.0
175.0 287.0
175.0 287.0
172.0 289.0
172.0 289.0
167.0 289.0
167.0 289.0
155.0 295.0
155.0 295.0
147.0 303.0
147.0 303.0
139.0 317.0
139.0 317.0
139.0 321.0
139.0 321.0
159.0 319.0
159.0 319.0
172.0 307.0
172.0 307.0
188.0 302.0


30

22
178.0 317.0
182.0 319.0
182.0 319.0
193.0 319.0
193.0 319.0
203.0 323.0
203.0 323.0
215.0 325.0
215.0 325.0
215.0 321.0
215.0 321.0
213.0 320.0
213.0 320.0
213.0 318.0
213.0 318.0
205.0 312.0
205.0 312.0
187.0 311.0
187.0 311.0
179.0 314.0
179.0 314.0
178.0 317.0


31

30
480.0 317.0
499.0 319.0
499.0 319.0
504.0 321.0
504.0 321.0
505.0 323.0
505.0 323.0
509.0 323.0
509.0 323.0
510.0 321.0
510.0 321.0
510.0 316.0
510.0 316.0
505.0 310.0
505.0 310.0
494.0 306.0
494.0 306.0
477.0 307.0
477.0 307.0
465.0 311.0
465.0 311.0
462.0 314.0
462.0 314.0
462.0 318.0
462.0 318.0
464.0 320.0
464.0 320.0
470.0 320.0
470.0 320.0
480.0 317.0


32

68
295.0 321.0
315.0 340.0
315.0 340.0
315.0 342.0
315.0 342.0
317.0 342.0
317.0 342.0
329.0 354.0
329.0 354.0
329.0 356.0
329.0 356.0
356.0 382.0
356.0 382.0
356.0 384.0
356.0 384.0
417.0 445.0
417.0 445.0
421.0 445.0
421.0 445.0
423.0 441.0
423.0 441.0
427.0 438.0
427.0 438.0
427.0 436.0
427.0 436.0
429.0 436.0
429.0 436.0
437.0 429.0
437.0 429.0
449.0 424.0
449.0 424.0
460.0 422.0
460.0 422.0
461.0 393.0
461.0 393.0
459.0 388.0
459.0 388.0
451.0 384.0
451.0 384.0
445.0 384.0
445.0 384.0
435.0 389.0
435.0 389.0
424.0 388.0
424.0 388.0
421.0 385.0
421.0 385.0
399.0 375.0
399.0 375.0
395.0 371.0
395.0 371.0
377.0 363.0
377.0 363.0
373.0 359.0
373.0 359.0
355.0 351.0
355.0 351.0
351.0 347.0
351.0 347.0
307.0 325.0
307.0 325.0
303.0 321.0
303.0 321.0
299.0 319.0
299.0 319.0
295.0 319.0
295.0 319.0
295.0 321.0


33

40
520.0 325.0
523.0 327.0
523.0 327.0
531.0 327.0
531.0 327.0
543.0 331.0
543.0 331.0
555.0 341.0
555.0 341.0
558.0 347.0
558.0 347.0
558.0 363.0
558.0 363.0
550.0 373.0
550.0 373.0
543.0 377.0
543.0 377.0
544.0 379.0
544.0 379.0
559.0 375.0
559.0 375.0
572.0 365.0
572.0 365.0
575.0 359.0
575.0 359.0
575.0 347.0
575.0 347.0
571.0 339.0
571.0 339.0
563.0 331.0
563.0 331.0
551.0 325.0
551.0 325.0
546.0 325.0
546.0 325.0
537.0 321.0
537.0 321.0
521.0 321.0
521.0 321.0
520.0 325.0


34

22
521.0 346.0
523.0 352.0
523.0 352.0
523.0 366.0
523.0 366.0
525.0 372.0
525.0 372.0
533.0 371.0
533.0 371.0
545.0 365.0
545.0 365.0
549.0 361.0
549.0 361.0
549.0 349.0
549.0 349.0
541.0 341.0
541.0 341.0
533.0 337.0
533.0 337.0
521.0 336.0
521.0 336.0
521.0 346.0


35

76
469.0 352.0
479.0 357.0
479.0 357.0
483.0 361.0
483.0 361.0
493.0 365.0
493.0 365.0
499.0 371.0
499.0 371.0
503.0 381.0
503.0 381.0
502.0 392.0
502.0 392.0
495.0 398.0
495.0 398.0
481.0 399.0
481.0 399.0
479.0 397.0
479.0 397.0
470.0 395.0
470.0 395.0
469.0 421.0
469.0 421.0
471.0 423.0
471.0 423.0
483.0 426.0
483.0 426.0
493.0 431.0
493.0 431.0
496.0 435.0
496.0 435.0
498.0 435.0
498.0 435.0
511.0 448.0
511.0 448.0
511.0 450.0
511.0 450.0
515.0 453.0
515.0 453.0
515.0 455.0
515.0 455.0
523.0 465.0
523.0 465.0
523.0 450.0
523.0 450.0
521.0 440.0
521.0 440.0
521.0 428.0
521.0 428.0
519.0 422.0
519.0 422.0
519.0 406.0
519.0 406.0
517.0 400.0
517.0 400.0
517.0 386.0
517.0 386.0
515.0 380.0
515.0 380.0
515.0 366.0
515.0 366.0
513.0 360.0
513.0 360.0
512.0 341.0
512.0 341.0
506.0 333.0
506.0 333.0
499.0 329.0
499.0 329.0
493.0 327.0
493.0 327.0
475.0 327.0
475.0 327.0
469.0 331.0
469.0 331.0
469.0 352.0


36

398
162.0 365.0
186.0 365.0
186.0 365.0
211.0 375.0
211.0 375.0
221.0 383.0
221.0 383.0
225.0 382.0
225.0 382.0
223.0 352.0
223.0 352.0
221.0 340.0
221.0 340.0
219.0 338.0
219.0 338.0
209.0 333.0
209.0 333.0
190.0 328.0
190.0 328.0
160.0 327.0
160.0 327.0
139.0 331.0
139.0 331.0
111.0 343.0
111.0 343.0
110.0 345.0
110.0 345.0
99.0 351.0
99.0 351.0
97.0 354.0
97.0 354.0
95.0 354.0
95.0 354.0
93.0 357.0
93.0 357.0
91.0 357.0
91.0 357.0
69.0 379.0
69.0 379.0
69.0 381.0
69.0 381.0
61.0 389.0
61.0 389.0
61.0 391.0
61.0 391.0
59.0 392.0
59.0 392.0
59.0 394.0
59.0 394.0
49.0 407.0
49.0 407.0
47.0 413.0
47.0 413.0
43.0 417.0
43.0 417.0
37.0 429.0
37.0 429.0
36.0 435.0
36.0 435.0
27.0 453.0
27.0 453.0
23.0 465.0
23.0 465.0
23.0 470.0
23.0 470.0
19.0 479.0
19.0 479.0
13.0 510.0
13.0 510.0
13.0 519.0
13.0 519.0
11.0 524.0
11.0 524.0
10.0 572.0
10.0 572.0
11.0 594.0
11.0 594.0
13.0 600.0
13.0 600.0
13.0 609.0
13.0 609.0
15.0 613.0
15.0 613.0
15.0 621.0
15.0 621.0
17.0 625.0
17.0 625.0
19.0 639.0
19.0 639.0
23.0 648.0
23.0 648.0
23.0 653.0
23.0 653.0
29.0 671.0
29.0 671.0
47.0 709.0
47.0 709.0
49.0 710.0
49.0 710.0
49.0 712.0
49.0 712.0
51.0 713.0
51.0 713.0
59.0 727.0
59.0 727.0
65.0 733.0
65.0 733.0
65.0 735.0
65.0 735.0
71.0 740.0
71.0 740.0
75.0 747.0
75.0 747.0
78.0 750.0
78.0 750.0
80.0 750.0
80.0 750.0
86.0 757.0
86.0 757.0
88.0 757.0
88.0 757.0
95.0 765.0
95.0 765.0
97.0 765.0
97.0 765.0
107.0 773.0
107.0 773.0
113.0 775.0
113.0 775.0
114.0 777.0
114.0 777.0
125.0 783.0
125.0 783.0
154.0 791.0
154.0 791.0
180.0 792.0
180.0 792.0
201.0 789.0
201.0 789.0
213.0 785.0
213.0 785.0
217.0 782.0
217.0 782.0
223.0 781.0
223.0 781.0
227.0 777.0
227.0 777.0
243.0 769.0
243.0 769.0
245.0 766.0
245.0 766.0
251.0 763.0
251.0 763.0
279.0 735.0
279.0 735.0
279.0 733.0
279.0 733.0
285.0 727.0
285.0 727.0
285.0 725.0
285.0 725.0
293.0 715.0
293.0 715.0
295.0 709.0
295.0 709.0
299.0 705.0
299.0 705.0
309.0 685.0
309.0 685.0
314.0 669.0
314.0 669.0
317.0 665.0
317.0 665.0
321.0 653.0
321.0 653.0
321.0 648.0
321.0 648.0
325.0 639.0
325.0 639.0
326.0 629.0
326.0 629.0
328.0 626.0
328.0 626.0
331.0 608.0
331.0 608.0
331.0 598.0
331.0 598.0
333.0 592.0
333.0 592.0
333.0 526.0
333.0 526.0
331.0 520.0
331.0 520.0
329.0 495.0
329.0 495.0
327.0 492.0
327.0 492.0
327.0 487.0
327.0 487.0
325.0 484.0
325.0 484.0
321.0 463.0
321.0 463.0
317.0 451.0
317.0 451.0
314.0 447.0
314.0 447.0
313.0 441.0
313.0 441.0
310.0 437.0
310.0 437.0
309.0 431.0
309.0 431.0
299.0 411.0
299.0 411.0
291.0 401.0
291.0 401.0
289.0 395.0
289.0 395.0
277.0 381.0
277.0 381.0
277.0 379.0
277.0 379.0
260.0 362.0
260.0 362.0
257.0 362.0
257.0 362.0
257.0 421.0
257.0 421.0
268.0 439.0
268.0 439.0
275.0 461.0
275.0 461.0
279.0 468.0
279.0 468.0
279.0 473.0
279.0 473.0
282.0 479.0
282.0 479.0
285.0 499.0
285.0 499.0
287.0 503.0
287.0 503.0
291.0 540.0
291.0 540.0
291.0 578.0
291.0 578.0
289.0 598.0
289.0 598.0
287.0 604.0
287.0 604.0
287.0 611.0
287.0 611.0
285.0 615.0
285.0 615.0
285.0 621.0
285.0 621.0
282.0 630.0
282.0 630.0
282.0 636.0
282.0 636.0
279.0 641.0
279.0 641.0
272.0 665.0
272.0 665.0
269.0 669.0
269.0 669.0
268.0 675.0
268.0 675.0
261.0 689.0
261.0 689.0
257.0 693.0
257.0 693.0
251.0 705.0
251.0 705.0
241.0 716.0
241.0 716.0
241.0 718.0
241.0 718.0
221.0 737.0
221.0 737.0
219.0 737.0
219.0 737.0
209.0 745.0
209.0 745.0
199.0 750.0
199.0 750.0
178.0 755.0
178.0 755.0
158.0 753.0
158.0 753.0
139.0 745.0
139.0 745.0
131.0 738.0
131.0 738.0
129.0 738.0
129.0 738.0
127.0 735.0
127.0 735.0
125.0 735.0
125.0 735.0
122.0 731.0
122.0 731.0
120.0 731.0
120.0 731.0
120.0 729.0
120.0 729.0
118.0 729.0
118.0 729.0
118.0 727.0
118.0 727.0
116.0 727.0
116.0 727.0
109.0 720.0
109.0 720.0
109.0 718.0
109.0 718.0
105.0 715.0
105.0 715.0
105.0 713.0
105.0 713.0
102.0 711.0
102.0 711.0
102.0 709.0
102.0 709.0
99.0 707.0
99.0 707.0
99.0 705.0
99.0 705.0
91.0 695.0
91.0 695.0
78.0 669.0
78.0 669.0
77.0 663.0
77.0 663.0
74.0 659.0
74.0 659.0
69.0 644.0
69.0 644.0
69.0 639.0
69.0 639.0
66.0 634.0
66.0 634.0
66.0 628.0
66.0 628.0
63.0 619.0
63.0 619.0
63.0 613.0
63.0 613.0
61.0 609.0
61.0 609.0
61.0 602.0
61.0 602.0
59.0 596.0
59.0 596.0
59.0 580.0
59.0 580.0
57.0 570.0
57.0 570.0
57.0 546.0
57.0 546.0
59.0 536.0
59.0 536.0
59.0 524.0
59.0 524.0
67.0 482.0
67.0 482.0
76.0 455.0
76.0 455.0
79.0 451.0
79.0 451.0
80.0 445.0
80.0 445.0
89.0 427.0
89.0 427.0
91.0 426.0
91.0 426.0
91.0 424.0
91.0 424.0
93.0 423.0
93.0 423.0
101.0 409.0
101.0 409.0
104.0 407.0
104.0 407.0
104.0 405.0
104.0 405.0
120.0 388.0
120.0 388.0
122.0 388.0
122.0 388.0
126.0 383.0
126.0 383.0
128.0 383.0
128.0 383.0
137.0 375.0
137.0 375.0
162.0 365.0


37

22
457.0 376.0
483.0 390.0
483.0 390.0
489.0 390.0
489.0 390.0
494.0 385.0
494.0 385.0
493.0 379.0
493.0 379.0
487.0 373.0
487.0 373.0
464.0 360.0
464.0 360.0
461.0 362.0
461.0 362.0
461.0 366.0
461.0 366.0
459.0 371.0
459.0 371.0
457.0 372.0
457.0 372.0
457.0 376.0


38

46
164.0 388.0
165.0 402.0
165.0 402.0
167.0 408.0
167.0 408.0
167.0 420.0
167.0 420.0
169.0 426.0
169.0 426.0
169.0 436.0
169.0 436.0
171.0 442.0
171.0 442.0
171.0 451.0
171.0 451.0
173.0 455.0
173.0 455.0
173.0 463.0
173.0 463.0
175.0 467.0
175.0 467.0
175.0 475.0
175.0 475.0
177.0 480.0
177.0 480.0
180.0 481.0
180.0 481.0
183.0 478.0
183.0 478.0
183.0 470.0
183.0 470.0
179.0 436.0
179.0 436.0
177.0 390.0
177.0 390.0
175.0 384.0
175.0 384.0
175.0 376.0
175.0 376.0
173.0 374.0
173.0 374.0
167.0 374.0
167.0 374.0
164.0 376.0
164.0 376.0
164.0 388.0


39

40
185.0 392.0
187.0 398.0
187.0 398.0
187.0 418.0
187.0 418.0
189.0 428.0
189.0 428.0
191.0 470.0
191.0 470.0
192.0 476.0
192.0 476.0
196.0 477.0
196.0 477.0
202.0 460.0
202.0 460.0
202.0 454.0
202.0 454.0
205.0 447.0
205.0 447.0
205.0 440.0
205.0 440.0
207.0 437.0
207.0 437.0
207.0 432.0
207.0 432.0
209.0 429.0
209.0 429.0
213.0 408.0
213.0 408.0
216.0 402.0
216.0 402.0
217.0 391.0
217.0 391.0
213.0 387.0
213.0 387.0
199.0 379.0
199.0 379.0
186.0 376.0
186.0 376.0
185.0 392.0


40

60
135.0 398.0
137.0 408.0
137.0 408.0
137.0 419.0
137.0 419.0
139.0 423.0
139.0 423.0
139.0 433.0
139.0 433.0
141.0 437.0
141.0 437.0
143.0 451.0
143.0 451.0
145.0 454.0
145.0 454.0
145.0 459.0
145.0 459.0
147.0 462.0
147.0 462.0
147.0 467.0
147.0 467.0
153.0 485.0
153.0 485.0
156.0 489.0
156.0 489.0
157.0 495.0
157.0 495.0
161.0 497.0
161.0 497.0
167.0 491.0
167.0 491.0
169.0 483.0
169.0 483.0
166.0 476.0
166.0 476.0
166.0 470.0
166.0 470.0
163.0 460.0
163.0 460.0
163.0 451.0
163.0 451.0
161.0 448.0
161.0 448.0
161.0 435.0
161.0 435.0
159.0 431.0
159.0 431.0
159.0 418.0
159.0 418.0
157.0 412.0
157.0 412.0
155.0 381.0
155.0 381.0
151.0 379.0
151.0 379.0
139.0 385.0
139.0 385.0
135.0 389.0
135.0 389.0
135.0 398.0


41

278
527.0 408.0
529.0 414.0
529.0 414.0
529.0 423.0
529.0 423.0
539.0 434.0
539.0 434.0
539.0 436.0
539.0 436.0
543.0 439.0
543.0 439.0
546.0 445.0
546.0 445.0
552.0 450.0
552.0 450.0
557.0 459.0
557.0 459.0
561.0 462.0
561.0 462.0
561.0 464.0
561.0 464.0
565.0 467.0
565.0 467.0
565.0 469.0
565.0 469.0
569.0 472.0
569.0 472.0
573.0 479.0
573.0 479.0
578.0 483.0
578.0 483.0
581.0 489.0
581.0 489.0
586.0 493.0
586.0 493.0
586.0 495.0
586.0 495.0
589.0 497.0
589.0 497.0
589.0 499.0
589.0 499.0
592.0 501.0
592.0 501.0
595.0 507.0
595.0 507.0
600.0 511.0
600.0 511.0
600.0 513.0
600.0 513.0
607.0 520.0
607.0 520.0
607.0 522.0
607.0 522.0
611.0 525.0
611.0 525.0
611.0 527.0
611.0 527.0
621.0 538.0
621.0 538.0
621.0 540.0
621.0 540.0
625.0 543.0
625.0 543.0
625.0 545.0
625.0 545.0
628.0 547.0
628.0 547.0
631.0 553.0
631.0 553.0
644.0 567.0
644.0 567.0
644.0 569.0
644.0 569.0
648.0 573.0
648.0 573.0
648.0 579.0
648.0 579.0
645.0 581.0
645.0 581.0
639.0 580.0
639.0 580.0
635.0 577.0
635.0 577.0
607.0 568.0
607.0 568.0
603.0 565.0
603.0 565.0
597.0 564.0
597.0 564.0
593.0 561.0
593.0 561.0
587.0 560.0
587.0 560.0
583.0 557.0
583.0 557.0
577.0 556.0
577.0 556.0
563.0 549.0
563.0 549.0
551.0 546.0
551.0 546.0
547.0 543.0
547.0 543.0
544.0 543.0
544.0 543.0
542.0 545.0
542.0 545.0
542.0 557.0
542.0 557.0
547.0 561.0
547.0 561.0
565.0 567.0
565.0 567.0
570.0 567.0
570.0 567.0
591.0 575.0
591.0 575.0
596.0 575.0
596.0 575.0
617.0 583.0
617.0 583.0
622.0 583.0
622.0 583.0
643.0 591.0
643.0 591.0
648.0 591.0
648.0 591.0
657.0 595.0
657.0 595.0
666.0 594.0
666.0 594.0
667.0 589.0
667.0 589.0
659.0 575.0
659.0 575.0
656.0 573.0
656.0 573.0
656.0 571.0
656.0 571.0
653.0 569.0
653.0 569.0
653.0 567.0
653.0 567.0
650.0 565.0
650.0 565.0
650.0 563.0
650.0 563.0
647.0 561.0
647.0 561.0
647.0 559.0
647.0 559.0
644.0 557.0
644.0 557.0
644.0 555.0
644.0 555.0
641.0 553.0
641.0 553.0
641.0 551.0
641.0 551.0
638.0 549.0
638.0 549.0
638.0 547.0
638.0 547.0
635.0 545.0
635.0 545.0
635.0 543.0
635.0 543.0
632.0 541.0
632.0 541.0
632.0 539.0
632.0 539.0
629.0 537.0
629.0 537.0
629.0 535.0
629.0 535.0
617.0 521.0
617.0 521.0
613.0 513.0
613.0 513.0
610.0 511.0
610.0 511.0
610.0 509.0
610.0 509.0
607.0 507.0
607.0 507.0
607.0 505.0
607.0 505.0
604.0 503.0
604.0 503.0
604.0 501.0
604.0 501.0
601.0 499.0
601.0 499.0
601.0 497.0
601.0 497.0
598.0 495.0
598.0 495.0
598.0 493.0
598.0 493.0
595.0 491.0
595.0 491.0
595.0 489.0
595.0 489.0
592.0 487.0
592.0 487.0
592.0 485.0
592.0 485.0
589.0 483.0
589.0 483.0
589.0 481.0
589.0 481.0
586.0 479.0
586.0 479.0
586.0 477.0
586.0 477.0
583.0 475.0
583.0 475.0
583.0 473.0
583.0 473.0
580.0 471.0
580.0 471.0
580.0 469.0
580.0 469.0
577.0 467.0
577.0 467.0
577.0 465.0
577.0 465.0
574.0 463.0
574.0 463.0
574.0 461.0
574.0 461.0
571.0 459.0
571.0 459.0
571.0 457.0
571.0 457.0
568.0 455.0
568.0 455.0
568.0 453.0
568.0 453.0
565.0 451.0
565.0 451.0
565.0 449.0
565.0 449.0
562.0 447.0
562.0 447.0
562.0 445.0
562.0 445.0
559.0 443.0
559.0 443.0
556.0 437.0
556.0 437.0
553.0 435.0
553.0 435.0
549.0 427.0
549.0 427.0
546.0 425.0
546.0 425.0
546.0 423.0
546.0 423.0
543.0 421.0
543.0 421.0
543.0 419.0
543.0 419.0
540.0 417.0
540.0 417.0
540.0 415.0
540.0 415.0
537.0 413.0
537.0 413.0
537.0 411.0
537.0 411.0
534.0 409.0
534.0 409.0
530.0 402.0
530.0 402.0
527.0 403.0
527.0 403.0
527.0 408.0


42

20
115.0 411.0
119.0 418.0
119.0 418.0
121.0 419.0
121.0 419.0
125.0 429.0
125.0 429.0
129.0 431.0
129.0 431.0
129.0 418.0
129.0 418.0
127.0 412.0
127.0 412.0
126.0 398.0
126.0 398.0
124.0 398.0
124.0 398.0
115.0 407.0
115.0 407.0
115.0 411.0


43

4
221.0 422.0
222.0 419.0
222.0 419.0
221.0 422.0


44

306
642.0 427.0
659.0 427.0
659.0 427.0
675.0 432.0
675.0 432.0
681.0 437.0
681.0 437.0
683.0 437.0
683.0 437.0
686.0 441.0
686.0 441.0
688.0 441.0
688.0 441.0
697.0 450.0
697.0 450.0
697.0 452.0
697.0 452.0
701.0 455.0
701.0 455.0
701.0 457.0
701.0 457.0
709.0 467.0
709.0 467.0
718.0 485.0
718.0 485.0
719.0 491.0
719.0 491.0
722.0 495.0
722.0 495.0
727.0 510.0
727.0 510.0
727.0 515.0
727.0 515.0
731.0 527.0
731.0 527.0
733.0 545.0
733.0 545.0
735.0 549.0
735.0 549.0
735.0 562.0
735.0 562.0
737.0 572.0
737.0 572.0
737.0 608.0
737.0 608.0
735.0 617.0
735.0 617.0
735.0 630.0
735.0 630.0
729.0 662.0
729.0 662.0
727.0 665.0
727.0 665.0
727.0 670.0
727.0 670.0
722.0 685.0
722.0 685.0
703.0 723.0
703.0 723.0
695.0 731.0
695.0 731.0
691.0 738.0
691.0 738.0
685.0 741.0
685.0 741.0
677.0 749.0
677.0 749.0
667.0 754.0
667.0 754.0
658.0 757.0
658.0 757.0
643.0 757.0
643.0 757.0
627.0 751.0
627.0 751.0
618.0 743.0
618.0 743.0
616.0 743.0
616.0 743.0
597.0 721.0
597.0 721.0
580.0 687.0
580.0 687.0
573.0 666.0
573.0 666.0
567.0 636.0
567.0 636.0
564.0 608.0
564.0 608.0
564.0 577.0
564.0 577.0
562.0 575.0
562.0 575.0
545.0 569.0
545.0 569.0
541.0 571.0
541.0 571.0
538.0 588.0
538.0 588.0
532.0 602.0
532.0 602.0
532.0 614.0
532.0 614.0
535.0 642.0
535.0 642.0
537.0 653.0
537.0 653.0
539.0 656.0
539.0 656.0
540.0 666.0
540.0 666.0
543.0 668.0
543.0 668.0
543.0 670.0
543.0 670.0
547.0 673.0
547.0 673.0
547.0 675.0
547.0 675.0
550.0 678.0
550.0 678.0
552.0 686.0
552.0 686.0
551.0 701.0
551.0 701.0
558.0 713.0
558.0 713.0
559.0 719.0
559.0 719.0
563.0 723.0
563.0 723.0
571.0 739.0
571.0 739.0
581.0 750.0
581.0 750.0
581.0 752.0
581.0 752.0
594.0 765.0
594.0 765.0
596.0 765.0
596.0 765.0
601.0 771.0
601.0 771.0
603.0 771.0
603.0 771.0
607.0 775.0
607.0 775.0
623.0 783.0
623.0 783.0
635.0 787.0
635.0 787.0
660.0 787.0
660.0 787.0
675.0 783.0
675.0 783.0
691.0 775.0
691.0 775.0
693.0 772.0
693.0 772.0
699.0 769.0
699.0 769.0
721.0 747.0
721.0 747.0
721.0 745.0
721.0 745.0
733.0 729.0
733.0 729.0
745.0 705.0
745.0 705.0
746.0 699.0
746.0 699.0
749.0 695.0
749.0 695.0
751.0 685.0
751.0 685.0
754.0 680.0
754.0 680.0
755.0 672.0
755.0 672.0
757.0 669.0
757.0 669.0
757.0 664.0
757.0 664.0
759.0 661.0
759.0 661.0
759.0 655.0
759.0 655.0
763.0 640.0
763.0 640.0
763.0 630.0
763.0 630.0
765.0 624.0
765.0 624.0
766.0 580.0
766.0 580.0
765.0 560.0
765.0 560.0
763.0 554.0
763.0 554.0
763.0 546.0
763.0 546.0
761.0 540.0
761.0 540.0
761.0 533.0
761.0 533.0
759.0 529.0
759.0 529.0
759.0 523.0
759.0 523.0
757.0 520.0
757.0 520.0
757.0 515.0
757.0 515.0
754.0 510.0
754.0 510.0
754.0 505.0
754.0 505.0
751.0 500.0
751.0 500.0
751.0 495.0
751.0 495.0
748.0 491.0
748.0 491.0
743.0 475.0
743.0 475.0
735.0 459.0
735.0 459.0
731.0 455.0
731.0 455.0
729.0 449.0
729.0 449.0
727.0 448.0
727.0 448.0
721.0 437.0
721.0 437.0
699.0 413.0
699.0 413.0
681.0 403.0
681.0 403.0
669.0 399.0
669.0 399.0
664.0 399.0
664.0 399.0
661.0 397.0
661.0 397.0
637.0 397.0
637.0 397.0
633.0 399.0
633.0 399.0
627.0 399.0
627.0 399.0
623.0 402.0
623.0 402.0
617.0 403.0
617.0 403.0
616.0 405.0
616.0 405.0
607.0 409.0
607.0 409.0
598.0 417.0
598.0 417.0
596.0 417.0
596.0 417.0
577.0 437.0
577.0 437.0
577.0 439.0
577.0 439.0
574.0 442.0
574.0 442.0
574.0 447.0
574.0 447.0
581.0 455.0
581.0 455.0
581.0 457.0
581.0 457.0
584.0 459.0
584.0 459.0
584.0 461.0
584.0 461.0
587.0 463.0
587.0 463.0
587.0 465.0
587.0 465.0
591.0 469.0
591.0 469.0
593.0 469.0
593.0 469.0
600.0 461.0
600.0 461.0
600.0 459.0
600.0 459.0
603.0 457.0
603.0 457.0
603.0 455.0
603.0 455.0
607.0 452.0
607.0 452.0
607.0 450.0
607.0 450.0
618.0 439.0
618.0 439.0
620.0 439.0
620.0 439.0
623.0 435.0
623.0 435.0
642.0 427.0


45

16
220.0 432.0
221.0 427.0
221.0 427.0
219.0 427.0
219.0 427.0
217.0 430.0
217.0 430.0
216.0 441.0
216.0 441.0
211.0 456.0
211.0 456.0
211.0 463.0
211.0 463.0
215.0 458.0
215.0 458.0
220.0 432.0


46

36
659.0 444.0
663.0 484.0
663.0 484.0
663.0 506.0
663.0 506.0
664.0 514.0
664.0 514.0
667.0 515.0
667.0 515.0
669.0 511.0
669.0 511.0
669.0 504.0
669.0 504.0
671.0 501.0
671.0 501.0
671.0 495.0
671.0 495.0
673.0 491.0
673.0 491.0
673.0 485.0
673.0 485.0
675.0 481.0
675.0 481.0
678.0 461.0
678.0 461.0
680.0 458.0
680.0 458.0
681.0 448.0
681.0 448.0
675.0 443.0
675.0 443.0
663.0 437.0
663.0 437.0
659.0 439.0
659.0 439.0
659.0 444.0


47

22
531.0 450.0
533.0 456.0
533.0 456.0
535.0 489.0
535.0 489.0
536.0 491.0
536.0 491.0
538.0 491.0
538.0 491.0
541.0 487.0
541.0 487.0
542.0 481.0
542.0 481.0
549.0 467.0
549.0 467.0
549.0 463.0
549.0 463.0
533.0 443.0
533.0 443.0
531.0 444.0
531.0 444.0
531.0 450.0


48

38
90.0 452.0
150.0 512.0
150.0 512.0
153.0 512.0
153.0 512.0
153.0 507.0
153.0 507.0
150.0 503.0
150.0 503.0
147.0 491.0
147.0 491.0
144.0 487.0
144.0 487.0
139.0 469.0
139.0 469.0
135.0 465.0
135.0 465.0
125.0 445.0
125.0 445.0
121.0 441.0
121.0 441.0
115.0 427.0
115.0 427.0
113.0 426.0
113.0 426.0
109.0 419.0
109.0 419.0
106.0 419.0
106.0 419.0
104.0 423.0
104.0 423.0
101.0 425.0
101.0 425.0
95.0 439.0
95.0 439.0
91.0 443.0
91.0 443.0
90.0 452.0


49

30
265.0 463.0
266.0 459.0
266.0 459.0
264.0 457.0
264.0 457.0
263.0 451.0
263.0 451.0
259.0 443.0
259.0 443.0
255.0 441.0
255.0 441.0
246.0 486.0
246.0 486.0
248.0 486.0
248.0 486.0
253.0 481.0
253.0 481.0
253.0 479.0
253.0 479.0
256.0 477.0
256.0 477.0
256.0 475.0
256.0 475.0
259.0 473.0
259.0 473.0
259.0 471.0
259.0 471.0
262.0 469.0
262.0 469.0
265.0 463.0


50

4
210.0 465.0
211.0 463.0
211.0 463.0
210.0 465.0


51

36
609.0 467.0
615.0 479.0
615.0 479.0
619.0 483.0
619.0 483.0
637.0 519.0
637.0 519.0
641.0 523.0
641.0 523.0
643.0 529.0
643.0 529.0
648.0 530.0
648.0 530.0
655.0 524.0
655.0 524.0
655.0 502.0
655.0 502.0
653.0 492.0
653.0 492.0
653.0 472.0
653.0 472.0
651.0 462.0
651.0 462.0
650.0 438.0
650.0 438.0
641.0 437.0
641.0 437.0
625.0 445.0
625.0 445.0
613.0 457.0
613.0 457.0
613.0 459.0
613.0 459.0
609.0 463.0
609.0 463.0
609.0 467.0


52

16
599.0 480.0
605.0 487.0
605.0 487.0
605.0 489.0
605.0 489.0
614.0 498.0
614.0 498.0
613.0 492.0
613.0 492.0
609.0 487.0
609.0 487.0
605.0 477.0
605.0 477.0
600.0 476.0
600.0 476.0
599.0 480.0


53

86
200.0 493.0
201.0 490.0
201.0 490.0
196.0 487.0
196.0 487.0
189.0 487.0
189.0 487.0
177.0 493.0
177.0 493.0
169.0 501.0
169.0 501.0
167.0 507.0
167.0 507.0
163.0 511.0
163.0 511.0
157.0 529.0
157.0 529.0
157.0 563.0
157.0 563.0
159.0 566.0
159.0 566.0
161.0 577.0
161.0 577.0
171.0 595.0
171.0 595.0
175.0 597.0
175.0 597.0
177.0 600.0
177.0 600.0
179.0 600.0
179.0 600.0
181.0 603.0
181.0 603.0
188.0 606.0
188.0 606.0
201.0 605.0
201.0 605.0
209.0 601.0
209.0 601.0
217.0 593.0
217.0 593.0
225.0 579.0
225.0 579.0
229.0 567.0
229.0 567.0
229.0 558.0
229.0 558.0
231.0 552.0
231.0 552.0
230.0 532.0
230.0 532.0
227.0 529.0
227.0 529.0
219.0 538.0
219.0 538.0
219.0 540.0
219.0 540.0
215.0 543.0
215.0 543.0
215.0 545.0
215.0 545.0
197.0 561.0
197.0 561.0
191.0 564.0
191.0 564.0
184.0 563.0
184.0 563.0
179.0 548.0
179.0 548.0
179.0 543.0
179.0 543.0
177.0 540.0
177.0 540.0
177.0 530.0
177.0 530.0
185.0 521.0
185.0 521.0
187.0 515.0
187.0 515.0
189.0 514.0
189.0 514.0
193.0 505.0
193.0 505.0
197.0 501.0
197.0 501.0
200.0 493.0


54

38
74.0 498.0
91.0 507.0
91.0 507.0
98.0 509.0
98.0 509.0
99.0 511.0
99.0 511.0
105.0 512.0
105.0 512.0
117.0 519.0
117.0 519.0
120.0 519.0
120.0 519.0
125.0 523.0
125.0 523.0
131.0 524.0
131.0 524.0
139.0 529.0
139.0 529.0
145.0 531.0
145.0 531.0
149.0 529.0
149.0 529.0
149.0 524.0
149.0 524.0
87.0 462.0
87.0 462.0
84.0 462.0
84.0 462.0
82.0 469.0
82.0 469.0
79.0 473.0
79.0 473.0
79.0 478.0
79.0 478.0
75.0 487.0
75.0 487.0
74.0 498.0


55

56
275.0 502.0
276.0 495.0
276.0 495.0
273.0 486.0
273.0 486.0
273.0 481.0
273.0 481.0
271.0 476.0
271.0 476.0
268.0 476.0
268.0 476.0
257.0 489.0
257.0 489.0
257.0 491.0
257.0 491.0
254.0 493.0
254.0 493.0
254.0 495.0
254.0 495.0
251.0 497.0
251.0 497.0
251.0 499.0
251.0 499.0
248.0 501.0
248.0 501.0
248.0 503.0
248.0 503.0
245.0 505.0
245.0 505.0
245.0 507.0
245.0 507.0
242.0 509.0
242.0 509.0
242.0 511.0
242.0 511.0
239.0 513.0
239.0 513.0
237.0 517.0
237.0 517.0
237.0 522.0
237.0 522.0
241.0 523.0
241.0 523.0
245.0 521.0
245.0 521.0
249.0 517.0
249.0 517.0
255.0 515.0
255.0 515.0
259.0 511.0
259.0 511.0
265.0 509.0
265.0 509.0
266.0 507.0
266.0 507.0
275.0 502.0


56

92
468.0 503.0
478.0 503.0
478.0 503.0
485.0 509.0
485.0 509.0
489.0 520.0
489.0 520.0
489.0 525.0
489.0 525.0
491.0 528.0
491.0 528.0
491.0 546.0
491.0 546.0
489.0 549.0
489.0 549.0
489.0 560.0
489.0 560.0
485.0 580.0
485.0 580.0
485.0 592.0
485.0 592.0
489.0 593.0
489.0 593.0
493.0 591.0
493.0 591.0
503.0 581.0
503.0 581.0
505.0 577.0
505.0 577.0
511.0 556.0
511.0 556.0
511.0 530.0
511.0 530.0
509.0 519.0
509.0 519.0
507.0 516.0
507.0 516.0
507.0 511.0
507.0 511.0
504.0 507.0
504.0 507.0
503.0 501.0
503.0 501.0
499.0 493.0
499.0 493.0
497.0 492.0
497.0 492.0
497.0 490.0
497.0 490.0
487.0 477.0
487.0 477.0
473.0 469.0
473.0 469.0
459.0 469.0
459.0 469.0
455.0 471.0
455.0 471.0
447.0 479.0
447.0 479.0
447.0 481.0
447.0 481.0
443.0 485.0
443.0 485.0
437.0 508.0
437.0 508.0
437.0 530.0
437.0 530.0
439.0 541.0
439.0 541.0
441.0 544.0
441.0 544.0
443.0 555.0
443.0 555.0
445.0 559.0
445.0 559.0
448.0 560.0
448.0 560.0
449.0 551.0
449.0 551.0
451.0 547.0
451.0 547.0
451.0 539.0
451.0 539.0
453.0 535.0
453.0 535.0
453.0 527.0
453.0 527.0
456.0 517.0
456.0 517.0
459.0 511.0
459.0 511.0
468.0 503.0


57

34
577.0 505.0
577.0 497.0
577.0 497.0
569.0 489.0
569.0 489.0
569.0 487.0
569.0 487.0
566.0 485.0
566.0 485.0
563.0 479.0
563.0 479.0
558.0 474.0
558.0 474.0
556.0 474.0
556.0 474.0
551.0 483.0
551.0 483.0
550.0 489.0
550.0 489.0
547.0 493.0
547.0 493.0
543.0 505.0
543.0 505.0
543.0 510.0
543.0 510.0
541.0 513.0
541.0 513.0
541.0 530.0
541.0 530.0
559.0 539.0
559.0 539.0
568.0 540.0
568.0 540.0
577.0 505.0


58

52
715.0 511.0
716.0 506.0
716.0 506.0
713.0 497.0
713.0 497.0
710.0 493.0
710.0 493.0
709.0 487.0
709.0 487.0
705.0 483.0
705.0 483.0
697.0 465.0
697.0 465.0
694.0 463.0
694.0 463.0
693.0 460.0
693.0 460.0
689.0 459.0
689.0 459.0
687.0 463.0
687.0 463.0
685.0 478.0
685.0 478.0
683.0 481.0
683.0 481.0
683.0 487.0
683.0 487.0
681.0 491.0
681.0 491.0
678.0 512.0
678.0 512.0
675.0 519.0
675.0 519.0
675.0 525.0
675.0 525.0
685.0 532.0
685.0 532.0
685.0 534.0
685.0 534.0
689.0 537.0
689.0 537.0
692.0 543.0
692.0 543.0
695.0 543.0
695.0 543.0
701.0 535.0
701.0 535.0
703.0 529.0
703.0 529.0
715.0 513.0
715.0 513.0
715.0 511.0


59

32
278.0 534.0
280.0 534.0
280.0 534.0
279.0 514.0
279.0 514.0
274.0 513.0
274.0 513.0
273.0 515.0
273.0 515.0
267.0 517.0
267.0 517.0
263.0 521.0
263.0 521.0
257.0 523.0
257.0 523.0
253.0 527.0
253.0 527.0
241.0 533.0
241.0 533.0
239.0 538.0
239.0 538.0
240.0 540.0
240.0 540.0
250.0 540.0
250.0 540.0
257.0 539.0
257.0 539.0
260.0 537.0
260.0 537.0
274.0 536.0
274.0 536.0
278.0 534.0


60

46
481.0 542.0
481.0 525.0
481.0 525.0
477.0 515.0
477.0 515.0
472.0 512.0
472.0 512.0
467.0 516.0
467.0 516.0
463.0 523.0
463.0 523.0
463.0 530.0
463.0 530.0
441.0 656.0
441.0 656.0
442.0 661.0
442.0 661.0
453.0 659.0
453.0 659.0
457.0 656.0
457.0 656.0
463.0 655.0
463.0 655.0
467.0 651.0
467.0 651.0
471.0 615.0
471.0 615.0
473.0 611.0
473.0 611.0
473.0 599.0
473.0 599.0
475.0 595.0
475.0 595.0
475.0 586.0
475.0 586.0
477.0 580.0
477.0 580.0
477.0 568.0
477.0 568.0
479.0 565.0
479.0 565.0
479.0 558.0
479.0 558.0
481.0 552.0
481.0 552.0
481.0 542.0


61

44
577.0 543.0
579.0 546.0
579.0 546.0
589.0 551.0
589.0 551.0
595.0 552.0
595.0 552.0
599.0 555.0
599.0 555.0
611.0 558.0
611.0 558.0
621.0 563.0
621.0 563.0
627.0 563.0
627.0 563.0
623.0 555.0
623.0 555.0
619.0 552.0
619.0 552.0
619.0 550.0
619.0 550.0
615.0 547.0
615.0 547.0
615.0 545.0
615.0 545.0
611.0 542.0
611.0 542.0
611.0 540.0
611.0 540.0
602.0 531.0
602.0 531.0
602.0 529.0
602.0 529.0
594.0 521.0
594.0 521.0
594.0 519.0
594.0 519.0
588.0 512.0
588.0 512.0
585.0 512.0
585.0 512.0
584.0 514.0
584.0 514.0
577.0 543.0


62

38
722.0 543.0
722.0 528.0
722.0 528.0
721.0 525.0
721.0 525.0
718.0 524.0
718.0 524.0
713.0 533.0
713.0 533.0
711.0 534.0
711.0 534.0
711.0 536.0
711.0 536.0
709.0 537.0
709.0 537.0
709.0 539.0
709.0 539.0
707.0 540.0
707.0 540.0
707.0 542.0
707.0 542.0
705.0 543.0
705.0 543.0
705.0 545.0
705.0 545.0
703.0 546.0
703.0 546.0
703.0 548.0
703.0 548.0
701.0 549.0
701.0 549.0
698.0 558.0
698.0 558.0
700.0 559.0
700.0 559.0
704.0 557.0
704.0 557.0
722.0 543.0


63

24
67.0 544.0
71.0 547.0
71.0 547.0
88.0 547.0
88.0 547.0
94.0 549.0
94.0 549.0
128.0 551.0
128.0 551.0
134.0 553.0
134.0 553.0
147.0 552.0
147.0 552.0
147.0 543.0
147.0 543.0
145.0 541.0
145.0 541.0
75.0 509.0
75.0 509.0
71.0 510.0
71.0 510.0
70.0 513.0
70.0 513.0
67.0 544.0


64

48
649.0 548.0
673.0 579.0
673.0 579.0
677.0 593.0
677.0 593.0
675.0 599.0
675.0 599.0
670.0 603.0
670.0 603.0
658.0 604.0
658.0 604.0
642.0 600.0
642.0 600.0
641.0 605.0
641.0 605.0
647.0 619.0
647.0 619.0
657.0 629.0
657.0 629.0
668.0 630.0
668.0 630.0
677.0 625.0
677.0 625.0
677.0 623.0
677.0 623.0
685.0 613.0
685.0 613.0
687.0 607.0
687.0 607.0
687.0 602.0
687.0 602.0
689.0 599.0
689.0 599.0
691.0 588.0
691.0 588.0
689.0 563.0
689.0 563.0
683.0 545.0
683.0 545.0
675.0 535.0
675.0 535.0
669.0 532.0
669.0 532.0
657.0 533.0
657.0 533.0
649.0 542.0
649.0 542.0
649.0 548.0


65

48
239.0 562.0
251.0 571.0
251.0 571.0
253.0 571.0
253.0 571.0
254.0 573.0
254.0 573.0
256.0 573.0
256.0 573.0
257.0 575.0
257.0 575.0
259.0 575.0
259.0 575.0
260.0 577.0
260.0 577.0
262.0 577.0
262.0 577.0
263.0 579.0
263.0 579.0
265.0 579.0
265.0 579.0
266.0 581.0
266.0 581.0
268.0 581.0
268.0 581.0
269.0 583.0
269.0 583.0
271.0 583.0
271.0 583.0
272.0 585.0
272.0 585.0
274.0 585.0
274.0 585.0
275.0 587.0
275.0 587.0
279.0 588.0
279.0 588.0
281.0 586.0
281.0 586.0
282.0 550.0
282.0 550.0
279.0 544.0
279.0 544.0
242.0 550.0
242.0 550.0
239.0 553.0
239.0 553.0
239.0 562.0


66

28
726.0 568.0
726.0 556.0
726.0 556.0
721.0 555.0
721.0 555.0
713.0 562.0
713.0 562.0
711.0 562.0
711.0 562.0
709.0 565.0
709.0 565.0
701.0 569.0
701.0 569.0
699.0 573.0
699.0 573.0
701.0 575.0
701.0 575.0
705.0 575.0
705.0 575.0
708.0 573.0
708.0 573.0
717.0 573.0
717.0 573.0
720.0 571.0
720.0 571.0
725.0 571.0
725.0 571.0
726.0 568.0


67

50
148.0 571.0
149.0 565.0
149.0 565.0
147.0 563.0
147.0 563.0
142.0 562.0
142.0 562.0
120.0 561.0
120.0 561.0
114.0 559.0
114.0 559.0
99.0 559.0
99.0 559.0
95.0 557.0
95.0 557.0
78.0 557.0
78.0 557.0
72.0 555.0
72.0 555.0
69.0 555.0
69.0 555.0
67.0 557.0
67.0 557.0
67.0 582.0
67.0 582.0
70.0 590.0
70.0 590.0
81.0 589.0
81.0 589.0
84.0 587.0
84.0 587.0
89.0 587.0
89.0 587.0
92.0 585.0
92.0 585.0
97.0 585.0
97.0 585.0
108.0 581.0
108.0 581.0
115.0 581.0
115.0 581.0
124.0 577.0
124.0 577.0
131.0 577.0
131.0 577.0
138.0 574.0
138.0 574.0
144.0 574.0
144.0 574.0
148.0 571.0


68

34
233.0 587.0
241.0 597.0
241.0 597.0
243.0 603.0
243.0 603.0
245.0 604.0
245.0 604.0
245.0 606.0
245.0 606.0
247.0 607.0
247.0 607.0
247.0 609.0
247.0 609.0
257.0 622.0
257.0 622.0
257.0 624.0
257.0 624.0
259.0 625.0
259.0 625.0
265.0 637.0
265.0 637.0
267.0 639.0
267.0 639.0
270.0 639.0
270.0 639.0
275.0 625.0
275.0 625.0
279.0 600.0
279.0 600.0
241.0 574.0
241.0 574.0
235.0 575.0
235.0 575.0
233.0 587.0


69

78
154.0 590.0
155.0 583.0
155.0 583.0
149.0 581.0
149.0 581.0
146.0 583.0
146.0 583.0
139.0 583.0
139.0 583.0
136.0 585.0
136.0 585.0
123.0 587.0
123.0 587.0
108.0 592.0
108.0 592.0
102.0 592.0
102.0 592.0
96.0 595.0
96.0 595.0
89.0 595.0
89.0 595.0
86.0 597.0
86.0 597.0
73.0 599.0
73.0 599.0
70.0 602.0
70.0 602.0
70.0 608.0
70.0 608.0
77.0 637.0
77.0 637.0
81.0 638.0
81.0 638.0
87.0 633.0
87.0 633.0
93.0 631.0
93.0 631.0
94.0 629.0
94.0 629.0
96.0 629.0
96.0 629.0
97.0 627.0
97.0 627.0
99.0 627.0
99.0 627.0
100.0 625.0
100.0 625.0
102.0 625.0
102.0 625.0
103.0 623.0
103.0 623.0
105.0 623.0
105.0 623.0
121.0 611.0
121.0 611.0
127.0 609.0
127.0 609.0
128.0 607.0
128.0 607.0
130.0 607.0
130.0 607.0
131.0 605.0
131.0 605.0
133.0 605.0
133.0 605.0
134.0 603.0
134.0 603.0
136.0 603.0
136.0 603.0
137.0 601.0
137.0 601.0
139.0 601.0
139.0 601.0
140.0 599.0
140.0 599.0
142.0 599.0
142.0 599.0
154.0 590.0


70

30
699.0 593.0
707.0 601.0
707.0 601.0
709.0 601.0
709.0 601.0
711.0 604.0
711.0 604.0
713.0 604.0
713.0 604.0
715.0 607.0
715.0 607.0
721.0 610.0
721.0 610.0
724.0 614.0
724.0 614.0
727.0 613.0
727.0 613.0
727.0 582.0
727.0 582.0
725.0 580.0
725.0 580.0
717.0 581.0
717.0 581.0
714.0 583.0
714.0 583.0
705.0 583.0
705.0 583.0
700.0 586.0
700.0 586.0
699.0 593.0


71

36
630.0 600.0
631.0 598.0
631.0 598.0
629.0 595.0
629.0 595.0
618.0 593.0
618.0 593.0
577.0 579.0
577.0 579.0
573.0 581.0
573.0 581.0
573.0 608.0
573.0 608.0
574.0 615.0
574.0 615.0
576.0 617.0
576.0 617.0
588.0 613.0
588.0 613.0
593.0 613.0
593.0 613.0
596.0 611.0
596.0 611.0
601.0 611.0
601.0 611.0
604.0 609.0
604.0 609.0
609.0 609.0
609.0 609.0
614.0 606.0
614.0 606.0
620.0 606.0
620.0 606.0
629.0 603.0
629.0 603.0
630.0 600.0


72

114
162.0 604.0
163.0 599.0
163.0 599.0
157.0 599.0
157.0 599.0
147.0 607.0
147.0 607.0
141.0 609.0
141.0 609.0
140.0 611.0
140.0 611.0
138.0 611.0
138.0 611.0
137.0 613.0
137.0 613.0
135.0 613.0
135.0 613.0
134.0 615.0
134.0 615.0
132.0 615.0
132.0 615.0
131.0 617.0
131.0 617.0
129.0 617.0
129.0 617.0
128.0 619.0
128.0 619.0
126.0 619.0
126.0 619.0
125.0 621.0
125.0 621.0
123.0 621.0
123.0 621.0
122.0 623.0
122.0 623.0
120.0 623.0
120.0 623.0
119.0 625.0
119.0 625.0
117.0 625.0
117.0 625.0
101.0 637.0
101.0 637.0
95.0 639.0
95.0 639.0
94.0 641.0
94.0 641.0
92.0 641.0
92.0 641.0
91.0 643.0
91.0 643.0
82.0 648.0
82.0 648.0
82.0 654.0
82.0 654.0
86.0 661.0
86.0 661.0
87.0 667.0
87.0 667.0
97.0 687.0
97.0 687.0
100.0 690.0
100.0 690.0
103.0 690.0
103.0 690.0
107.0 683.0
107.0 683.0
110.0 681.0
110.0 681.0
110.0 679.0
110.0 679.0
113.0 677.0
113.0 677.0
113.0 675.0
113.0 675.0
115.0 674.0
115.0 674.0
115.0 672.0
115.0 672.0
117.0 671.0
117.0 671.0
117.0 669.0
117.0 669.0
119.0 668.0
119.0 668.0
127.0 654.0
127.0 654.0
129.0 653.0
129.0 653.0
129.0 651.0
129.0 651.0
135.0 645.0
135.0 645.0
135.0 643.0
135.0 643.0
137.0 642.0
137.0 642.0
137.0 640.0
137.0 640.0
139.0 639.0
139.0 639.0
147.0 625.0
147.0 625.0
153.0 619.0
153.0 619.0
153.0 617.0
153.0 617.0
155.0 616.0
155.0 616.0
155.0 614.0
155.0 614.0
157.0 613.0
157.0 613.0
162.0 604.0


73

66
220.0 608.0
222.0 620.0
222.0 620.0
225.0 627.0
225.0 627.0
229.0 653.0
229.0 653.0
231.0 656.0
231.0 656.0
232.0 668.0
232.0 668.0
234.0 671.0
234.0 671.0
235.0 681.0
235.0 681.0
239.0 692.0
239.0 692.0
239.0 698.0
239.0 698.0
243.0 699.0
243.0 699.0
247.0 692.0
247.0 692.0
249.0 691.0
249.0 691.0
263.0 663.0
263.0 663.0
265.0 651.0
265.0 651.0
259.0 645.0
259.0 645.0
257.0 639.0
257.0 639.0
255.0 638.0
255.0 638.0
255.0 636.0
255.0 636.0
253.0 635.0
253.0 635.0
253.0 633.0
253.0 633.0
251.0 632.0
251.0 632.0
251.0 630.0
251.0 630.0
249.0 629.0
249.0 629.0
249.0 627.0
249.0 627.0
247.0 626.0
247.0 626.0
247.0 624.0
247.0 624.0
241.0 617.0
241.0 617.0
239.0 611.0
239.0 611.0
233.0 605.0
233.0 605.0
229.0 597.0
229.0 597.0
225.0 597.0
225.0 597.0
221.0 601.0
221.0 601.0
220.0 608.0


74

22
695.0 615.0
703.0 631.0
703.0 631.0
707.0 635.0
707.0 635.0
711.0 645.0
711.0 645.0
715.0 649.0
715.0 649.0
716.0 653.0
716.0 653.0
720.0 655.0
720.0 655.0
724.0 642.0
724.0 642.0
725.0 626.0
725.0 626.0
700.0 606.0
700.0 606.0
696.0 607.0
696.0 607.0
695.0 615.0


75

58
634.0 616.0
634.0 612.0
634.0 612.0
628.0 612.0
628.0 612.0
578.0 626.0
578.0 626.0
576.0 628.0
576.0 628.0
576.0 632.0
576.0 632.0
580.0 654.0
580.0 654.0
584.0 656.0
584.0 656.0
587.0 653.0
587.0 653.0
589.0 653.0
589.0 653.0
591.0 650.0
591.0 650.0
593.0 650.0
593.0 650.0
595.0 647.0
595.0 647.0
597.0 647.0
597.0 647.0
599.0 644.0
599.0 644.0
601.0 644.0
601.0 644.0
603.0 641.0
603.0 641.0
605.0 641.0
605.0 641.0
607.0 638.0
607.0 638.0
609.0 638.0
609.0 638.0
611.0 635.0
611.0 635.0
613.0 635.0
613.0 635.0
615.0 632.0
615.0 632.0
617.0 632.0
617.0 632.0
619.0 629.0
619.0 629.0
621.0 629.0
621.0 629.0
623.0 626.0
623.0 626.0
629.0 623.0
629.0 623.0
634.0 618.0
634.0 618.0
634.0 616.0


76

96
172.0 617.0
173.0 610.0
173.0 610.0
171.0 609.0
171.0 609.0
164.0 617.0
164.0 617.0
164.0 619.0
164.0 619.0
161.0 621.0
161.0 621.0
153.0 635.0
153.0 635.0
147.0 641.0
147.0 641.0
147.0 643.0
147.0 643.0
145.0 644.0
145.0 644.0
145.0 646.0
145.0 646.0
143.0 647.0
143.0 647.0
143.0 649.0
143.0 649.0
141.0 650.0
141.0 650.0
141.0 652.0
141.0 652.0
139.0 653.0
139.0 653.0
139.0 655.0
139.0 655.0
137.0 656.0
137.0 656.0
137.0 658.0
137.0 658.0
127.0 671.0
127.0 671.0
127.0 673.0
127.0 673.0
121.0 679.0
121.0 679.0
121.0 681.0
121.0 681.0
119.0 682.0
119.0 682.0
119.0 684.0
119.0 684.0
117.0 685.0
117.0 685.0
117.0 687.0
117.0 687.0
115.0 688.0
115.0 688.0
115.0 690.0
115.0 690.0
108.0 699.0
108.0 699.0
109.0 705.0
109.0 705.0
113.0 708.0
113.0 708.0
117.0 715.0
117.0 715.0
127.0 725.0
127.0 725.0
129.0 725.0
129.0 725.0
138.0 733.0
138.0 733.0
141.0 732.0
141.0 732.0
143.0 727.0
143.0 727.0
143.0 722.0
143.0 722.0
147.0 713.0
147.0 713.0
149.0 700.0
149.0 700.0
157.0 677.0
157.0 677.0
157.0 672.0
157.0 672.0
159.0 669.0
159.0 669.0
161.0 656.0
161.0 656.0
165.0 647.0
165.0 647.0
165.0 642.0
165.0 642.0
169.0 633.0
169.0 633.0
172.0 617.0


77

56
639.0 631.0
639.0 627.0
639.0 627.0
633.0 630.0
633.0 630.0
631.0 633.0
631.0 633.0
629.0 633.0
629.0 633.0
627.0 636.0
627.0 636.0
625.0 636.0
625.0 636.0
623.0 639.0
623.0 639.0
621.0 639.0
621.0 639.0
619.0 642.0
619.0 642.0
617.0 642.0
617.0 642.0
615.0 645.0
615.0 645.0
613.0 645.0
613.0 645.0
599.0 657.0
599.0 657.0
591.0 661.0
591.0 661.0
584.0 668.0
584.0 668.0
589.0 685.0
589.0 685.0
596.0 699.0
596.0 699.0
599.0 699.0
599.0 699.0
601.0 697.0
601.0 697.0
603.0 691.0
603.0 691.0
607.0 687.0
607.0 687.0
609.0 681.0
609.0 681.0
613.0 677.0
613.0 677.0
615.0 671.0
615.0 671.0
619.0 667.0
619.0 667.0
623.0 657.0
623.0 657.0
631.0 647.0
631.0 647.0
639.0 631.0


78

42
685.0 634.0
689.0 657.0
689.0 657.0
691.0 660.0
691.0 660.0
691.0 667.0
691.0 667.0
693.0 671.0
693.0 671.0
697.0 699.0
697.0 699.0
699.0 705.0
699.0 705.0
702.0 706.0
702.0 706.0
707.0 697.0
707.0 697.0
708.0 691.0
708.0 691.0
713.0 683.0
713.0 683.0
715.0 677.0
715.0 677.0
715.0 669.0
715.0 669.0
711.0 661.0
711.0 661.0
707.0 657.0
707.0 657.0
701.0 643.0
701.0 643.0
697.0 639.0
697.0 639.0
693.0 629.0
693.0 629.0
690.0 626.0
690.0 626.0
688.0 626.0
688.0 626.0
685.0 629.0
685.0 629.0
685.0 634.0


79

48
192.0 636.0
193.0 616.0
193.0 616.0
183.0 615.0
183.0 615.0
180.0 622.0
180.0 622.0
180.0 628.0
180.0 628.0
177.0 633.0
177.0 633.0
177.0 638.0
177.0 638.0
173.0 647.0
173.0 647.0
171.0 660.0
171.0 660.0
168.0 666.0
168.0 666.0
168.0 672.0
168.0 672.0
165.0 677.0
165.0 677.0
165.0 682.0
165.0 682.0
161.0 691.0
161.0 691.0
159.0 704.0
159.0 704.0
155.0 713.0
155.0 713.0
153.0 726.0
153.0 726.0
149.0 735.0
149.0 735.0
149.0 738.0
149.0 738.0
157.0 743.0
157.0 743.0
162.0 743.0
162.0 743.0
165.0 745.0
165.0 745.0
185.0 745.0
185.0 745.0
188.0 741.0
188.0 741.0
192.0 636.0


80

30
494.0 641.0
506.0 641.0
506.0 641.0
512.0 643.0
512.0 643.0
519.0 649.0
519.0 649.0
527.0 653.0
527.0 653.0
528.0 648.0
528.0 648.0
523.0 619.0
523.0 619.0
520.0 618.0
520.0 618.0
513.0 625.0
513.0 625.0
498.0 631.0
498.0 631.0
480.0 632.0
480.0 632.0
478.0 635.0
478.0 635.0
477.0 646.0
477.0 646.0
481.0 647.0
481.0 647.0
485.0 644.0
485.0 644.0
494.0 641.0


81

70
647.0 642.0
648.0 640.0
648.0 640.0
646.0 639.0
646.0 639.0
641.0 648.0
641.0 648.0
639.0 649.0
639.0 649.0
637.0 655.0
637.0 655.0
633.0 659.0
633.0 659.0
631.0 665.0
631.0 665.0
627.0 669.0
627.0 669.0
625.0 675.0
625.0 675.0
621.0 679.0
621.0 679.0
619.0 685.0
619.0 685.0
615.0 689.0
615.0 689.0
613.0 695.0
613.0 695.0
609.0 699.0
609.0 699.0
607.0 705.0
607.0 705.0
603.0 709.0
603.0 709.0
603.0 713.0
603.0 713.0
605.0 714.0
605.0 714.0
607.0 719.0
607.0 719.0
622.0 736.0
622.0 736.0
625.0 736.0
625.0 736.0
627.0 732.0
627.0 732.0
627.0 726.0
627.0 726.0
629.0 723.0
629.0 723.0
629.0 718.0
629.0 718.0
633.0 707.0
633.0 707.0
633.0 701.0
633.0 701.0
637.0 689.0
637.0 689.0
637.0 684.0
637.0 684.0
639.0 681.0
639.0 681.0
639.0 676.0
639.0 676.0
642.0 670.0
642.0 670.0
642.0 664.0
642.0 664.0
644.0 661.0
644.0 661.0
647.0 642.0


82

40
499.0 657.0
503.0 664.0
503.0 664.0
505.0 665.0
505.0 665.0
505.0 667.0
505.0 667.0
523.0 685.0
523.0 685.0
529.0 688.0
529.0 688.0
536.0 696.0
536.0 696.0
541.0 695.0
541.0 695.0
543.0 691.0
543.0 691.0
543.0 685.0
543.0 685.0
539.0 678.0
539.0 678.0
532.0 671.0
532.0 671.0
530.0 671.0
530.0 671.0
522.0 662.0
522.0 662.0
520.0 662.0
520.0 662.0
515.0 656.0
515.0 656.0
513.0 656.0
513.0 656.0
511.0 653.0
511.0 653.0
507.0 651.0
507.0 651.0
500.0 652.0
500.0 652.0
499.0 657.0


83

50
662.0 664.0
663.0 642.0
663.0 642.0
662.0 640.0
662.0 640.0
658.0 640.0
658.0 640.0
655.0 649.0
655.0 649.0
655.0 654.0
655.0 654.0
653.0 657.0
653.0 657.0
653.0 662.0
653.0 662.0
651.0 665.0
651.0 665.0
651.0 670.0
651.0 670.0
649.0 673.0
649.0 673.0
649.0 678.0
649.0 678.0
647.0 681.0
647.0 681.0
647.0 687.0
647.0 687.0
643.0 699.0
643.0 699.0
643.0 704.0
643.0 704.0
641.0 707.0
641.0 707.0
639.0 722.0
639.0 722.0
637.0 725.0
637.0 725.0
637.0 730.0
637.0 730.0
634.0 738.0
634.0 738.0
634.0 743.0
634.0 743.0
641.0 747.0
641.0 747.0
652.0 748.0
652.0 748.0
659.0 746.0
659.0 746.0
662.0 664.0


84

52
437.0 687.0
453.0 702.0
453.0 702.0
455.0 702.0
455.0 702.0
462.0 709.0
462.0 709.0
464.0 709.0
464.0 709.0
471.0 717.0
471.0 717.0
484.0 717.0
484.0 717.0
490.0 715.0
490.0 715.0
509.0 713.0
509.0 713.0
521.0 709.0
521.0 709.0
529.0 704.0
529.0 704.0
529.0 701.0
529.0 701.0
520.0 693.0
520.0 693.0
518.0 693.0
518.0 693.0
495.0 669.0
495.0 669.0
491.0 662.0
491.0 662.0
490.0 655.0
490.0 655.0
483.0 655.0
483.0 655.0
475.0 660.0
475.0 660.0
469.0 661.0
469.0 661.0
465.0 664.0
465.0 664.0
459.0 665.0
459.0 665.0
455.0 668.0
455.0 668.0
445.0 671.0
445.0 671.0
439.0 677.0
439.0 677.0
437.0 681.0
437.0 681.0
437.0 687.0


85

56
232.0 713.0
233.0 709.0
233.0 709.0
231.0 706.0
231.0 706.0
231.0 699.0
231.0 699.0
225.0 677.0
225.0 677.0
225.0 671.0
225.0 671.0
221.0 660.0
221.0 660.0
221.0 653.0
221.0 653.0
219.0 650.0
219.0 650.0
219.0 643.0
219.0 643.0
215.0 631.0
215.0 631.0
213.0 615.0
213.0 615.0
211.0 612.0
211.0 612.0
206.0 612.0
206.0 612.0
203.0 614.0
203.0 614.0
202.0 617.0
202.0 617.0
201.0 628.0
201.0 628.0
201.0 666.0
201.0 666.0
199.0 680.0
199.0 680.0
197.0 737.0
197.0 737.0
201.0 739.0
201.0 739.0
209.0 733.0
209.0 733.0
211.0 733.0
211.0 733.0
213.0 730.0
213.0 730.0
215.0 730.0
215.0 730.0
217.0 727.0
217.0 727.0
223.0 724.0
223.0 724.0
223.0 722.0
223.0 722.0
232.0 713.0


86

32
690.0 723.0
691.0 712.0
691.0 712.0
689.0 706.0
689.0 706.0
689.0 699.0
689.0 699.0
687.0 696.0
687.0 696.0
685.0 677.0
685.0 677.0
683.0 673.0
683.0 673.0
683.0 667.0
683.0 667.0
681.0 664.0
681.0 664.0
679.0 645.0
679.0 645.0
677.0 639.0
677.0 639.0
675.0 638.0
675.0 638.0
672.0 641.0
672.0 641.0
671.0 652.0
671.0 652.0
669.0 740.0
669.0 740.0
675.0 739.0
675.0 739.0
690.0 723.0


