1

232
321.0 0.0
342.0 0.0
342.0 0.0
350.0 5.0
350.0 5.0
360.0 19.0
360.0 19.0
360.0 35.0
360.0 35.0
301.0 78.0
301.0 78.0
289.0 103.0
289.0 103.0
269.0 108.0
269.0 108.0
258.0 165.0
258.0 165.0
227.0 218.0
227.0 218.0
265.0 237.0
265.0 237.0
282.0 233.0
282.0 233.0
301.0 237.0
301.0 237.0
459.0 336.0
459.0 336.0
452.0 317.0
452.0 317.0
453.0 290.0
453.0 290.0
429.0 281.0
429.0 281.0
384.0 224.0
384.0 224.0
381.0 202.0
381.0 202.0
385.0 189.0
385.0 189.0
397.0 178.0
397.0 178.0
420.0 175.0
420.0 175.0
475.0 193.0
475.0 193.0
549.0 204.0
549.0 204.0
564.0 213.0
564.0 213.0
574.0 227.0
574.0 227.0
579.0 245.0
579.0 245.0
577.0 266.0
577.0 266.0
555.0 286.0
555.0 286.0
506.0 293.0
506.0 293.0
504.0 298.0
504.0 298.0
518.0 311.0
518.0 311.0
561.0 319.0
561.0 319.0
582.0 339.0
582.0 339.0
585.0 357.0
585.0 357.0
579.0 371.0
579.0 371.0
561.0 384.0
561.0 384.0
535.0 391.0
535.0 391.0
563.0 433.0
563.0 433.0
568.0 434.0
568.0 434.0
587.0 412.0
587.0 412.0
615.0 394.0
615.0 394.0
641.0 387.0
641.0 387.0
666.0 389.0
666.0 389.0
690.0 397.0
690.0 397.0
710.0 410.0
710.0 410.0
735.0 441.0
735.0 441.0
752.0 473.0
752.0 473.0
773.0 549.0
773.0 549.0
771.0 648.0
771.0 648.0
758.0 697.0
758.0 697.0
739.0 737.0
739.0 737.0
710.0 772.0
710.0 772.0
687.0 788.0
687.0 788.0
668.0 795.0
668.0 795.0
642.0 797.0
642.0 797.0
609.0 787.0
609.0 787.0
577.0 762.0
577.0 762.0
543.0 707.0
543.0 707.0
506.0 723.0
506.0 723.0
471.0 727.0
471.0 727.0
431.0 695.0
431.0 695.0
428.0 679.0
428.0 679.0
439.0 609.0
439.0 609.0
418.0 575.0
418.0 575.0
405.0 532.0
405.0 532.0
401.0 495.0
401.0 495.0
303.0 393.0
303.0 393.0
300.0 397.0
300.0 397.0
320.0 433.0
320.0 433.0
335.0 480.0
335.0 480.0
343.0 538.0
343.0 538.0
343.0 582.0
343.0 582.0
336.0 632.0
336.0 632.0
324.0 673.0
324.0 673.0
299.0 723.0
299.0 723.0
274.0 755.0
274.0 755.0
245.0 779.0
245.0 779.0
215.0 794.0
215.0 794.0
194.0 800.0
194.0 800.0
150.0 800.0
150.0 800.0
105.0 783.0
105.0 783.0
79.0 764.0
79.0 764.0
49.0 729.0
49.0 729.0
29.0 694.0
29.0 694.0
13.0 652.0
13.0 652.0
1.0 584.0
1.0 584.0
3.0 513.0
3.0 513.0
17.0 454.0
17.0 454.0
37.0 409.0
37.0 409.0
63.0 372.0
63.0 372.0
89.0 347.0
89.0 347.0
125.0 327.0
125.0 327.0
137.0 301.0
137.0 301.0
162.0 280.0
162.0 280.0
163.0 272.0
163.0 272.0
145.0 270.0
145.0 270.0
133.0 261.0
133.0 261.0
105.0 255.0
105.0 255.0
89.0 239.0
89.0 239.0
82.0 224.0
82.0 224.0
69.0 223.0
69.0 223.0
20.0 255.0
20.0 255.0
9.0 253.0
9.0 253.0
0.0 244.0
0.0 244.0
0.0 228.0
0.0 228.0
50.0 190.0
50.0 190.0
53.0 175.0
53.0 175.0
71.0 161.0
71.0 161.0
83.0 143.0
83.0 143.0
195.0 69.0
195.0 69.0
224.0 59.0
224.0 59.0
228.0 41.0
228.0 41.0
239.0 29.0
239.0 29.0
262.0 27.0
262.0 27.0
273.0 31.0
273.0 31.0
321.0 0.0


2

14
325.0 22.0
336.0 38.0
336.0 38.0
343.0 38.0
343.0 38.0
352.0 30.0
352.0 30.0
349.0 17.0
349.0 17.0
339.0 9.0
339.0 9.0
326.0 10.0
326.0 10.0
325.0 22.0


3

12
307.0 33.0
317.0 49.0
317.0 49.0
329.0 48.0
329.0 48.0
319.0 34.0
319.0 34.0
315.0 17.0
315.0 17.0
307.0 21.0
307.0 21.0
307.0 33.0


4

12
287.0 45.0
301.0 59.0
301.0 59.0
312.0 60.0
312.0 60.0
300.0 43.0
300.0 43.0
297.0 28.0
297.0 28.0
287.0 33.0
287.0 33.0
287.0 45.0


5

14
273.0 53.0
283.0 67.0
283.0 67.0
297.0 71.0
297.0 71.0
298.0 67.0
298.0 67.0
281.0 53.0
281.0 53.0
278.0 43.0
278.0 43.0
274.0 44.0
274.0 44.0
273.0 53.0


6

22
235.0 65.0
245.0 85.0
245.0 85.0
257.0 95.0
257.0 95.0
274.0 98.0
274.0 98.0
287.0 91.0
287.0 91.0
287.0 80.0
287.0 80.0
266.0 61.0
266.0 61.0
263.0 38.0
263.0 38.0
253.0 35.0
253.0 35.0
241.0 39.0
241.0 39.0
235.0 49.0
235.0 49.0
235.0 65.0


7

12
221.0 85.0
231.0 99.0
231.0 99.0
242.0 100.0
242.0 100.0
243.0 95.0
243.0 95.0
226.0 69.0
226.0 69.0
221.0 70.0
221.0 70.0
221.0 85.0


8

18
233.0 114.0
215.0 95.0
215.0 95.0
211.0 75.0
211.0 75.0
207.0 73.0
207.0 73.0
85.0 153.0
85.0 153.0
79.0 163.0
79.0 163.0
80.0 175.0
80.0 175.0
93.0 193.0
93.0 193.0
107.0 197.0
107.0 197.0
233.0 114.0


9

20
259.0 114.0
255.0 103.0
255.0 103.0
243.0 111.0
243.0 111.0
234.0 157.0
234.0 157.0
218.0 183.0
218.0 183.0
199.0 201.0
199.0 201.0
201.0 214.0
201.0 214.0
213.0 218.0
213.0 218.0
239.0 183.0
239.0 183.0
253.0 151.0
253.0 151.0
259.0 114.0


10

18
229.0 138.0
230.0 131.0
230.0 131.0
223.0 133.0
223.0 133.0
118.0 201.0
118.0 201.0
117.0 217.0
117.0 217.0
129.0 223.0
129.0 223.0
181.0 189.0
181.0 189.0
199.0 189.0
199.0 189.0
223.0 159.0
223.0 159.0
229.0 138.0


11

14
59.0 191.0
77.0 215.0
77.0 215.0
89.0 209.0
89.0 209.0
90.0 201.0
90.0 201.0
77.0 189.0
77.0 189.0
70.0 174.0
70.0 174.0
61.0 179.0
61.0 179.0
59.0 191.0


12

28
428.0 201.0
454.0 203.0
454.0 203.0
479.0 215.0
479.0 215.0
547.0 269.0
547.0 269.0
563.0 269.0
563.0 269.0
569.0 261.0
569.0 261.0
569.0 241.0
569.0 241.0
561.0 223.0
561.0 223.0
539.0 211.0
539.0 211.0
468.0 201.0
468.0 201.0
427.0 185.0
427.0 185.0
397.0 189.0
397.0 189.0
391.0 197.0
391.0 197.0
391.0 209.0
391.0 209.0
428.0 201.0


13

10
48.0 210.0
53.0 218.0
53.0 218.0
62.0 217.0
62.0 217.0
54.0 202.0
54.0 202.0
49.0 203.0
49.0 203.0
48.0 210.0


14

14
180.0 219.0
187.0 229.0
187.0 229.0
205.0 233.0
205.0 233.0
205.0 227.0
205.0 227.0
190.0 218.0
190.0 218.0
187.0 197.0
187.0 197.0
181.0 201.0
181.0 201.0
180.0 219.0


15

10
34.0 220.0
38.0 229.0
38.0 229.0
46.0 227.0
46.0 227.0
40.0 213.0
40.0 213.0
35.0 213.0
35.0 213.0
34.0 220.0


16

20
395.0 222.0
443.0 279.0
443.0 279.0
451.0 279.0
451.0 279.0
453.0 269.0
453.0 269.0
441.0 249.0
441.0 249.0
465.0 234.0
465.0 234.0
481.0 230.0
481.0 230.0
471.0 221.0
471.0 221.0
445.0 211.0
445.0 211.0
421.0 211.0
421.0 211.0
395.0 222.0


17

12
92.0 223.0
107.0 245.0
107.0 245.0
125.0 249.0
125.0 249.0
123.0 232.0
123.0 232.0
109.0 221.0
109.0 221.0
104.0 207.0
104.0 207.0
92.0 223.0


18

8
20.0 234.0
30.0 238.0
30.0 238.0
24.0 222.0
24.0 222.0
20.0 224.0
20.0 224.0
20.0 234.0


19

14
221.0 234.0
222.0 228.0
222.0 228.0
216.0 227.0
216.0 227.0
214.0 238.0
214.0 238.0
206.0 245.0
206.0 245.0
208.0 251.0
208.0 251.0
217.0 249.0
217.0 249.0
221.0 234.0


20

6
9.0 240.0
14.0 243.0
14.0 243.0
11.0 235.0
11.0 235.0
9.0 240.0


21

14
190.0 242.0
174.0 228.0
174.0 228.0
170.0 209.0
170.0 209.0
133.0 232.0
133.0 232.0
133.0 245.0
133.0 245.0
147.0 261.0
147.0 261.0
159.0 261.0
159.0 261.0
190.0 242.0


22

24
279.0 249.0
280.0 269.0
280.0 269.0
264.0 283.0
264.0 283.0
271.0 295.0
271.0 295.0
428.0 380.0
428.0 380.0
441.0 377.0
441.0 377.0
449.0 369.0
449.0 369.0
453.0 349.0
453.0 349.0
447.0 339.0
447.0 339.0
303.0 249.0
303.0 249.0
289.0 243.0
289.0 243.0
280.0 243.0
280.0 243.0
279.0 249.0


23

16
481.0 252.0
495.0 253.0
495.0 253.0
495.0 249.0
495.0 249.0
485.0 241.0
485.0 241.0
473.0 241.0
473.0 241.0
455.0 250.0
455.0 250.0
453.0 256.0
453.0 256.0
458.0 259.0
458.0 259.0
481.0 252.0


24

86
232.0 262.0
265.0 272.0
265.0 272.0
273.0 262.0
273.0 262.0
271.0 251.0
271.0 251.0
232.0 233.0
232.0 233.0
225.0 253.0
225.0 253.0
218.0 260.0
218.0 260.0
207.0 262.0
207.0 262.0
208.0 276.0
208.0 276.0
233.0 285.0
233.0 285.0
243.0 294.0
243.0 294.0
251.0 308.0
251.0 308.0
253.0 329.0
253.0 329.0
408.0 488.0
408.0 488.0
421.0 557.0
421.0 557.0
440.0 595.0
440.0 595.0
445.0 579.0
445.0 579.0
436.0 563.0
436.0 563.0
428.0 528.0
428.0 528.0
434.0 483.0
434.0 483.0
446.0 467.0
446.0 467.0
463.0 459.0
463.0 459.0
481.0 462.0
481.0 462.0
499.0 477.0
499.0 477.0
517.0 512.0
517.0 512.0
521.0 550.0
521.0 550.0
511.0 585.0
511.0 585.0
501.0 597.0
501.0 597.0
483.0 604.0
483.0 604.0
480.0 621.0
480.0 621.0
494.0 622.0
494.0 622.0
511.0 615.0
511.0 615.0
527.0 593.0
527.0 593.0
533.0 562.0
533.0 562.0
533.0 530.0
533.0 530.0
525.0 493.0
525.0 493.0
505.0 455.0
505.0 455.0
485.0 437.0
485.0 437.0
457.0 431.0
457.0 431.0
441.0 437.0
441.0 437.0
422.0 458.0
422.0 458.0
416.0 458.0
416.0 458.0
233.0 272.0
233.0 272.0
232.0 262.0


25

8
502.0 266.0
506.0 283.0
506.0 283.0
543.0 279.0
543.0 279.0
508.0 248.0
508.0 248.0
502.0 266.0


26

8
198.0 276.0
196.0 252.0
196.0 252.0
172.0 267.0
172.0 267.0
173.0 278.0
173.0 278.0
198.0 276.0


27

12
475.0 282.0
478.0 297.0
478.0 297.0
495.0 296.0
495.0 296.0
495.0 271.0
495.0 271.0
489.0 261.0
489.0 261.0
478.0 265.0
478.0 265.0
475.0 282.0


28

8
462.0 286.0
466.0 299.0
466.0 299.0
467.0 267.0
467.0 267.0
463.0 269.0
463.0 269.0
462.0 286.0


29

44
188.0 302.0
211.0 304.0
211.0 304.0
221.0 313.0
221.0 313.0
229.0 333.0
229.0 333.0
234.0 378.0
234.0 378.0
233.0 417.0
233.0 417.0
226.0 453.0
226.0 453.0
211.0 494.0
211.0 494.0
186.0 533.0
186.0 533.0
189.0 549.0
189.0 549.0
195.0 551.0
195.0 551.0
225.0 515.0
225.0 515.0
239.0 477.0
239.0 477.0
247.0 428.0
247.0 428.0
247.0 350.0
247.0 350.0
241.0 307.0
241.0 307.0
219.0 289.0
219.0 289.0
167.0 289.0
167.0 289.0
147.0 303.0
147.0 303.0
139.0 321.0
139.0 321.0
159.0 319.0
159.0 319.0
172.0 307.0
172.0 307.0
188.0 302.0


30

8
178.0 317.0
215.0 325.0
215.0 325.0
205.0 312.0
205.0 312.0
187.0 311.0
187.0 311.0
178.0 317.0


31

14
480.0 317.0
510.0 321.0
510.0 321.0
505.0 310.0
505.0 310.0
494.0 306.0
494.0 306.0
477.0 307.0
477.0 307.0
462.0 314.0
462.0 314.0
464.0 320.0
464.0 320.0
480.0 317.0


32

16
295.0 321.0
417.0 445.0
417.0 445.0
437.0 429.0
437.0 429.0
460.0 422.0
460.0 422.0
459.0 388.0
459.0 388.0
451.0 384.0
451.0 384.0
424.0 388.0
424.0 388.0
303.0 321.0
303.0 321.0
295.0 321.0


33

22
520.0 325.0
543.0 331.0
543.0 331.0
558.0 347.0
558.0 347.0
558.0 363.0
558.0 363.0
544.0 379.0
544.0 379.0
559.0 375.0
559.0 375.0
572.0 365.0
572.0 365.0
575.0 347.0
575.0 347.0
563.0 331.0
563.0 331.0
537.0 321.0
537.0 321.0
521.0 321.0
521.0 321.0
520.0 325.0


34

12
521.0 346.0
525.0 372.0
525.0 372.0
549.0 361.0
549.0 361.0
549.0 349.0
549.0 349.0
541.0 341.0
541.0 341.0
521.0 336.0
521.0 336.0
521.0 346.0


35

26
469.0 352.0
493.0 365.0
493.0 365.0
503.0 381.0
503.0 381.0
502.0 392.0
502.0 392.0
495.0 398.0
495.0 398.0
470.0 395.0
470.0 395.0
469.0 421.0
469.0 421.0
498.0 435.0
498.0 435.0
523.0 465.0
523.0 465.0
512.0 341.0
512.0 341.0
499.0 329.0
499.0 329.0
475.0 327.0
475.0 327.0
469.0 331.0
469.0 331.0
469.0 352.0


36

100
162.0 365.0
186.0 365.0
186.0 365.0
225.0 382.0
225.0 382.0
219.0 338.0
219.0 338.0
190.0 328.0
190.0 328.0
160.0 327.0
160.0 327.0
111.0 343.0
111.0 343.0
91.0 357.0
91.0 357.0
61.0 389.0
61.0 389.0
37.0 429.0
37.0 429.0
19.0 479.0
19.0 479.0
11.0 524.0
11.0 524.0
10.0 572.0
10.0 572.0
15.0 621.0
15.0 621.0
29.0 671.0
29.0 671.0
65.0 735.0
65.0 735.0
95.0 765.0
95.0 765.0
125.0 783.0
125.0 783.0
154.0 791.0
154.0 791.0
180.0 792.0
180.0 792.0
213.0 785.0
213.0 785.0
243.0 769.0
243.0 769.0
279.0 735.0
279.0 735.0
299.0 705.0
299.0 705.0
317.0 665.0
317.0 665.0
328.0 626.0
328.0 626.0
333.0 592.0
333.0 592.0
333.0 526.0
333.0 526.0
321.0 463.0
321.0 463.0
309.0 431.0
309.0 431.0
277.0 379.0
277.0 379.0
257.0 362.0
257.0 362.0
257.0 421.0
257.0 421.0
279.0 468.0
279.0 468.0
291.0 540.0
291.0 540.0
289.0 598.0
289.0 598.0
272.0 665.0
272.0 665.0
241.0 718.0
241.0 718.0
199.0 750.0
199.0 750.0
178.0 755.0
178.0 755.0
158.0 753.0
158.0 753.0
120.0 731.0
120.0 731.0
91.0 695.0
91.0 695.0
66.0 634.0
66.0 634.0
57.0 570.0
57.0 570.0
59.0 524.0
59.0 524.0
67.0 482.0
67.0 482.0
89.0 427.0
89.0 427.0
120.0 388.0
120.0 388.0
137.0 375.0
137.0 375.0
162.0 365.0


37

10
457.0 376.0
483.0 390.0
483.0 390.0
494.0 385.0
494.0 385.0
487.0 373.0
487.0 373.0
464.0 360.0
464.0 360.0
457.0 376.0


38

12
164.0 388.0
175.0 475.0
175.0 475.0
180.0 481.0
180.0 481.0
183.0 470.0
183.0 470.0
173.0 374.0
173.0 374.0
164.0 376.0
164.0 376.0
164.0 388.0


39

10
185.0 392.0
191.0 470.0
191.0 470.0
196.0 477.0
196.0 477.0
217.0 391.0
217.0 391.0
186.0 376.0
186.0 376.0
185.0 392.0


40

14
135.0 398.0
147.0 467.0
147.0 467.0
161.0 497.0
161.0 497.0
169.0 483.0
169.0 483.0
161.0 448.0
161.0 448.0
155.0 381.0
155.0 381.0
139.0 385.0
139.0 385.0
135.0 398.0


41

24
527.0 408.0
529.0 423.0
529.0 423.0
644.0 567.0
644.0 567.0
648.0 579.0
648.0 579.0
639.0 580.0
639.0 580.0
547.0 543.0
547.0 543.0
542.0 545.0
542.0 545.0
542.0 557.0
542.0 557.0
643.0 591.0
643.0 591.0
666.0 594.0
666.0 594.0
659.0 575.0
659.0 575.0
530.0 402.0
530.0 402.0
527.0 408.0


42

6
115.0 411.0
129.0 431.0
129.0 431.0
126.0 398.0
126.0 398.0
115.0 411.0


43

4
221.0 422.0
222.0 419.0
222.0 419.0
221.0 422.0


44

82
642.0 427.0
675.0 432.0
675.0 432.0
697.0 450.0
697.0 450.0
718.0 485.0
718.0 485.0
731.0 527.0
731.0 527.0
737.0 572.0
737.0 572.0
735.0 630.0
735.0 630.0
722.0 685.0
722.0 685.0
703.0 723.0
703.0 723.0
691.0 738.0
691.0 738.0
667.0 754.0
667.0 754.0
643.0 757.0
643.0 757.0
627.0 751.0
627.0 751.0
597.0 721.0
597.0 721.0
580.0 687.0
580.0 687.0
567.0 636.0
567.0 636.0
562.0 575.0
562.0 575.0
541.0 571.0
541.0 571.0
532.0 614.0
532.0 614.0
540.0 666.0
540.0 666.0
550.0 678.0
550.0 678.0
551.0 701.0
551.0 701.0
571.0 739.0
571.0 739.0
607.0 775.0
607.0 775.0
635.0 787.0
635.0 787.0
660.0 787.0
660.0 787.0
699.0 769.0
699.0 769.0
733.0 729.0
733.0 729.0
759.0 661.0
759.0 661.0
766.0 580.0
766.0 580.0
759.0 523.0
759.0 523.0
743.0 475.0
743.0 475.0
721.0 437.0
721.0 437.0
699.0 413.0
699.0 413.0
661.0 397.0
661.0 397.0
627.0 399.0
627.0 399.0
596.0 417.0
596.0 417.0
577.0 437.0
577.0 437.0
574.0 447.0
574.0 447.0
593.0 469.0
593.0 469.0
618.0 439.0
618.0 439.0
642.0 427.0


45

8
220.0 432.0
221.0 427.0
221.0 427.0
217.0 430.0
217.0 430.0
211.0 463.0
211.0 463.0
220.0 432.0


46

8
659.0 444.0
667.0 515.0
667.0 515.0
681.0 448.0
681.0 448.0
663.0 437.0
663.0 437.0
659.0 444.0


47

8
531.0 450.0
538.0 491.0
538.0 491.0
549.0 463.0
549.0 463.0
533.0 443.0
533.0 443.0
531.0 450.0


48

10
90.0 452.0
153.0 512.0
153.0 512.0
139.0 469.0
139.0 469.0
109.0 419.0
109.0 419.0
101.0 425.0
101.0 425.0
90.0 452.0


49

8
265.0 463.0
263.0 451.0
263.0 451.0
255.0 441.0
255.0 441.0
246.0 486.0
246.0 486.0
265.0 463.0


50

2
210.0 465.0
210.0 465.0


51

14
609.0 467.0
643.0 529.0
643.0 529.0
648.0 530.0
648.0 530.0
655.0 524.0
655.0 524.0
650.0 438.0
650.0 438.0
641.0 437.0
641.0 437.0
625.0 445.0
625.0 445.0
609.0 467.0


52

8
599.0 480.0
614.0 498.0
614.0 498.0
605.0 477.0
605.0 477.0
600.0 476.0
600.0 476.0
599.0 480.0


53

32
200.0 493.0
196.0 487.0
196.0 487.0
177.0 493.0
177.0 493.0
163.0 511.0
163.0 511.0
157.0 529.0
157.0 529.0
161.0 577.0
161.0 577.0
171.0 595.0
171.0 595.0
188.0 606.0
188.0 606.0
201.0 605.0
201.0 605.0
217.0 593.0
217.0 593.0
225.0 579.0
225.0 579.0
231.0 552.0
231.0 552.0
227.0 529.0
227.0 529.0
197.0 561.0
197.0 561.0
184.0 563.0
184.0 563.0
177.0 530.0
177.0 530.0
200.0 493.0


54

12
74.0 498.0
139.0 529.0
139.0 529.0
149.0 529.0
149.0 529.0
149.0 524.0
149.0 524.0
87.0 462.0
87.0 462.0
79.0 473.0
79.0 473.0
74.0 498.0


55

10
275.0 502.0
273.0 481.0
273.0 481.0
268.0 476.0
268.0 476.0
239.0 513.0
239.0 513.0
237.0 522.0
237.0 522.0
275.0 502.0


56

38
468.0 503.0
478.0 503.0
478.0 503.0
485.0 509.0
485.0 509.0
491.0 528.0
491.0 528.0
485.0 580.0
485.0 580.0
485.0 592.0
485.0 592.0
489.0 593.0
489.0 593.0
505.0 577.0
505.0 577.0
511.0 556.0
511.0 556.0
511.0 530.0
511.0 530.0
503.0 501.0
503.0 501.0
487.0 477.0
487.0 477.0
473.0 469.0
473.0 469.0
459.0 469.0
459.0 469.0
447.0 479.0
447.0 479.0
437.0 508.0
437.0 508.0
439.0 541.0
439.0 541.0
448.0 560.0
448.0 560.0
456.0 517.0
456.0 517.0
468.0 503.0


57

12
577.0 505.0
577.0 497.0
577.0 497.0
556.0 474.0
556.0 474.0
543.0 505.0
543.0 505.0
541.0 530.0
541.0 530.0
568.0 540.0
568.0 540.0
577.0 505.0


58

12
715.0 511.0
709.0 487.0
709.0 487.0
697.0 465.0
697.0 465.0
689.0 459.0
689.0 459.0
675.0 525.0
675.0 525.0
695.0 543.0
695.0 543.0
715.0 511.0


59

10
278.0 534.0
279.0 514.0
279.0 514.0
274.0 513.0
274.0 513.0
239.0 538.0
239.0 538.0
250.0 540.0
250.0 540.0
278.0 534.0


60

12
481.0 542.0
481.0 525.0
481.0 525.0
472.0 512.0
472.0 512.0
463.0 523.0
463.0 523.0
442.0 661.0
442.0 661.0
467.0 651.0
467.0 651.0
481.0 542.0


61

8
577.0 543.0
627.0 563.0
627.0 563.0
588.0 512.0
588.0 512.0
584.0 514.0
584.0 514.0
577.0 543.0


62

8
722.0 543.0
722.0 528.0
722.0 528.0
718.0 524.0
718.0 524.0
698.0 558.0
698.0 558.0
722.0 543.0


63

10
67.0 544.0
147.0 552.0
147.0 552.0
145.0 541.0
145.0 541.0
75.0 509.0
75.0 509.0
70.0 513.0
70.0 513.0
67.0 544.0


64

30
649.0 548.0
673.0 579.0
673.0 579.0
677.0 593.0
677.0 593.0
670.0 603.0
670.0 603.0
642.0 600.0
642.0 600.0
641.0 605.0
641.0 605.0
657.0 629.0
657.0 629.0
668.0 630.0
668.0 630.0
677.0 625.0
677.0 625.0
687.0 607.0
687.0 607.0
691.0 588.0
691.0 588.0
689.0 563.0
689.0 563.0
683.0 545.0
683.0 545.0
669.0 532.0
669.0 532.0
657.0 533.0
657.0 533.0
649.0 548.0


65

10
239.0 562.0
275.0 587.0
275.0 587.0
281.0 586.0
281.0 586.0
279.0 544.0
279.0 544.0
242.0 550.0
242.0 550.0
239.0 562.0


66

10
726.0 568.0
726.0 556.0
726.0 556.0
721.0 555.0
721.0 555.0
699.0 573.0
699.0 573.0
717.0 573.0
717.0 573.0
726.0 568.0


67

10
148.0 571.0
149.0 565.0
149.0 565.0
142.0 562.0
142.0 562.0
67.0 557.0
67.0 557.0
70.0 590.0
70.0 590.0
148.0 571.0


68

10
233.0 587.0
270.0 639.0
270.0 639.0
279.0 600.0
279.0 600.0
241.0 574.0
241.0 574.0
235.0 575.0
235.0 575.0
233.0 587.0


69

14
154.0 590.0
155.0 583.0
155.0 583.0
149.0 581.0
149.0 581.0
73.0 599.0
73.0 599.0
70.0 608.0
70.0 608.0
77.0 637.0
77.0 637.0
93.0 631.0
93.0 631.0
154.0 590.0


70

8
699.0 593.0
727.0 613.0
727.0 613.0
725.0 580.0
725.0 580.0
705.0 583.0
705.0 583.0
699.0 593.0


71

8
630.0 600.0
629.0 595.0
629.0 595.0
573.0 581.0
573.0 581.0
576.0 617.0
576.0 617.0
630.0 600.0


72

10
162.0 604.0
163.0 599.0
163.0 599.0
157.0 599.0
157.0 599.0
82.0 648.0
82.0 648.0
100.0 690.0
100.0 690.0
162.0 604.0


73

14
220.0 608.0
239.0 698.0
239.0 698.0
243.0 699.0
243.0 699.0
263.0 663.0
263.0 663.0
265.0 651.0
265.0 651.0
229.0 597.0
229.0 597.0
221.0 601.0
221.0 601.0
220.0 608.0


74

10
695.0 615.0
720.0 655.0
720.0 655.0
725.0 626.0
725.0 626.0
700.0 606.0
700.0 606.0
696.0 607.0
696.0 607.0
695.0 615.0


75

12
634.0 616.0
634.0 612.0
634.0 612.0
628.0 612.0
628.0 612.0
578.0 626.0
578.0 626.0
580.0 654.0
580.0 654.0
589.0 653.0
589.0 653.0
634.0 616.0


76

12
172.0 617.0
171.0 609.0
171.0 609.0
108.0 699.0
108.0 699.0
117.0 715.0
117.0 715.0
138.0 733.0
138.0 733.0
143.0 727.0
143.0 727.0
172.0 617.0


77

12
639.0 631.0
639.0 627.0
639.0 627.0
633.0 630.0
633.0 630.0
584.0 668.0
584.0 668.0
596.0 699.0
596.0 699.0
601.0 697.0
601.0 697.0
639.0 631.0


78

10
685.0 634.0
697.0 699.0
697.0 699.0
702.0 706.0
702.0 706.0
715.0 669.0
715.0 669.0
690.0 626.0
690.0 626.0
685.0 634.0


79

14
192.0 636.0
193.0 616.0
193.0 616.0
183.0 615.0
183.0 615.0
149.0 735.0
149.0 735.0
157.0 743.0
157.0 743.0
185.0 745.0
185.0 745.0
188.0 741.0
188.0 741.0
192.0 636.0


80

14
494.0 641.0
512.0 643.0
512.0 643.0
527.0 653.0
527.0 653.0
523.0 619.0
523.0 619.0
498.0 631.0
498.0 631.0
480.0 632.0
480.0 632.0
477.0 646.0
477.0 646.0
494.0 641.0


81

10
647.0 642.0
646.0 639.0
646.0 639.0
603.0 709.0
603.0 709.0
622.0 736.0
622.0 736.0
627.0 732.0
627.0 732.0
647.0 642.0


82

16
499.0 657.0
523.0 685.0
523.0 685.0
536.0 696.0
536.0 696.0
541.0 695.0
541.0 695.0
543.0 685.0
543.0 685.0
532.0 671.0
532.0 671.0
507.0 651.0
507.0 651.0
500.0 652.0
500.0 652.0
499.0 657.0


83

14
662.0 664.0
663.0 642.0
663.0 642.0
658.0 640.0
658.0 640.0
634.0 738.0
634.0 738.0
634.0 743.0
634.0 743.0
641.0 747.0
641.0 747.0
659.0 746.0
659.0 746.0
662.0 664.0


84

14
437.0 687.0
471.0 717.0
471.0 717.0
509.0 713.0
509.0 713.0
529.0 704.0
529.0 704.0
495.0 669.0
495.0 669.0
490.0 655.0
490.0 655.0
445.0 671.0
445.0 671.0
437.0 687.0


85

14
232.0 713.0
213.0 615.0
213.0 615.0
206.0 612.0
206.0 612.0
201.0 628.0
201.0 628.0
197.0 737.0
197.0 737.0
201.0 739.0
201.0 739.0
211.0 733.0
211.0 733.0
232.0 713.0


86

10
690.0 723.0
689.0 699.0
689.0 699.0
675.0 638.0
675.0 638.0
671.0 652.0
671.0 652.0
669.0 740.0
669.0 740.0
690.0 723.0


