1

156
321.0 0.0
350.0 5.0
350.0 5.0
360.0 19.0
360.0 19.0
360.0 35.0
360.0 35.0
301.0 78.0
301.0 78.0
289.0 103.0
289.0 103.0
269.0 108.0
269.0 108.0
258.0 165.0
258.0 165.0
227.0 218.0
227.0 218.0
265.0 237.0
265.0 237.0
301.0 237.0
301.0 237.0
459.0 336.0
459.0 336.0
453.0 290.0
453.0 290.0
429.0 281.0
429.0 281.0
384.0 224.0
384.0 224.0
385.0 189.0
385.0 189.0
397.0 178.0
397.0 178.0
420.0 175.0
420.0 175.0
475.0 193.0
475.0 193.0
549.0 204.0
549.0 204.0
574.0 227.0
574.0 227.0
577.0 266.0
577.0 266.0
555.0 286.0
555.0 286.0
504.0 298.0
504.0 298.0
518.0 311.0
518.0 311.0
561.0 319.0
561.0 319.0
582.0 339.0
582.0 339.0
579.0 371.0
579.0 371.0
535.0 391.0
535.0 391.0
563.0 433.0
563.0 433.0
615.0 394.0
615.0 394.0
666.0 389.0
666.0 389.0
710.0 410.0
710.0 410.0
752.0 473.0
752.0 473.0
773.0 549.0
773.0 549.0
771.0 648.0
771.0 648.0
739.0 737.0
739.0 737.0
687.0 788.0
687.0 788.0
642.0 797.0
642.0 797.0
609.0 787.0
609.0 787.0
577.0 762.0
577.0 762.0
543.0 707.0
543.0 707.0
506.0 723.0
506.0 723.0
471.0 727.0
471.0 727.0
431.0 695.0
431.0 695.0
439.0 609.0
439.0 609.0
418.0 575.0
418.0 575.0
401.0 495.0
401.0 495.0
303.0 393.0
303.0 393.0
335.0 480.0
335.0 480.0
343.0 582.0
343.0 582.0
324.0 673.0
324.0 673.0
274.0 755.0
274.0 755.0
215.0 794.0
215.0 794.0
150.0 800.0
150.0 800.0
105.0 783.0
105.0 783.0
79.0 764.0
79.0 764.0
29.0 694.0
29.0 694.0
13.0 652.0
13.0 652.0
1.0 584.0
1.0 584.0
3.0 513.0
3.0 513.0
17.0 454.0
17.0 454.0
63.0 372.0
63.0 372.0
125.0 327.0
125.0 327.0
163.0 272.0
163.0 272.0
105.0 255.0
105.0 255.0
82.0 224.0
82.0 224.0
69.0 223.0
69.0 223.0
20.0 255.0
20.0 255.0
0.0 244.0
0.0 244.0
0.0 228.0
0.0 228.0
50.0 190.0
50.0 190.0
53.0 175.0
53.0 175.0
83.0 143.0
83.0 143.0
195.0 69.0
195.0 69.0
224.0 59.0
224.0 59.0
239.0 29.0
239.0 29.0
273.0 31.0
273.0 31.0
321.0 0.0


2

10
325.0 22.0
336.0 38.0
336.0 38.0
352.0 30.0
352.0 30.0
339.0 9.0
339.0 9.0
326.0 10.0
326.0 10.0
325.0 22.0


3

10
307.0 33.0
317.0 49.0
317.0 49.0
329.0 48.0
329.0 48.0
315.0 17.0
315.0 17.0
307.0 21.0
307.0 21.0
307.0 33.0


4

8
287.0 45.0
312.0 60.0
312.0 60.0
297.0 28.0
297.0 28.0
287.0 33.0
287.0 33.0
287.0 45.0


5

8
273.0 53.0
283.0 67.0
283.0 67.0
297.0 71.0
297.0 71.0
278.0 43.0
278.0 43.0
273.0 53.0


6

16
235.0 65.0
257.0 95.0
257.0 95.0
274.0 98.0
274.0 98.0
287.0 91.0
287.0 91.0
287.0 80.0
287.0 80.0
266.0 61.0
266.0 61.0
263.0 38.0
263.0 38.0
241.0 39.0
241.0 39.0
235.0 65.0


7

8
221.0 85.0
231.0 99.0
231.0 99.0
242.0 100.0
242.0 100.0
226.0 69.0
226.0 69.0
221.0 85.0


8

14
233.0 114.0
215.0 95.0
215.0 95.0
207.0 73.0
207.0 73.0
85.0 153.0
85.0 153.0
80.0 175.0
80.0 175.0
93.0 193.0
93.0 193.0
107.0 197.0
107.0 197.0
233.0 114.0


9

16
259.0 114.0
255.0 103.0
255.0 103.0
243.0 111.0
243.0 111.0
234.0 157.0
234.0 157.0
199.0 201.0
199.0 201.0
201.0 214.0
201.0 214.0
213.0 218.0
213.0 218.0
239.0 183.0
239.0 183.0
259.0 114.0


10

18
229.0 138.0
230.0 131.0
230.0 131.0
223.0 133.0
223.0 133.0
118.0 201.0
118.0 201.0
117.0 217.0
117.0 217.0
129.0 223.0
129.0 223.0
181.0 189.0
181.0 189.0
199.0 189.0
199.0 189.0
223.0 159.0
223.0 159.0
229.0 138.0


11

8
59.0 191.0
77.0 215.0
77.0 215.0
89.0 209.0
89.0 209.0
70.0 174.0
70.0 174.0
59.0 191.0


12

22
428.0 201.0
479.0 215.0
479.0 215.0
547.0 269.0
547.0 269.0
563.0 269.0
563.0 269.0
569.0 261.0
569.0 261.0
561.0 223.0
561.0 223.0
539.0 211.0
539.0 211.0
468.0 201.0
468.0 201.0
427.0 185.0
427.0 185.0
397.0 189.0
397.0 189.0
391.0 209.0
391.0 209.0
428.0 201.0


13

6
48.0 210.0
62.0 217.0
62.0 217.0
54.0 202.0
54.0 202.0
48.0 210.0


14

10
180.0 219.0
187.0 229.0
187.0 229.0
205.0 233.0
205.0 233.0
190.0 218.0
190.0 218.0
187.0 197.0
187.0 197.0
180.0 219.0


15

8
34.0 220.0
38.0 229.0
38.0 229.0
46.0 227.0
46.0 227.0
40.0 213.0
40.0 213.0
34.0 220.0


16

16
395.0 222.0
443.0 279.0
443.0 279.0
451.0 279.0
451.0 279.0
453.0 269.0
453.0 269.0
441.0 249.0
441.0 249.0
481.0 230.0
481.0 230.0
445.0 211.0
445.0 211.0
421.0 211.0
421.0 211.0
395.0 222.0


17

10
92.0 223.0
107.0 245.0
107.0 245.0
125.0 249.0
125.0 249.0
123.0 232.0
123.0 232.0
104.0 207.0
104.0 207.0
92.0 223.0


18

6
20.0 234.0
30.0 238.0
30.0 238.0
24.0 222.0
24.0 222.0
20.0 234.0


19

8
221.0 234.0
216.0 227.0
216.0 227.0
208.0 251.0
208.0 251.0
217.0 249.0
217.0 249.0
221.0 234.0


20

6
9.0 240.0
14.0 243.0
14.0 243.0
11.0 235.0
11.0 235.0
9.0 240.0


21

12
190.0 242.0
174.0 228.0
174.0 228.0
170.0 209.0
170.0 209.0
133.0 232.0
133.0 232.0
133.0 245.0
133.0 245.0
147.0 261.0
147.0 261.0
190.0 242.0


22

20
279.0 249.0
280.0 269.0
280.0 269.0
264.0 283.0
264.0 283.0
271.0 295.0
271.0 295.0
428.0 380.0
428.0 380.0
449.0 369.0
449.0 369.0
453.0 349.0
453.0 349.0
447.0 339.0
447.0 339.0
303.0 249.0
303.0 249.0
289.0 243.0
289.0 243.0
279.0 249.0


23

8
481.0 252.0
495.0 249.0
495.0 249.0
473.0 241.0
473.0 241.0
453.0 256.0
453.0 256.0
481.0 252.0


24

64
232.0 262.0
265.0 272.0
265.0 272.0
271.0 251.0
271.0 251.0
232.0 233.0
232.0 233.0
225.0 253.0
225.0 253.0
207.0 262.0
207.0 262.0
208.0 276.0
208.0 276.0
243.0 294.0
243.0 294.0
253.0 329.0
253.0 329.0
408.0 488.0
408.0 488.0
421.0 557.0
421.0 557.0
440.0 595.0
440.0 595.0
445.0 579.0
445.0 579.0
428.0 528.0
428.0 528.0
434.0 483.0
434.0 483.0
463.0 459.0
463.0 459.0
481.0 462.0
481.0 462.0
499.0 477.0
499.0 477.0
517.0 512.0
517.0 512.0
521.0 550.0
521.0 550.0
511.0 585.0
511.0 585.0
483.0 604.0
483.0 604.0
480.0 621.0
480.0 621.0
511.0 615.0
511.0 615.0
527.0 593.0
527.0 593.0
533.0 530.0
533.0 530.0
525.0 493.0
525.0 493.0
505.0 455.0
505.0 455.0
485.0 437.0
485.0 437.0
457.0 431.0
457.0 431.0
416.0 458.0
416.0 458.0
233.0 272.0
233.0 272.0
232.0 262.0


25

8
502.0 266.0
506.0 283.0
506.0 283.0
543.0 279.0
543.0 279.0
508.0 248.0
508.0 248.0
502.0 266.0


26

8
198.0 276.0
196.0 252.0
196.0 252.0
172.0 267.0
172.0 267.0
173.0 278.0
173.0 278.0
198.0 276.0


27

10
475.0 282.0
478.0 297.0
478.0 297.0
495.0 296.0
495.0 296.0
489.0 261.0
489.0 261.0
478.0 265.0
478.0 265.0
475.0 282.0


28

6
462.0 286.0
466.0 299.0
466.0 299.0
467.0 267.0
467.0 267.0
462.0 286.0


29

32
188.0 302.0
211.0 304.0
211.0 304.0
221.0 313.0
221.0 313.0
234.0 378.0
234.0 378.0
226.0 453.0
226.0 453.0
186.0 533.0
186.0 533.0
195.0 551.0
195.0 551.0
225.0 515.0
225.0 515.0
239.0 477.0
239.0 477.0
247.0 350.0
247.0 350.0
241.0 307.0
241.0 307.0
219.0 289.0
219.0 289.0
167.0 289.0
167.0 289.0
147.0 303.0
147.0 303.0
139.0 321.0
139.0 321.0
159.0 319.0
159.0 319.0
188.0 302.0


30

6
178.0 317.0
215.0 325.0
215.0 325.0
205.0 312.0
205.0 312.0
178.0 317.0


31

10
480.0 317.0
510.0 321.0
510.0 321.0
494.0 306.0
494.0 306.0
462.0 314.0
462.0 314.0
464.0 320.0
464.0 320.0
480.0 317.0


32

10
295.0 321.0
417.0 445.0
417.0 445.0
460.0 422.0
460.0 422.0
459.0 388.0
459.0 388.0
424.0 388.0
424.0 388.0
295.0 321.0


33

18
520.0 325.0
543.0 331.0
543.0 331.0
558.0 347.0
558.0 347.0
558.0 363.0
558.0 363.0
544.0 379.0
544.0 379.0
572.0 365.0
572.0 365.0
575.0 347.0
575.0 347.0
563.0 331.0
563.0 331.0
537.0 321.0
537.0 321.0
520.0 325.0


34

10
521.0 346.0
525.0 372.0
525.0 372.0
549.0 361.0
549.0 361.0
541.0 341.0
541.0 341.0
521.0 336.0
521.0 336.0
521.0 346.0


35

22
469.0 352.0
493.0 365.0
493.0 365.0
503.0 381.0
503.0 381.0
495.0 398.0
495.0 398.0
470.0 395.0
470.0 395.0
469.0 421.0
469.0 421.0
498.0 435.0
498.0 435.0
523.0 465.0
523.0 465.0
512.0 341.0
512.0 341.0
499.0 329.0
499.0 329.0
475.0 327.0
475.0 327.0
469.0 352.0


36

68
162.0 365.0
186.0 365.0
186.0 365.0
225.0 382.0
225.0 382.0
219.0 338.0
219.0 338.0
160.0 327.0
160.0 327.0
111.0 343.0
111.0 343.0
61.0 389.0
61.0 389.0
19.0 479.0
19.0 479.0
10.0 572.0
10.0 572.0
29.0 671.0
29.0 671.0
65.0 735.0
65.0 735.0
125.0 783.0
125.0 783.0
180.0 792.0
180.0 792.0
243.0 769.0
243.0 769.0
299.0 705.0
299.0 705.0
328.0 626.0
328.0 626.0
333.0 526.0
333.0 526.0
309.0 431.0
309.0 431.0
277.0 379.0
277.0 379.0
257.0 362.0
257.0 362.0
257.0 421.0
257.0 421.0
279.0 468.0
279.0 468.0
291.0 540.0
291.0 540.0
289.0 598.0
289.0 598.0
272.0 665.0
272.0 665.0
241.0 718.0
241.0 718.0
199.0 750.0
199.0 750.0
158.0 753.0
158.0 753.0
120.0 731.0
120.0 731.0
91.0 695.0
91.0 695.0
66.0 634.0
66.0 634.0
59.0 524.0
59.0 524.0
89.0 427.0
89.0 427.0
120.0 388.0
120.0 388.0
162.0 365.0


37

8
457.0 376.0
483.0 390.0
483.0 390.0
494.0 385.0
494.0 385.0
464.0 360.0
464.0 360.0
457.0 376.0


38

8
164.0 388.0
180.0 481.0
180.0 481.0
173.0 374.0
173.0 374.0
164.0 376.0
164.0 376.0
164.0 388.0


39

8
185.0 392.0
196.0 477.0
196.0 477.0
217.0 391.0
217.0 391.0
186.0 376.0
186.0 376.0
185.0 392.0


40

12
135.0 398.0
147.0 467.0
147.0 467.0
161.0 497.0
161.0 497.0
169.0 483.0
169.0 483.0
155.0 381.0
155.0 381.0
139.0 385.0
139.0 385.0
135.0 398.0


41

16
527.0 408.0
529.0 423.0
529.0 423.0
648.0 579.0
648.0 579.0
547.0 543.0
547.0 543.0
542.0 557.0
542.0 557.0
666.0 594.0
666.0 594.0
659.0 575.0
659.0 575.0
530.0 402.0
530.0 402.0
527.0 408.0


42

6
115.0 411.0
129.0 431.0
129.0 431.0
126.0 398.0
126.0 398.0
115.0 411.0


43

2
221.0 422.0
221.0 422.0


44

66
642.0 427.0
675.0 432.0
675.0 432.0
697.0 450.0
697.0 450.0
718.0 485.0
718.0 485.0
731.0 527.0
731.0 527.0
735.0 630.0
735.0 630.0
722.0 685.0
722.0 685.0
703.0 723.0
703.0 723.0
667.0 754.0
667.0 754.0
627.0 751.0
627.0 751.0
597.0 721.0
597.0 721.0
580.0 687.0
580.0 687.0
562.0 575.0
562.0 575.0
541.0 571.0
541.0 571.0
532.0 614.0
532.0 614.0
540.0 666.0
540.0 666.0
571.0 739.0
571.0 739.0
607.0 775.0
607.0 775.0
635.0 787.0
635.0 787.0
660.0 787.0
660.0 787.0
699.0 769.0
699.0 769.0
733.0 729.0
733.0 729.0
759.0 661.0
759.0 661.0
766.0 580.0
766.0 580.0
759.0 523.0
759.0 523.0
743.0 475.0
743.0 475.0
699.0 413.0
699.0 413.0
661.0 397.0
661.0 397.0
627.0 399.0
627.0 399.0
596.0 417.0
596.0 417.0
574.0 447.0
574.0 447.0
593.0 469.0
593.0 469.0
618.0 439.0
618.0 439.0
642.0 427.0


45

6
220.0 432.0
221.0 427.0
221.0 427.0
211.0 463.0
211.0 463.0
220.0 432.0


46

8
659.0 444.0
667.0 515.0
667.0 515.0
681.0 448.0
681.0 448.0
663.0 437.0
663.0 437.0
659.0 444.0


47

8
531.0 450.0
538.0 491.0
538.0 491.0
549.0 463.0
549.0 463.0
533.0 443.0
533.0 443.0
531.0 450.0


48

8
90.0 452.0
153.0 512.0
153.0 512.0
139.0 469.0
139.0 469.0
109.0 419.0
109.0 419.0
90.0 452.0


49

6
265.0 463.0
255.0 441.0
255.0 441.0
246.0 486.0
246.0 486.0
265.0 463.0


50

2
210.0 465.0
210.0 465.0


51

10
609.0 467.0
648.0 530.0
648.0 530.0
655.0 524.0
655.0 524.0
650.0 438.0
650.0 438.0
625.0 445.0
625.0 445.0
609.0 467.0


52

6
599.0 480.0
614.0 498.0
614.0 498.0
605.0 477.0
605.0 477.0
599.0 480.0


53

24
200.0 493.0
196.0 487.0
196.0 487.0
177.0 493.0
177.0 493.0
157.0 529.0
157.0 529.0
161.0 577.0
161.0 577.0
188.0 606.0
188.0 606.0
217.0 593.0
217.0 593.0
231.0 552.0
231.0 552.0
227.0 529.0
227.0 529.0
197.0 561.0
197.0 561.0
184.0 563.0
184.0 563.0
177.0 530.0
177.0 530.0
200.0 493.0


54

6
74.0 498.0
149.0 529.0
149.0 529.0
87.0 462.0
87.0 462.0
74.0 498.0


55

6
275.0 502.0
268.0 476.0
268.0 476.0
237.0 522.0
237.0 522.0
275.0 502.0


56

26
468.0 503.0
485.0 509.0
485.0 509.0
491.0 528.0
491.0 528.0
489.0 593.0
489.0 593.0
505.0 577.0
505.0 577.0
511.0 530.0
511.0 530.0
487.0 477.0
487.0 477.0
459.0 469.0
459.0 469.0
447.0 479.0
447.0 479.0
437.0 508.0
437.0 508.0
439.0 541.0
439.0 541.0
448.0 560.0
448.0 560.0
456.0 517.0
456.0 517.0
468.0 503.0


57

8
577.0 505.0
556.0 474.0
556.0 474.0
541.0 530.0
541.0 530.0
568.0 540.0
568.0 540.0
577.0 505.0


58

10
715.0 511.0
709.0 487.0
709.0 487.0
689.0 459.0
689.0 459.0
675.0 525.0
675.0 525.0
695.0 543.0
695.0 543.0
715.0 511.0


59

6
278.0 534.0
274.0 513.0
274.0 513.0
239.0 538.0
239.0 538.0
278.0 534.0


60

10
481.0 542.0
472.0 512.0
472.0 512.0
463.0 523.0
463.0 523.0
442.0 661.0
442.0 661.0
467.0 651.0
467.0 651.0
481.0 542.0


61

6
577.0 543.0
627.0 563.0
627.0 563.0
588.0 512.0
588.0 512.0
577.0 543.0


62

6
722.0 543.0
718.0 524.0
718.0 524.0
698.0 558.0
698.0 558.0
722.0 543.0


63

8
67.0 544.0
147.0 552.0
147.0 552.0
145.0 541.0
145.0 541.0
75.0 509.0
75.0 509.0
67.0 544.0


64

20
649.0 548.0
677.0 593.0
677.0 593.0
670.0 603.0
670.0 603.0
641.0 605.0
641.0 605.0
657.0 629.0
657.0 629.0
668.0 630.0
668.0 630.0
687.0 607.0
687.0 607.0
689.0 563.0
689.0 563.0
669.0 532.0
669.0 532.0
657.0 533.0
657.0 533.0
649.0 548.0


65

8
239.0 562.0
281.0 586.0
281.0 586.0
279.0 544.0
279.0 544.0
242.0 550.0
242.0 550.0
239.0 562.0


66

6
726.0 568.0
721.0 555.0
721.0 555.0
699.0 573.0
699.0 573.0
726.0 568.0


67

8
148.0 571.0
142.0 562.0
142.0 562.0
67.0 557.0
67.0 557.0
70.0 590.0
70.0 590.0
148.0 571.0


68

8
233.0 587.0
270.0 639.0
270.0 639.0
279.0 600.0
279.0 600.0
241.0 574.0
241.0 574.0
233.0 587.0


69

8
154.0 590.0
149.0 581.0
149.0 581.0
73.0 599.0
73.0 599.0
77.0 637.0
77.0 637.0
154.0 590.0


70

8
699.0 593.0
727.0 613.0
727.0 613.0
725.0 580.0
725.0 580.0
705.0 583.0
705.0 583.0
699.0 593.0


71

6
630.0 600.0
573.0 581.0
573.0 581.0
576.0 617.0
576.0 617.0
630.0 600.0


72

8
162.0 604.0
157.0 599.0
157.0 599.0
82.0 648.0
82.0 648.0
100.0 690.0
100.0 690.0
162.0 604.0


73

8
220.0 608.0
243.0 699.0
243.0 699.0
265.0 651.0
265.0 651.0
229.0 597.0
229.0 597.0
220.0 608.0


74

8
695.0 615.0
720.0 655.0
720.0 655.0
725.0 626.0
725.0 626.0
700.0 606.0
700.0 606.0
695.0 615.0


75

6
634.0 616.0
578.0 626.0
578.0 626.0
580.0 654.0
580.0 654.0
634.0 616.0


76

8
172.0 617.0
171.0 609.0
171.0 609.0
108.0 699.0
108.0 699.0
138.0 733.0
138.0 733.0
172.0 617.0


77

6
639.0 631.0
584.0 668.0
584.0 668.0
596.0 699.0
596.0 699.0
639.0 631.0


78

8
685.0 634.0
702.0 706.0
702.0 706.0
715.0 669.0
715.0 669.0
690.0 626.0
690.0 626.0
685.0 634.0


79

12
192.0 636.0
193.0 616.0
193.0 616.0
183.0 615.0
183.0 615.0
149.0 735.0
149.0 735.0
157.0 743.0
157.0 743.0
188.0 741.0
188.0 741.0
192.0 636.0


80

10
494.0 641.0
527.0 653.0
527.0 653.0
523.0 619.0
523.0 619.0
480.0 632.0
480.0 632.0
477.0 646.0
477.0 646.0
494.0 641.0


81

6
647.0 642.0
603.0 709.0
603.0 709.0
622.0 736.0
622.0 736.0
647.0 642.0


82

10
499.0 657.0
541.0 695.0
541.0 695.0
543.0 685.0
543.0 685.0
532.0 671.0
532.0 671.0
507.0 651.0
507.0 651.0
499.0 657.0


83

10
662.0 664.0
658.0 640.0
658.0 640.0
634.0 738.0
634.0 738.0
641.0 747.0
641.0 747.0
659.0 746.0
659.0 746.0
662.0 664.0


84

10
437.0 687.0
471.0 717.0
471.0 717.0
529.0 704.0
529.0 704.0
490.0 655.0
490.0 655.0
445.0 671.0
445.0 671.0
437.0 687.0


85

8
232.0 713.0
213.0 615.0
213.0 615.0
206.0 612.0
206.0 612.0
197.0 737.0
197.0 737.0
232.0 713.0


86

6
690.0 723.0
675.0 638.0
675.0 638.0
669.0 740.0
669.0 740.0
690.0 723.0


